Fuel Mass: 141.62413486563992/150.0
0.6,0.6,-0.40804762,0.9415428042411804
0.6,0.6,0.6,1.039230465888977
0.6,0.6,0.6,1.039230465888977
0.6,0.6,0.5875536,1.0320945978164673
0.5896826,0.6,0.6,1.0333080291748047
0.6,0.532264,0.6,1.0016511678695679
0.6,0.6,0.531644,1.001321792602539
0.6,0.6,0.28652543,0.8955985903739929
0.6,0.5345857,-0.05665332,0.805600106716156
0.6,0.5815034,-0.06590009,0.8381461501121521
0.59939647,0.4351765,-0.17365393,0.7607958912849426
0.6,0.6,-0.35732496,0.9206960201263428
0.6,0.5119171,-0.34408876,0.8604976534843445
0.5636939,0.56060433,-0.5464585,0.964699387550354
-0.40269923,0.54792356,-0.4923771,0.8395368456840515
-0.50672203,0.5943458,-0.49026045,0.9221547842025757
-0.6,0.5327319,-0.6,1.0018998384475708
-0.5237383,0.5417141,-0.6,0.9632008671760559
-0.59419745,0.5344931,-0.6,0.9993765354156494
-0.4770284,0.5918168,-0.46851406,0.8929213881492615
-0.6,0.5180795,-0.6,0.994186282157898
-0.5948485,0.5174469,-0.6,0.9907553195953369
-0.6,0.6,-0.6,1.039230465888977
-0.6,0.43758488,-0.57603645,0.9398396015167236
-0.58662015,0.5410578,-0.6,0.9984321594238281
-0.58055127,0.46245432,-0.6,0.9544128179550171
0.59943914,0.55370176,0.5604323,0.9899480938911438
0.5225297,0.574448,0.6,0.9813398122787476
0.5472032,0.6,0.6,1.0096689462661743
0.56939805,0.6,0.6,1.0218679904937744
0.5792774,0.6,0.6,1.0274056196212769
0.566257,0.5841416,0.54830265,0.9810729622840881
0.5424701,0.5596205,0.48186457,0.9163200259208679
0.55776656,0.46422875,0.13936698,0.7389417886734009
0.54722226,0.4800657,-0.10431892,0.7353894710540771
0.6,0.6,-0.21012542,0.8741582632064819
0.4348384,0.58017683,-0.27624542,0.7758873105049133
0.6,0.55654895,-0.3185219,0.8781815767288208
0.6,0.54255986,-0.35906008,0.885039746761322
0.57580376,0.6,-0.46056038,0.9506133794784546
-0.39685416,0.5871012,-0.5958375,0.9258527755737305
-0.4334776,0.5541512,-0.49450678,0.8599554300308228
-0.5080062,0.5155922,-0.5917325,0.9349080324172974
-0.6,0.59129107,-0.6,1.0342267751693726
-0.5807958,0.51004314,-0.562101,0.9557328820228577
-0.5447498,0.6,-0.6,1.0083414316177368
-0.6,0.6,-0.54034543,1.0059688091278076
-0.6,0.6,-0.5873497,1.0319784879684448
-0.6,0.544824,-0.6,1.0083814859390259
-0.5616547,0.6,-0.55686414,0.9927505254745483
-0.6,0.6,-0.6,1.039230465888977
-0.3780334,0.57088256,-0.6,0.9103934168815613
0.6,0.56695044,0.31071454,0.88202965259552
0.6,0.57338893,0.58290267,1.0141746997833252
0.57351816,0.6,0.6,1.0241694450378418
0.6,0.6,0.6,1.039230465888977
0.6,0.5353894,0.5029113,0.9484522342681885
0.6,0.59968245,0.5775026,1.026220440864563
0.6,0.57182765,0.4092902,0.9243945479393005
0.6,0.5733801,0.15016961,0.8433953523635864
0.6,0.56619287,-0.108489364,0.8320723176002502
0.6,0.5494008,-0.19965795,0.837678074836731
0.48228133,0.6,-0.26313883,0.8135338425636292
0.6,0.6,-0.22986424,0.8791118264198303
0.5743339,0.6,-0.3727662,0.9103922843933105
0.5283073,0.59868443,-0.48496586,0.9341967701911926
-0.43319982,0.5262923,-0.5373513,0.8679816126823425
-0.5740566,0.5127822,-0.6,0.9759542346000671
-0.4797695,0.5261328,-0.5538757,0.9020935893058777
-0.580355,0.6,-0.56221235,1.0064266920089722
-0.5384195,0.6,-0.6,1.004935622215271
-0.6,0.47406936,-0.6,0.9719783067703247
-0.6,0.5435003,-0.6,1.007666826248169
-0.5181093,0.4608922,-0.56226015,0.8927459716796875
-0.6,0.6,-0.5820146,1.0289514064788818
-0.6,0.6,-0.54152626,1.0066035985946655
-0.58486336,0.5634203,-0.6,1.009706735610962
-0.53052837,0.5673615,-0.51611316,0.932594358921051
0.6,0.5791125,0.14208412,0.8459073305130005
0.6,0.54601634,0.55720687,0.9841815829277039
0.6,0.6,0.6,1.039230465888977
0.5546695,0.48294294,0.6,0.9491533637046814
0.6,0.5176649,0.5529579,0.9663019180297852
0.5744177,0.5348469,0.53584707,0.950341522693634
0.56315136,0.5383835,0.5378828,0.9467386603355408
0.6,0.4894266,0.31243962,0.8349592685699463
0.6,0.5233642,-0.046755314,0.7975563406944275
0.6,0.6,-0.023267567,0.8488470911979675
0.6,0.46291327,-0.24260187,0.7957037091255188
0.5449463,0.5412741,-0.21655944,0.7980238795280457
0.6,0.4535427,-0.43856287,0.8706539869308472
0.583212,0.49244308,-0.32240266,0.8286011815071106
-0.31264853,0.50049603,-0.52652425,0.7908685803413391
-0.5240077,0.46570837,-0.54916155,0.8905317187309265
-0.58420557,0.56478107,-0.5949281,1.0070815086364746
-0.44891703,0.37551457,-0.6,0.8381752371788025
-0.6,0.41351473,-0.6,0.9439250230789185
-0.5427153,0.516544,-0.57354045,0.9435604214668274
-0.46320856,0.4643041,-0.6,0.8888984322547913
-0.5819687,0.5216726,-0.6,0.9853070378303528
-0.6,0.6,-0.5926693,1.035015344619751
-0.6,0.5467446,-0.5308285,0.9699012637138367
-0.6,0.48734534,-0.6,0.9785221219062805
-0.5618453,0.52841306,-0.43997857,0.8879592418670654
0.6,0.5532831,-0.16450897,0.8325775861740112
0.6,0.49703658,0.6,0.9833846688270569
0.6,0.6,0.6,1.039230465888977
0.5545018,0.6,0.6,1.0136430263519287
0.6,0.6,0.59158015,1.0343921184539795
0.5528631,0.5700096,0.6,0.9952731132507324
0.6,0.6,0.4924997,0.9810993671417236
0.6,0.47213423,0.26921213,0.8095591068267822
0.6,0.45887554,-0.06713438,0.7583361864089966
0.59435046,0.54519653,-0.08199364,0.810687780380249
0.5886053,0.42438138,-0.08738041,0.730883777141571
0.56723213,0.47087574,-0.2796676,0.78847336769104
0.4329151,0.5404806,-0.2264108,0.7285579442977905
0.58816004,0.50253344,-0.21323341,0.8024590611457825
0.6,0.53960454,-0.3937685,0.8979012966156006
-0.49086547,0.567873,-0.5122278,0.9087386727333069
-0.3931659,0.5317606,-0.5314268,0.8483885526657104
-0.5532394,0.551767,-0.57663864,0.9710987210273743
-0.49341708,0.4365921,-0.56283027,0.8665165901184082
-0.6,0.45377946,-0.59657836,0.960115373134613
-0.5456903,0.41947126,-0.5124334,0.8580920696258545
-0.5275091,0.57423353,-0.5859161,0.975350022315979
-0.6,0.49685323,-0.5682143,0.9642254114151001
-0.4505391,0.5383996,-0.6,0.9235039949417114
-0.5592578,0.6,-0.6,1.0162526369094849
-0.6,0.39240575,-0.5007893,0.8745125532150269
-0.45045045,0.47547078,-0.50624645,0.8278064727783203
0.6,0.56670094,0.52153635,0.9762941002845764
0.48009574,0.6,0.5588287,0.9501481652259827
0.6,0.5886513,0.6,1.0327199697494507
0.52222836,0.6,0.5996593,0.996149480342865
0.6,0.6,0.6,1.039230465888977
0.6,0.56527126,0.6,1.0195741653442383
0.6,0.4799646,0.43303525,0.8819782137870789
0.5494493,0.4717542,0.16640013,0.7430582642555237
0.6,0.57225287,0.033340216,0.8298102021217346
0.6,0.43709242,-0.12190795,0.7522708177566528
0.58586097,0.34544247,-0.13596067,0.6935768723487854
0.52016616,0.44301772,-0.31606126,0.7528162598609924
0.6,0.419744,-0.25493282,0.7753552794456482
0.6,0.4274088,-0.2860945,0.7902710437774658
-0.3666426,0.51377404,-0.43891034,0.768786609172821
-0.4599452,0.5186864,-0.57306415,0.899437427520752
-0.37086785,0.48053956,-0.49989545,0.7863566279411316
-0.5129436,0.53114533,-0.59474105,0.9481262564659119
-0.54445165,0.4065956,-0.5423821,0.8694400191307068
-0.5576439,0.53532505,-0.6,0.9785395264625549
-0.5556247,0.56873286,-0.5509275,0.9673143625259399
-0.56383514,0.44971287,-0.4666829,0.8590371012687683
-0.53278995,0.37348354,-0.56428504,0.8612622618675232
-0.48943883,0.47875,-0.46513465,0.8277089595794678
-0.54991454,0.4729414,-0.59652007,0.9391037225723267
-0.6,0.3350683,-0.6,0.9122887849807739
-0.4451574,0.33840972,-0.43904692,0.7109490036964417
0.6,0.47611082,0.4842416,0.9061850905418396
0.53351724,0.6,0.5495579,0.9729617238044739
0.5316405,0.6,0.45402694,0.9212937355041504
0.6,0.6,0.6,1.039230465888977
0.56563437,0.59014475,0.56406605,0.9931684732437134
0.48640084,0.6,0.5166855,0.9292737245559692
0.6,0.52057064,0.47311318,0.9245701432228088
0.6,0.41806817,0.16294438,0.7492208480834961
0.5780777,0.263874,-0.14827752,0.6525254845619202
0.5785583,0.40169036,-0.1083003,0.7126105427742004
0.59704006,0.3361718,-0.31052682,0.7522600889205933
0.6,0.40663886,-0.2997905,0.7843656539916992
0.6,0.31249636,-0.34156388,0.7578389644622803
0.5312991,0.20332116,-0.43151915,0.7140217423439026
-0.37277198,0.38040864,-0.53351945,0.753865122795105
-0.49631724,0.4440261,-0.5502929,0.8638936877250671
-0.47746927,0.59305406,-0.57629955,0.9548880457878113
-0.4585364,0.39323425,-0.53003716,0.8036343455314636
-0.53623724,0.2546236,-0.44383648,0.741197943687439
-0.6,0.3829249,-0.48059526,0.8588383197784424
-0.6,0.373609,-0.54889524,0.8949132561683655
-0.6,0.24246281,-0.46801478,0.7986401319503784
-0.51334727,0.56664217,-0.6,0.9719098806381226
-0.5781433,0.6,-0.5556188,1.0014798641204834
-0.49122292,0.2798791,-0.6,0.8243981599807739
-0.5115586,0.36304653,-0.5377418,0.8262331485748291
0.6,0.3037508,-0.0919075,0.67875736951828
0.5875908,0.4724648,0.6,0.9635797739028931
0.5003003,0.5861651,0.5808538,0.9650290012359619
0.6,0.6,0.6,1.039230465888977
0.54667115,0.4954723,0.6,0.9509690999984741
0.5324192,0.5864502,0.51974046,0.9473775625228882
0.46710038,0.5017475,0.566445,0.8892655372619629
0.576018,0.4348172,0.32550883,0.7917188405990601
0.55684745,0.2504235,0.22971904,0.6523510217666626
0.6,0.3712693,-0.07106823,0.7091485261917114
0.41998756,0.26741284,-0.115056306,0.511015772819519
0.6,0.25956064,-0.22877213,0.6926098465919495
0.6,0.15889037,-0.2797878,0.6808284521102905
0.576185,0.20836562,-0.34836897,0.7048165202140808
0.6,0.21256512,-0.25886157,0.687163233757019
-0.33572435,0.29688424,-0.34795293,0.5673819780349731
-0.48706758,0.30100238,-0.4171638,0.708422839641571
-0.44692156,0.276815,-0.45354974,0.6943145990371704
-0.46094835,0.37307042,-0.53451574,0.7983495593070984
-0.4381114,0.37150198,-0.5239855,0.7775063514709473
-0.5905094,0.45453727,-0.5651609,0.935260534286499
-0.5956646,0.26580405,-0.37029952,0.7500599026679993
-0.44369632,0.2642876,-0.39827132,0.6521766781806946
-0.5698501,0.46290386,-0.44728655,0.8596943616867065
-0.5472255,0.48539734,-0.4180342,0.8425074815750122
-0.53317535,0.37348425,-0.39954597,0.7638084888458252
-0.48713255,0.2574188,-0.427126,0.697136402130127
0.565534,0.19049889,-0.14047018,0.6130663752555847
0.5710478,0.6,0.6,1.022788166999817
0.52960527,0.6,0.6,1.0002409219741821
0.6,0.53940773,0.5834645,0.9956864714622498
0.6,0.52330446,0.5744345,0.981744647026062
0.5501001,0.6,0.55389905,0.9845883846282959
0.5995445,0.5007695,0.5544797,0.9579517245292664
0.59435844,0.29659867,0.35960913,0.7553485631942749
0.5558194,0.296735,0.0623731,0.6331486701965332
0.5540397,0.21190411,-0.099737704,0.6015072464942932
0.56595695,0.1448319,0.0052796006,0.5842186212539673
0.569674,0.13196766,-0.19954947,0.6178705096244812
0.6,0.11740625,-0.27608708,0.6708265542984009
0.6,0.053557396,-0.26210123,0.6569364070892334
0.6,0.045496404,-0.295294,0.6702749133110046
-0.2875519,0.1172573,-0.21753666,0.3791537582874298
-0.52243173,0.26192063,-0.4902435,0.7628080248832703
-0.40547812,0.3468746,-0.35046685,0.638405442237854
-0.5790536,0.25962102,-0.4815054,0.7965887188911438
-0.376461,0.22188467,-0.39559305,0.5894485116004944
-0.5249632,0.34449077,-0.42301396,0.7571004033088684
-0.6,0.14596987,-0.4236221,0.7488410472869873
-0.6,0.16539866,-0.55966276,0.8370060920715332
-0.52775705,0.31565583,-0.3272355,0.6965982913970947
-0.5853855,0.5613841,-0.3581698,0.8866305947303772
-0.5010723,0.26449674,-0.36424184,0.6735755801200867
-0.56369376,0.3595611,-0.49190983,0.8300663232803345
0.49064493,-0.02370274,-0.17803285,0.5224844217300415
0.50395834,0.56531525,0.5530971,0.9378015398979187
0.6,0.48202014,0.6,0.9758808612823486
0.5877861,0.59384096,0.58532214,1.0201674699783325
0.6,0.6,0.6,1.039230465888977
0.6,0.47901368,0.44456255,0.8871809244155884
0.6,0.4364891,0.57859063,0.9408984780311584
0.6,0.25370765,0.37468135,0.7515009641647339
0.6,0.15307927,0.12132597,0.6309939026832581
0.6,0.07343966,-0.04398644,0.6060760617256165
0.5717666,0.118810296,-0.03588164,0.5850815773010254
0.6,-0.024411082,-0.119801134,0.6123301386833191
0.5782907,-0.12667751,-0.24161649,0.6394105553627014
0.6,-0.022667766,-0.27305388,0.6596000790596008
0.42120206,-0.08947557,-0.27942806,0.5133196711540222
-0.4620911,0.102252126,-0.20096722,0.5141706466674805
-0.48118743,0.2924924,-0.27433679,0.626381516456604
-0.4102841,0.34346813,-0.3174269,0.6221440434455872
-0.5230154,0.2583608,-0.52204204,0.7828302979469299
-0.4321129,0.2346136,-0.34999213,0.603539228439331
-0.5989126,0.09175199,-0.23810515,0.6510059833526611
-0.5252253,0.22240633,-0.42591164,0.7118474841117859
-0.5729125,0.17685813,-0.29817483,0.6696385145187378
-0.5889099,0.36010116,-0.28984338,0.7486634254455566
-0.6,0.41014993,-0.2901684,0.7825731039047241
-0.48779014,0.27060378,-0.24822986,0.6105601191520691
-0.5068906,0.16391951,-0.3069671,0.6148467063903809
0.5333812,-0.04986298,-0.2689895,0.5994474291801453
0.6,0.42364025,0.43052387,0.8513647317886353
0.6,0.6,0.6,1.039230465888977
0.6,0.53599906,0.5629227,0.9819251298904419
0.6,0.6,0.6,1.039230465888977
0.555938,0.6,0.5113262,0.96463543176651
0.6,0.42006934,0.5749006,0.9311116933822632
0.6,0.3608659,0.37202954,0.7928619980812073
0.6,0.20883846,0.04522884,0.6369137763977051
0.56085706,-0.040639937,0.04412198,0.564055860042572
0.55237806,-0.010589838,-0.15530306,0.5738925933837891
0.53441584,-0.031776845,-0.24725455,0.5896989703178406
0.6,-0.18436962,-0.16356075,0.6486480832099915
0.6,-0.07841194,-0.34113574,0.6946380734443665
0.6,-0.12792793,-0.2109665,0.6487467885017395
0.013535142,0.048020244,-0.19166574,0.1980527639389038
-0.32055396,0.08942032,-0.04252845,0.3354988992214203
-0.44189268,0.14853317,-0.14231,0.4874252378940582
-0.48802945,0.14507705,-0.3279845,0.6056351661682129
-0.56047183,0.1431492,-0.29289287,0.6483876705169678
-0.48317736,0.04444605,-0.2092497,0.5284138917922974
-0.5501983,0.24365944,-0.38029742,0.7118386030197144
-0.47738853,0.32181776,-0.26880607,0.6353921294212341
-0.57336634,0.35856742,-0.12232092,0.687227725982666
-0.5764493,0.5962329,-0.13663545,0.8405097723007202
-0.47066385,0.483014,-0.1265268,0.6861749291419983
-0.5071059,0.13311672,-0.17114648,0.5515138506889343
-0.53055763,0.2045086,-0.21884215,0.6092676520347595
0.6,0.40621066,0.46886396,0.8630414009094238
0.4857509,0.6,0.57239497,0.9610358476638794
0.5454272,0.6,0.6,1.0087075233459473
0.5416186,0.6,0.6,1.0066531896591187
0.5171406,0.6,0.6,0.9936973452568054
0.6,0.5393841,0.5803597,0.9938574433326721
0.6,0.41488004,0.48088145,0.873711884021759
0.6,0.017146409,0.12294245,0.612706184387207
0.6,-0.09523749,-0.0066477656,0.6075478792190552
0.6,-0.0693146,-0.063735664,0.6073440313339233
0.50232744,-0.20703343,-0.18338352,0.5734328627586365
0.5567992,-0.15889165,-0.17552999,0.6050476431846619
0.6,-0.17748177,-0.1633622,0.6466737985610962
0.6,-0.23288557,-0.33800068,0.7269664406776428
0.1155529,-0.113702625,-0.36591688,0.4002198278903961
-0.407682,-0.051946282,0.007682085,0.4110499322414398
-0.44781876,0.15098089,-0.06448144,0.4769640862941742
-0.4604543,0.16503567,-0.2441693,0.5466933250427246
-0.49654615,0.03468108,-0.19969654,0.5363203883171082
-0.51662004,0.027747989,-0.17769739,0.5470306873321533
-0.47179896,0.21829063,-0.27864397,0.5898199081420898
-0.57611775,0.14645725,-0.21673018,0.6327189803123474
-0.5056716,0.28458327,-0.23147923,0.6247192025184631
-0.58638775,0.3870353,0.015716672,0.7027758955955505
-0.4944201,0.4999137,-0.0003594756,0.7031109929084778
-0.46227425,0.3975197,-0.057107687,0.6123566627502441
-0.52043545,0.22443551,-0.070085764,0.5710834860801697
0.6,-0.22554138,-0.14736256,0.6577116847038269
0.6,0.48560977,0.5189531,0.9301232099533081
0.6,0.57598376,0.572193,1.0095356702804565
0.6,0.5263772,0.5774741,0.9851646423339844
0.6,0.6,0.5700346,1.022222876548767
0.57051,0.56859887,0.56572056,0.9842896461486816
0.5340389,0.41740954,0.34873778,0.7622639536857605
0.6,0.16634381,0.20596868,0.655815064907074
0.6,0.068306446,0.07196003,0.6081480383872986
0.5804795,-0.11821139,-0.072978735,0.596872091293335
0.57778347,-0.22223017,-0.15489343,0.6381316184997559
0.5557183,-0.41056082,-0.20243526,0.7199743390083313
0.6,-0.27459756,-0.1076847,0.6685804724693298
0.57779765,-0.25796473,-0.2709728,0.6883473992347717
0.5361453,-0.26009023,-0.23890471,0.6420079469680786
-0.2906536,0.017172217,-0.044717252,0.2945743203163147
-0.4428142,0.060128808,-0.044348538,0.4490731358528137
-0.5433969,0.18279141,-0.19052485,0.6041461825370789
-0.5376597,0.10843468,-0.15929598,0.5711490511894226
-0.528908,0.24186766,-0.024673164,0.5821103453636169
-0.56281507,0.21407425,-0.09988159,0.610381007194519
-0.57842124,0.23777515,0.0028560162,0.6253929138183594
-0.6,0.25114167,-0.06176752,0.653366208076477
-0.5267647,0.2929594,-0.119523704,0.6144853234291077
-0.46438953,0.47874403,0.08220649,0.6720203757286072
-0.52305174,0.41317582,-0.05993867,0.6692458391189575
-0.59242123,0.20362532,-0.243541,0.6721148490905762
0.49102128,-0.3285974,-0.23229325,0.634852945804596
0.6,0.34053832,0.37001663,0.7828657031059265
0.6,0.5099369,0.6,0.9899675250053406
0.6,0.6,0.6,1.039230465888977
0.57286906,0.6,0.5662271,1.0043864250183105
0.5895468,0.6,0.6,1.0332305431365967
0.6,0.49197185,0.45139694,0.8976611495018005
0.5536902,0.36042494,0.41488743,0.780134916305542
0.5908438,-0.0056556463,0.013852596,0.5910332202911377
0.59547627,-0.14690927,0.036088288,0.6143913269042969
0.57726216,-0.17244351,-0.14413154,0.6194693446159363
0.5590503,-0.1872538,-0.12780797,0.6032711863517761
0.570577,-0.2550469,-0.20929208,0.6590980887413025
0.6,-0.3203854,-0.2575766,0.7273187041282654
0.56418204,-0.23524132,-0.35322428,0.7059796452522278
0.29338068,-0.15209663,-0.17823443,0.3754638731479645
-0.41515827,0.032737315,-0.12821111,0.43573641777038574
-0.42077172,0.040922403,0.025184155,0.4235064685344696
-0.44695914,0.19054788,0.053030074,0.48876699805259705
-0.5762671,0.13422692,-0.0139635205,0.5918577909469604
-0.5201685,0.12896764,-0.07725638,0.5414577126502991
-0.6,0.26579076,-0.14074424,0.671158492565155
-0.51862985,0.23458225,-0.07853401,0.5746071338653564
-0.494012,0.3524112,-0.042571366,0.6083204746246338
-0.6,0.4390353,0.22768313,0.7775548696517944
-0.6,0.5874826,0.19377476,0.8617914319038391
-0.42667866,0.3367895,-0.06538808,0.5475010871887207
-0.5792235,0.26745337,-0.037098944,0.6390677094459534
0.5995923,-0.08396733,-0.07939911,0.610627293586731
0.6,0.6,0.6,1.039230465888977
0.5712613,0.5477582,0.56587005,0.9729272723197937
0.6,0.6,0.6,1.039230465888977
0.59086347,0.53468525,0.5289651,0.9564580917358398
0.54771924,0.48570478,0.6,0.9465228319168091
0.6,0.25140202,0.38345313,0.7551419138908386
0.5944145,-0.012574077,0.06531644,0.5981245040893555
0.6,-0.109816164,-0.076381564,0.6147306561470032
0.6,-0.25632644,-0.17672011,0.6759684085845947
0.59264064,-0.36859158,-0.04747516,0.6995259523391724
0.6,-0.30137944,-0.24043801,0.7131900191307068
0.6,-0.31247252,-0.300816,0.7403575778007507
0.5919068,-0.36028272,-0.22956327,0.7299702763557434
0.55544734,-0.432146,-0.26298785,0.7512885928153992
-0.0982725,-0.031054497,-0.12762964,0.1640463024377823
-0.46878767,0.044209242,-0.072579384,0.47642847895622253
-0.43040645,0.14163363,-0.020562768,0.45357757806777954
-0.41996592,0.092003286,0.07775551,0.4369003474712372
-0.48555052,0.16602731,-0.03017652,0.5140379071235657
-0.5736444,0.19343156,0.06252545,0.6085993051528931
-0.6,0.17454618,-0.015401542,0.625062882900238
-0.6,0.3013476,-0.00873667,0.6714810132980347
-0.510053,0.38828373,0.20951974,0.6744011044502258
-0.6,0.48026752,0.23684824,0.8042101263999939
-0.5954239,0.5594629,0.3045227,0.8719302415847778
-0.5632966,0.16150719,0.028462887,0.5866837501525879
-0.38799316,0.038357973,-0.02747327,0.39085137844085693
0.47761393,0.0018254519,0.21159154,0.5223881602287292
0.6,0.59626305,0.52658105,0.9964021444320679
0.5628569,0.4861697,0.6,0.9555987119674683
0.6,0.535262,0.57881975,0.9907258152961731
0.5187899,0.6,0.6,0.9945566654205322
0.47858417,0.54496944,0.47026503,0.8643978834152222
0.6,0.28561693,0.34531945,0.7488808631896973
0.6,-0.10066539,0.17410254,0.6328074336051941
0.6,-0.17424789,-0.052205384,0.6269670724868774
0.6,-0.06605309,-0.20750779,0.6382965445518494
0.5556233,-0.18570438,-0.14321324,0.6030865907669067
0.6,-0.4022322,-0.33546296,0.7964459657669067
0.6,-0.34345782,-0.18471745,0.715600311756134
0.57965124,-0.33239335,-0.31973922,0.7407523393630981
0.024007916,-0.10862911,-0.19265264,0.222467303276062
-0.31807083,0.13944316,-0.08253908,0.3569679856300354
-0.4792602,0.093323946,0.03968978,0.48987239599227905
-0.38343954,0.09346092,0.041063666,0.39679598808288574
-0.44537222,0.2627167,0.035143733,0.5182775259017944
-0.5426278,0.28015208,-0.023816824,0.6111443042755127
-0.5436789,0.24909109,0.021634817,0.5984155535697937
-0.5983514,0.1294002,0.10711658,0.6214843392372131
-0.5349426,0.22981995,0.109095514,0.5923535227775574
-0.5053842,0.41542614,0.21307653,0.6880360841751099
-0.5475685,0.5601282,0.3078363,0.8416282534599304
-0.6,0.36413842,0.2024287,0.730461597442627
-0.6,0.27038264,0.111931324,0.6675592660903931
0.6,-0.28877008,-0.30961245,0.7343351244926453
0.6,0.55071723,0.58131063,1.000605583190918
0.6,0.5436456,0.5276263,0.9664057493209839
0.57460976,0.6,0.577582,1.0118188858032227
0.5556272,0.55134356,0.55205643,0.9578452706336975
0.59156215,0.5589961,0.5292554,0.9708417057991028
0.5877955,0.41455185,0.6,0.9366732239723206
0.46811163,-0.0011019707,0.27878737,0.5448413491249084
0.6,-0.07196289,-0.06490517,0.6077757477760315
0.5866797,-0.23345977,-0.06680471,0.6349483728408813
0.6,-0.28340745,-0.280482,0.7204095721244812
0.5298821,-0.45774516,-0.21479163,0.7324213981628418
0.45318985,-0.24763197,-0.30626827,0.6004189252853394
0.5245365,-0.30724835,-0.2470575,0.6561840176582336
0.5307659,-0.32970384,-0.23955631,0.669181764125824
0.09727764,-0.20874348,-0.22720915,0.3235131800174713
-0.2545028,0.060065746,0.112607956,0.2847105860710144
-0.385379,0.15165895,-0.11486435,0.42978042364120483
-0.41417822,0.04974544,0.056411266,0.42095181345939636
-0.5402752,0.07806206,0.06336087,0.5495503544807434
-0.491291,0.16516346,0.12309122,0.5327262282371521
-0.4547993,0.12506974,0.12350464,0.48758405447006226
-0.548042,0.33294713,0.17672354,0.6651579141616821
-0.6,0.3522606,0.21773243,0.7290370464324951
-0.6,0.5489572,0.44939625,0.929145336151123
-0.5891334,0.59622765,0.45655036,0.9544651508331299
-0.49097204,0.4019574,0.26399732,0.6872538924217224
-0.45684698,0.21988308,0.13972664,0.525909960269928
0.6,-0.22870225,-0.050293863,0.6440762281417847
0.6,0.5598419,0.5561876,0.9913463592529297
0.55873704,0.6,0.6,1.0159660577774048
0.6,0.5910233,0.5521437,1.0070606470108032
0.4610163,0.58360183,0.6,0.9555768370628357
0.5920783,0.52905107,0.6,0.9952144622802734
0.53336334,0.4367696,0.41376984,0.804020881652832
0.5601829,-0.051686227,0.17955208,0.5905212163925171
0.6,-0.16073921,-0.029894292,0.6218768358230591
0.6,-0.2408616,-0.11896971,0.6573949456214905
0.6,-0.4376017,-0.1400921,0.7557255029678345
0.5371127,-0.39658508,-0.21903807,0.7026716470718384
0.6,-0.26605457,-0.24366221,0.7001116275787354
0.52126,-0.15757903,-0.25418192,0.6009588837623596
0.58164895,-0.3577476,-0.28783706,0.7410458922386169
-0.09091288,0.07723284,-0.077108026,0.14204122126102448
-0.35429722,-0.026335597,0.0006788373,0.35527530312538147
-0.37485063,-0.05258745,0.12293339,0.39798372983932495
-0.48002228,0.23929971,-0.056319237,0.5393121838569641
-0.49325386,0.14843404,0.19139785,0.549513578414917
-0.48671445,0.10517734,0.15158314,0.5205100178718567
-0.48391455,0.23217845,0.1756481,0.5647410154342651
-0.55159825,0.2852533,0.19252354,0.6501502990722656
-0.46155024,0.30499917,0.25236768,0.608064591884613
-0.45581675,0.5909153,0.4067583,0.8499423861503601
-0.57996,0.5194999,0.4945886,0.9224162101745605
-0.55376345,0.4609748,0.37502432,0.812277615070343
-0.52719015,0.2275427,0.13913584,0.5908163189888
0.6,-0.20727763,0.09543973,0.6419289708137512
0.6,0.5667287,0.49306023,0.9613999128341675
0.5697917,0.6,0.5581478,0.9980939626693726
0.6,0.6,0.6,1.039230465888977
0.5890713,0.6,0.6,1.0329593420028687
0.6,0.5290966,0.5863422,0.9918369054794312
0.6,0.3032183,0.25378203,0.7185726761817932
0.58343434,-0.10127127,0.106223285,0.6016102433204651
0.6,-0.20987225,-0.18630245,0.6623858213424683
0.59390116,-0.21195576,-0.20928231,0.664411723613739
0.6,-0.27713948,-0.20550033,0.6921247839927673
0.6,-0.25597614,-0.18728864,0.6786757707595825
0.44481254,-0.24650481,-0.29738897,0.5891205668449402
0.6,-0.26956046,-0.28438628,0.7166159749031067
0.43874454,-0.2949973,-0.16433707,0.5536487102508545
-0.16087025,0.06414741,0.016689718,0.17399044334888458
-0.3045887,-0.047837317,0.029457211,0.309726357460022
-0.36857027,0.1723504,0.051957726,0.41018083691596985
-0.41492978,0.14931226,0.101192296,0.45243868231773376
-0.4785424,0.06881738,0.10357398,0.49443525075912476
-0.42465377,0.17447907,0.16928768,0.48931798338890076
-0.5909441,0.21480519,0.21164775,0.6634387373924255
-0.52613604,0.34454358,0.22754735,0.6688103079795837
-0.4551617,0.5092263,0.34279633,0.7641943097114563
-0.48100993,0.46649122,0.3675794,0.7642638683319092
-0.5953241,0.54230595,0.35830057,0.8814112544059753
-0.58053446,0.3386703,0.19847053,0.7007912397384644
-0.3190434,0.18714368,0.11748618,0.3880907893180847
0.563627,-0.25851047,-0.12824342,0.6332057118415833
0.51938844,0.5749471,0.6,0.9799635410308838
0.5721915,0.5478592,0.48776138,0.930303156375885
0.6,0.5896015,0.5562155,1.0084669589996338
0.53140104,0.6,0.5717838,0.9845424294471741
0.57654774,0.55226517,0.5311781,0.95893394947052
0.53707945,0.28365576,0.4074422,0.7313850522041321
0.5511881,-0.17286935,0.06585276,0.5814023613929749
0.5593294,-0.22412372,-0.03888136,0.6038150191307068
0.5225042,-0.3352157,-0.2851983,0.6831678152084351
0.6,-0.3250262,-0.166435,0.7023835778236389
0.52879596,-0.29968014,-0.22628847,0.6485675573348999
0.6,-0.19484097,-0.2108365,0.6651428937911987
0.51334846,-0.31231338,-0.30094555,0.6720376014709473
0.46487057,-0.22766224,-0.23008129,0.5664557814598083
-0.014575064,-0.056567848,-0.059824765,0.08361433446407318
-0.25843376,-0.009981036,0.05808568,0.26506900787353516
-0.324116,-0.027127028,0.08760697,0.33684125542640686
-0.34984094,0.10291594,0.05796939,0.3692435920238495
-0.3968625,0.07135308,0.13940185,0.42664268612861633
-0.46650133,0.20975488,0.17236704,0.539750874042511
-0.53135353,0.17218524,0.25227386,0.6128836870193481
-0.5570436,0.27007872,0.2925464,0.6847068667411804
-0.5120657,0.40207577,0.3770187,0.7523425221443176
-0.5411147,0.5231273,0.5509763,0.93276047706604
-0.42379108,0.5030587,0.6,0.8903184533119202
-0.6,0.2627374,0.3749413,0.7547263503074646
-0.378999,0.16225117,0.2202115,0.46739575266838074
0.58668673,0.16784292,0.3437512,0.7003837823867798
0.6,0.59473944,0.54896414,1.0075100660324097
0.47375035,0.6,0.5532465,0.9436742663383484
0.6,0.6,0.6,1.039230465888977
0.6,0.6,0.48332703,0.9765270352363586
0.5965178,0.46204424,0.6,0.9640116095542908
0.6,0.19218582,0.24533689,0.6761106252670288
0.6,-0.10606912,-0.07051593,0.6133703589439392
0.5640199,-0.23496363,-0.0991354,0.6189945340156555
0.5962001,-0.42509913,-0.2260223,0.7663223147392273
0.6,-0.35544884,-0.21341908,0.7293089628219604
0.6,-0.24474275,-0.2736596,0.7034121155738831
0.6,-0.22780067,-0.1533381,0.6598528027534485
0.6,-0.30239755,-0.23983613,0.7134183049201965
0.53135073,-0.085379064,-0.27222848,0.6031016111373901
-0.12624499,-0.19689962,-0.09011078,0.25065356492996216
-0.30513433,-0.01914221,0.06521547,0.31261226534843445
-0.4632859,0.015963316,0.061692953,0.4676480293273926
-0.33947033,0.022909284,0.040496647,0.34264400601387024
-0.49898124,0.25954294,0.12198305,0.5755212306976318
-0.5482674,0.25746328,0.25601178,0.6575914621353149
-0.49938947,0.36744833,0.26512116,0.6743124723434448
-0.5828807,0.248626,0.42642224,0.7638067007064819
-0.44084376,0.55393374,0.438843,0.832927942276001
-0.55188376,0.53018475,0.4976499,0.9128674864768982
-0.5950978,0.45828652,0.5593766,0.9365202188491821
-0.41055965,0.43714797,0.43594944,0.7414239645004272
-0.4420732,0.2175569,0.13243985,0.5101960897445679
0.6,-0.28372225,-0.08241111,0.6687973737716675
0.6,0.573511,0.6,1.0241655111312866
0.4831289,0.6,0.6,0.9764289855957031
0.6,0.6,0.6,1.039230465888977
0.4735024,0.53990555,0.5959264,0.9331831932067871
0.5105797,0.5366633,0.6,0.953257143497467
0.56171644,0.121017456,0.27355206,0.636397123336792
0.6,-0.10079071,-0.014827549,0.6085874438285828
0.5134039,-0.26799047,-0.18295005,0.6073492765426636
0.5208564,-0.21162882,-0.2988723,0.6367124915122986
0.6,-0.3953892,-0.2084516,0.7481876015663147
0.6,-0.30241477,-0.19251832,0.698940634727478
0.5530411,-0.39418316,-0.18354207,0.7035073041915894
0.6,-0.14413962,-0.22858152,0.6580469012260437
0.42131186,-0.15327725,-0.24139804,0.5091862082481384
-0.17781055,-0.013942182,-0.09461141,0.20189674198627472
-0.41602466,0.08649075,0.17272842,0.45868536829948425
-0.37909,-0.043079913,0.12193072,0.40053990483283997
-0.41804725,0.04997623,0.07351112,0.42739325761795044
-0.41780037,0.17139268,0.03980571,0.45333993434906006
-0.522936,0.090002656,0.23376828,0.5798363089561462
-0.42798176,0.27045107,0.19213367,0.5415048599243164
-0.57043755,0.30761218,0.3181128,0.7219557166099548
-0.6,0.40320325,0.3760652,0.8148606419563293
-0.47899678,0.47290885,0.53668,0.8608751893043518
-0.5794953,0.5240265,0.5767716,0.9711251854896545
-0.44996083,0.44147646,0.48135984,0.7931415438652039
-0.5494861,0.24356443,0.26594156,0.6572545170783997
0.5885694,-0.32998884,-0.17449033,0.6969601511955261
0.6,0.6,0.6,1.039230465888977
0.5905303,0.6,0.6,1.0337921380996704
0.6,0.5857698,0.6,1.0310801267623901
0.6,0.6,0.6,1.039230465888977
0.4756328,0.51790714,0.52886784,0.8798611164093018
0.5002538,0.25496322,0.41883886,0.70048987865448
0.6,-0.062027097,0.13887984,0.6189789772033691
0.52563584,-0.34328225,-0.11872381,0.6389296650886536
0.50472367,-0.3684335,-0.1107977,0.6346379518508911
0.6,-0.26014206,-0.18850458,0.6805937886238098
0.5246867,-0.34173864,-0.18387324,0.6526030898094177
0.5540304,-0.32207635,-0.21224833,0.6750794053077698
0.5340098,-0.21903291,-0.27607453,0.6398116946220398
0.47608328,-0.24768242,-0.19857284,0.5722176432609558
0.1051963,-0.10562095,-0.1154508,0.18854954838752747
-0.22776183,-0.036051273,0.014786363,0.23107095062732697
-0.30834147,0.020981371,0.021890283,0.3098287880420685
-0.41293305,-0.0027125478,0.07121414,0.4190376102924347
-0.40298778,0.18019998,0.13265765,0.4609438478946686
-0.5617817,0.085527,0.07188827,0.5727840065956116
-0.5215432,0.19278508,0.25072163,0.6099464893341064
-0.5712488,0.23190331,0.32990527,0.6992437839508057
-0.44584405,0.5097536,0.42283678,0.7983837723731995
-0.50512826,0.46752632,0.50691867,0.8548110723495483
-0.51457626,0.53743756,0.5389528,0.9187480211257935
-0.5451784,0.523579,0.5522946,0.9361537098884583
-0.49026608,0.22647142,0.14747262,0.5598199367523193
0.537652,-0.28394288,-0.28231126,0.6703677177429199
0.53779674,0.56366944,0.5832329,0.9731953144073486
0.52717173,0.6,0.6,0.9989544749259949
0.6,0.6,0.50214493,0.9859764575958252
0.6,0.5013149,0.55827844,0.960724413394928
0.56347716,0.57492864,0.6,1.004016637802124
0.6,0.28216058,0.455629,0.804495096206665
0.5881834,-0.008138299,0.10285133,0.5971635580062866
0.6,-0.31916124,-0.13788858,0.6934530735015869
0.58988,-0.31814802,-0.14589557,0.6859023571014404
0.6,-0.17416063,-0.13476583,0.6391351819038391
0.6,-0.29361498,-0.24969354,0.7131316065788269
0.6,-0.3313712,-0.22539541,0.7215330600738525
0.6,-0.15179893,-0.21667615,0.6557373404502869
0.41862416,-0.19354019,-0.22981271,0.5152842998504639
0.35357255,-0.1157285,-0.19200337,0.4186548888683319
-0.22843087,-0.01739341,0.022845387,0.23022837936878204
-0.30485412,0.114715874,0.12408644,0.3485587537288666
-0.22438183,-0.022181153,0.14698362,0.2691531181335449
-0.36436933,0.13473499,0.18486738,0.43022608757019043
-0.39809513,0.15323591,0.20037943,0.4712885320186615
-0.49390885,0.31544483,0.20851415,0.6220366358757019
-0.43657762,0.20502448,0.29835176,0.5671409368515015
-0.52632433,0.34601086,0.3629207,0.7269472479820251
-0.5852386,0.46130204,0.5669272,0.9363280534744263
-0.6,0.54164636,0.59476995,1.0035597085952759
-0.53808075,0.47836637,0.6,0.9372114539146423
-0.54685223,0.33440667,0.32487613,0.7186234593391418
-0.28420419,-0.040132046,0.1557346,0.3265514671802521
0.56999314,0.42523086,0.41754198,0.8246543407440186
0.5457896,0.51323235,0.5533309,0.9313800930976868
0.4643867,0.6,0.6,0.9672926664352417
0.5515685,0.6,0.6,1.012041449546814
0.5463885,0.6,0.51792824,0.9626994132995605
0.52345645,0.39669055,0.45143998,0.7969743013381958
0.5747675,0.01422435,0.31457156,0.6553741097450256
0.49266994,-0.36119634,-0.015736997,0.6110925674438477
0.6,-0.39183766,-0.0828256,0.7213853597640991
0.5439849,-0.20064497,-0.19856894,0.6128683686256409
0.6,-0.21367046,-0.19052768,0.6647976040840149
0.6,-0.1489701,-0.17603481,0.6427910923957825
0.5553825,-0.3028552,-0.11556274,0.6430596709251404
0.5328975,-0.1643396,-0.26260334,0.6163989901542664
0.34372652,-0.08371866,-0.27219504,0.44637078046798706
-0.14066777,-0.031373322,-0.007692516,0.14432907104492188
-0.2409437,-0.018227816,0.096336246,0.2601284086704254
-0.3096368,0.19087046,0.14906532,0.3930991590023041
-0.41223568,0.09710622,0.22250003,0.47840791940689087
-0.4818729,0.19005048,0.24356997,0.5724045634269714
-0.42671925,0.17856044,0.2812084,0.5413421392440796
-0.4244786,0.120379806,0.39637464,0.5931156873703003
-0.51115143,0.26681256,0.37755156,0.6892096400260925
-0.4675132,0.39247197,0.51793945,0.8005399107933044
