Episode: 252
5500319.155323803,0.1999754801452142,4.996486117766114,20.0897358378424,19.96524349165598,30.848617817744447
5501877.758551739,0.19998331820301563,4.996379973514674,20.15406220101316,19.963018501349058,50.45379643051564
5503548.008631483,0.19997414790567863,4.996556070696447,20.19690717324241,19.97469844263087,68.39775389415719
5505215.251628626,0.1999484801497021,4.996352832652834,20.226914513595613,19.99309988969352,84.59704520020036
5506725.948525777,0.1999032705940911,4.995831831706916,20.253777143453306,20.007433504156793,99.19301876689933
5508383.338390164,0.19983929985932844,4.9951140730309564,20.284259047227692,20.018564006508107,112.41441329991945
5509977.624643104,0.19977302755238402,4.9944670810790175,20.31526634727659,20.024978247611696,124.52019587235358
5511112.46836398,0.19971004051999464,4.997972508256689,20.36245945055456,20.002228935862096,135.7556688125217
5511709.263278009,0.1996571004992995,5.002931345860214,20.390517797406087,19.983154501308537,146.33166930629557
5512460.797770193,0.19960616528501354,5.00839354282697,20.414406353734034,19.97413681049467,156.40780480872775
5513029.538569253,0.19955942025295162,5.01324298519354,-339.5780696532671,19.975796694684554,166.15434072508845
5513475.291629493,0.19951866642705013,5.018420716050654,-339.5836647328257,19.987685589174657,175.71132461415925
5513577.367811162,0.19950814567918143,5.02215215460919,20.405848064647902,20.003926423319342,-174.79003965142175
5514325.159228342,0.19943003222656247,5.0266561361064745,20.37655911176351,20.034044843993225,-165.2143830869257
5514788.1730088275,0.19939156651387077,5.030103049346743,20.336638686986195,20.067022249965554,-155.42450853011206
5515089.133878328,0.19939710789757925,5.033017866027035,20.283545465887123,20.10646387623767,-145.2774752076647
5515735.955422366,0.19944054951210027,5.035287695423433,20.209989278631703,20.15163481100291,-134.60462782440533
5516236.150554854,0.19956396210166671,5.035981413476388,20.16135740576106,20.174706320042578,-123.24000853361127
5516789.375073275,0.19971018367893162,5.035863955798798,20.15509173232126,20.163634684523473,-110.9775046929016
5517510.745589847,0.19988367423450504,5.03578806490159,20.136693027824492,20.172670723337077,-97.57712827595235
5518845.640967047,0.20009162998760802,5.034680652927741,20.094138254562424,20.207912026830012,-82.77811209202193
5521176.723686084,0.2003464295116717,5.032921525681904,20.058210545410525,20.23623292265075,-66.34730142245121
5523735.595957644,0.2006364531160031,5.030658877114431,20.05684286737996,20.255890349294855,-48.187855765895925
5525823.1176429745,0.20089318866572722,5.028076777046351,20.10416754939269,20.265500048912003,-28.428216423104914
5527424.174949065,0.20106552569253613,5.024308510961816,20.189418037011365,20.26366714660926,-7.532877768855223
5527960.816912133,0.20109212001560273,5.020083226283885,20.28509506984968,20.242548557154908,13.708872427842715
5529649.7520124465,0.2011505037326912,5.019980069197182,20.34621877463553,20.24119621786307,34.36178800593329
5531293.922972931,0.20116574411555677,5.019957688148568,20.40403651461685,20.24066544213588,53.67444010823767
5532962.6447265595,0.20115990870996567,5.0201111684960855,20.439760268174478,20.25590195713639,71.285035430527
5534682.267389968,0.20113702518873927,5.019786536400837,20.4666747222619,20.27660836643427,87.1583047581718
5536440.256994208,0.20109937709560452,5.019101054984651,20.495249118266525,20.29322526030594,101.45883368991008
5538143.811377708,0.2010325928028274,5.01855364272991,20.529385131866032,20.30095475845467,114.43143062127147
5539824.4400111195,0.2009517304523594,5.019569538834033,20.57716514448787,20.291506639087526,126.3291797795699
5540380.305399768,0.20091915345505063,5.02395040258313,20.61478181551767,20.26547596158224,137.4068832718223
5540870.8090339545,0.20089394109919348,5.029251551954819,20.643891701603092,20.247321810313828,147.8412034227058
5541244.925504431,0.20085680042608006,5.0341569931617745,20.653683297462873,20.24095306683014,157.81514037388487
5541673.92132966,0.20082069350025447,5.039169150240033,-339.34306674017853,20.244256389071435,167.47285582711203
5542382.134078482,0.20074943712905766,5.044274786250905,-339.354567915754,20.257526637726897,176.9623730140347
5543043.278328935,0.20068285699229838,5.049216861435904,20.622777157475372,20.28057172838823,-173.58792586667477
5543518.909181725,0.20063663677103313,5.053650502242328,20.58857173929214,20.31173538334202,-164.04639127808426
5543761.841350919,0.20063775634907563,5.0571235843987274,20.54023339946637,20.3464201357412,-154.27211186943052
5544291.55547436,0.2006469971051429,5.0601485501328005,20.474572604803576,20.389137661768427,-144.1218415649872
5544501.065198461,0.20073503410599705,5.062107819163562,20.412121064909517,20.430128953458457,-133.44464361717962
5545367.6027827,0.2008279855142785,5.062430377348543,20.36944078695231,20.441649587621978,-122.04393436160895
5546345.036648994,0.2009660106575385,5.0623424957977265,20.353761688351476,20.431214978873985,-109.72040631400527
5547651.9782102145,0.2011401306030322,5.062257558370943,20.324249353151888,20.4391360487343,-96.23181228326132
5549212.392429149,0.20134942758030822,5.061283543254293,20.28504711758043,20.467483980536546,-81.32943546846278
5551594.493478639,0.20161238233321196,5.059635790664296,20.25523339498065,20.492263023321208,-64.7825489213985
5554466.876642903,0.20191087090431317,5.057153834611037,20.249410272584534,20.51231033501317,-46.49590691134234
5556957.630677117,0.20218616225488584,5.0542633842143125,20.29432843041087,20.52179976727012,-26.63303972662789
5558109.655782506,0.20232333555669468,5.050465098995249,20.385185904743636,20.518451050296232,-5.697964599923225
5558427.21563918,0.2023272803081384,5.046294529436849,20.49384436727187,20.495713381894006,15.49557288575805
5560291.046651585,0.20238844633412978,5.044868968748673,20.575285135641238,20.47849758175692,36.03057933956102
5561935.821462268,0.20239702171871493,5.045068629475759,20.628356709347187,20.483730344426142,55.17987957924944
5563507.3943051435,0.20238021648745222,5.045245046728905,20.655627253031266,20.506513787183113,72.61223094432061
5564904.09489435,0.20234579581519035,5.044819971653224,20.672766958379462,20.530133121228342,88.31909468432106
5566583.478525156,0.20230855380034513,5.0441297157675455,20.699716377618383,20.545858497297182,102.46583043132401
5568277.701899197,0.2022462023387673,5.043376480471737,20.730521308195907,20.55606084583108,115.3030204402001
5570023.25266937,0.2021749682178526,5.043501605779272,20.771667108789632,20.554891041011288,127.08183324201694
5570949.660498574,0.2021123995632866,5.047150430542352,20.810583560905314,20.53411898386959,138.05211550896948
5571854.407534126,0.2020326441302827,5.05178573769813,20.838652170300296,20.519105906399744,148.3971993844067
5572439.516733123,0.20197489723802187,5.0572890619568005,20.850276271779897,20.512780345040845,158.29319058269587
5573129.38282853,0.20190807115558493,5.0622713212813375,-339.14845367734097,20.516682158167335,167.88494184664026
5573837.874437852,0.20183480501505077,5.067560024967153,-339.16414788479875,20.531000269783135,177.31700424731955
5574453.775584765,0.20177304417944247,5.072487440280152,20.811796804855984,20.554461264068852,-173.2878741156146
5574913.437245738,0.20173625602093667,5.076901158845036,20.770267539242962,20.58590317530778,-163.79120380002726
5575478.960037069,0.2017199135546501,5.08066575923974,20.70980806514037,20.623872836942954,-154.0573748323473
5576248.816289993,0.20173740447213148,5.0836682271542175,20.632974722054556,20.666625298320657,-143.94360913682317
5576893.464418316,0.20181198566600403,5.085534676647274,20.561497553114446,20.706007352150703,-133.3026503813404
5577856.816894392,0.2019167535881179,5.085931037628864,20.51283860113001,20.72035736762278,-121.94581741149999
5578839.881455928,0.2020473996616022,5.085811559584757,20.50162235436725,20.705802981393784,-109.67085642788889
5579900.775895279,0.20222501322467346,5.085676769453539,20.474214322034605,20.71785263534465,-96.2387849311452
5581628.941670109,0.20242655707677756,5.084955765581221,20.43787610476901,20.738633862126758,-81.38456742832106
5584323.533875417,0.202695335473208,5.0831218619653455,20.398877442010225,20.766019931220768,-64.88594245438284
5586897.039460126,0.202985396519404,5.080787625290684,20.40103731288576,20.784772943157364,-46.66117313885909
5589440.690528367,0.20326180887230924,5.077568776443234,20.443021692177904,20.795343161898014,-26.84818246978777
5590991.103745569,0.20342559658767823,5.074119656675729,20.53179351901173,20.79233888803113,-5.954499391523532
5591625.296242515,0.20345095145148226,5.069998845522205,20.642446494425208,20.770080885811097,15.205454002991344
5593517.9162296895,0.20351861213583528,5.069143357218503,20.712830924787625,20.759795631170217,35.72464841341006
5595228.535571935,0.20353357987127688,5.069129275760881,20.770738743253975,20.75950406854916,54.86136815823173
5596916.896187345,0.20352337592793074,5.069217061702195,20.81059870376715,20.770931471022863,72.28106789003905
5598635.939044101,0.2034999075473616,5.068966997671138,20.843348763493356,20.78477561243579,87.96916437623052
5600365.5288109165,0.20346008392110845,5.068078985997593,20.86684862827427,20.8051343865617,102.09844335277694
5602011.218937378,0.20340359530190358,5.067783022511688,20.902386642217007,20.80909475329698,114.91654227137947
5603438.866751716,0.20334344712811814,5.067219953361793,20.929852169166907,20.81404710074831,126.67766712916321
5604759.782913648,0.20327334435398925,5.069725760690724,20.972218796336147,20.799672647133274,137.60812197644393
5605166.95603922,0.20320761383900363,5.074187706259973,20.98659984676793,20.784999589463823,147.93151928555653
5605771.319599973,0.20313016754748092,5.079605386326758,20.992667473934965,20.778436281777438,157.79285217747565
5606506.514487853,0.20304722611955872,5.085058224582803,-339.0124845002023,20.78227990159046,167.34484648214703
5607216.829668496,0.202970924878084,5.090391317595072,-339.03135261556474,20.796178784581436,176.727650923548
5607809.646846289,0.20291220183071554,5.09537494121365,20.940221711691557,20.819243860466827,-173.93311165865873
5608481.717145184,0.20285814045774855,5.099045168747596,20.899710544139623,20.844723216178135,-164.50143953775324
5609353.6210613195,0.20282153285481436,5.102454668184913,20.836237122718327,20.878225843318102,-154.84123039733183
5610265.880982887,0.20283287521650242,5.105537226725564,20.75526515096369,20.92084760394966,-144.81799493468046
5611128.442422632,0.20288929591304095,5.106921719693019,20.69088961099402,20.948970179725332,-134.2846253132553
5611688.245477453,0.20300901464449408,5.107389354357348,20.649188065623314,20.964936393397412,-123.06892870445407
5612719.548168883,0.2031330815311183,5.107303246280297,20.63054423005119,20.95611544419115,-110.9498835966183
5613775.374098197,0.20328857637223652,5.107129248957215,20.594774435059666,20.974688342210232,-97.70203649703727
5615566.61668615,0.203498744369532,5.106199030080873,20.54885025018714,21.003490828089934,-83.06157888307028
5617410.8626792375,0.20374393252170325,5.104626567356942,20.527547536577554,21.02836441061292,-66.81671321878773
5619909.0820639,0.20402003175803335,5.102657602246979,20.526387223513378,21.04526187559199,-48.82904362671982
5622087.702900598,0.204280137306749,5.099527988276032,20.568590487172592,21.056962986395714,-29.226533706138188
5623260.098678593,0.20442787501371448,5.096039194612035,20.655791128632586,21.055551724825644,-8.462560923972436
5623767.943973146,0.20445361382983532,5.092122676269527,20.765471333305822,21.03669371988628,12.67679455706106
5625587.72862122,0.2045224187501163,5.09108724379866,20.835454242592014,21.025275707101493,33.285447038972016
5627340.976725634,0.20454801039723017,5.091511619651,20.88184020026113,21.03508483235514,52.57903468143003
5628939.424228683,0.204535577208219,5.091644872020433,20.920273144364696,21.047107664681793,70.17696839884415
5630557.473365895,0.20451094864746736,5.091370061628023,20.946751296632062,21.06549586495779,86.03392268554393
5632321.488638211,0.20447770172663704,5.090656603216886,20.97339683155811,21.083076921607336,100.30382486427399
5634104.452658545,0.20442833264084911,5.090030580426234,21.006974570922083,21.09202744575295,113.22912904369475
5635862.651160182,0.20435681762848587,5.089371309719625,21.04079400411388,21.098135155929565,125.0630130307975
5637169.570657946,0.20429316414707435,5.092767595172449,21.08956028349162,21.07749944654649,136.0462375785867
5637707.260715675,0.2042093031736164,5.096927754234379,21.105412425217423,21.06260231966371,146.39674862617872
5638292.123536469,0.2041122675380148,5.102434948232719,21.106946364753004,21.054414309509806,156.27030701482903
5638940.103319842,0.20402168173729185,5.1079641350767275,-338.9049782151119,21.056758919104897,165.81575015071877
5639584.648781596,0.20394602998946174,5.113240793238231,-338.9274521514114,21.06889437870554,175.16870910903248
5640165.32489579,0.20388770683603674,5.118295900421861,21.037005335211358,21.0904929918114,-175.53951314840364
5640919.455640869,0.20383025870340918,5.122269627803021,20.9885616906831,21.11632584700914,-166.17851136702214
5641719.737068625,0.2038011774312071,5.12588802468813,20.923506995792096,21.149731232669787,-156.61960674477322
5642139.8806408085,0.20383989365557345,5.128738171311835,20.85761216588946,21.186599974449148,-146.73732082403438
5642964.981902093,0.20390080959326598,5.130366856960495,20.789443319869342,21.217114522231174,-136.36782363274116
5643786.970687274,0.203995891502678,5.130847033174746,20.74289819212015,21.23163881915522,-125.35085310132143
5644435.290005716,0.20413635101112101,5.130806931006426,20.725457231567635,21.228530107097257,-113.49060258916826
5645382.168973545,0.2042976972349288,5.130658517321781,20.68149449511139,21.256005836666034,-100.54871928673168
5646674.78738497,0.20448268184515747,5.129971661728471,20.645495353928318,21.281137158987473,-86.27525405558033
5648848.01421861,0.20472463274437655,5.128413830239361,20.608839482478547,21.308974783069903,-70.42465077354207
5652150.054710662,0.20503682920938185,5.126210355060414,20.585654776504946,21.3305418425877,-52.84002129780564
5655219.464522148,0.20534530354232153,5.123264627957121,20.606511809590312,21.344249973200036,-33.58898158733722
5657379.160429712,0.2055649440816273,5.120021582184546,20.67633621851362,21.345762767898613,-13.04693929381276
5657450.399830107,0.20557956629909344,5.119932572641279,20.77270883382825,21.345140297998,8.051047502518543
5658795.081352323,0.20562710794227193,5.116621350121749,20.859552561941435,21.314488206884004,28.826074613744776
5660527.073714245,0.20565746081047226,5.116937015764329,20.910743154804997,21.320504267558675,48.41892374392953
5662194.549762068,0.20565652012752259,5.117253635833152,20.944161392020167,21.338364554311013,66.3679725292629
5663882.006307304,0.20563640511383197,5.117181661875233,20.983964208880682,21.345537103612692,82.56232873011422
5665586.026507223,0.20560619386407664,5.116673234841705,21.01252526715443,21.36011263505107,97.12741771126338
5667183.216874573,0.20556301444604186,5.116143368086353,21.042461254362443,21.36850857752282,110.29488775575653
5668661.837309584,0.20549406918242719,5.1158993643906765,21.07356642344879,21.370946914242076,122.31787814681041
5670199.820620973,0.20542102307529064,5.118430951747848,21.1237655162963,21.353897448991493,133.4290130360182
5670873.757934166,0.20533772625946217,5.122244357760223,21.145720666495517,21.338194879491706,143.86327969913106
5671321.942960175,0.20521944068843578,5.1277462803725244,21.140973393742684,21.327343599085445,153.79583162839666
5671735.866908107,0.2051346273192964,5.132871935545441,-338.8754514478029,21.32707458997912,163.3629704454624
5672289.457421886,0.20505671096779143,5.138088769658977,-338.90217416562757,21.33646156999766,172.7040606909635
5673019.696761232,0.20497895605837665,5.143265208774674,21.060140846471963,21.35567507353579,-178.0513873027335
5673400.941876803,0.20495811343523657,5.147710427859839,21.006183067166532,21.381582195348635,-168.77079750249194
5674318.636621509,0.20491731360122747,5.151337786211648,20.939516944350668,21.411900458720794,-159.32992563694154
5675109.917242225,0.20492511072767178,5.154797997142182,20.861790584840502,21.452314471745176,-149.60321741402004
5676301.359299937,0.20494375677692167,5.156633546765063,20.787660182693518,21.482832900985915,-139.43913307416648
5676992.696251711,0.2050394392700418,5.156754292236967,20.753280869793706,21.485873352415314,-128.69027482487635
5677588.144593747,0.2051583606601053,5.156484344834105,20.746104564645382,21.471936108106988,-117.16286131410476
5678426.127917564,0.20531650214647612,5.156490682727738,20.722237672597,21.478499167624097,-104.62928088761196
5679525.378303533,0.20548406366581742,5.156171675290945,20.694928959403956,21.494279529993758,-90.8452519554111
5681548.968014983,0.20570793040704738,5.1551053701336595,20.658905442958226,21.517332559124952,-75.55368121321082
5683661.711109897,0.20596223719303108,5.153007134007381,20.642927856836696,21.54201838603338,-58.580032432065956
5686310.606026474,0.20624757290134102,5.150745548922583,20.657683395807556,21.55572240185263,-39.88176659862578
5688154.742959438,0.2064640935826152,5.14749406399,20.718158524158138,21.561411432207514,-19.73192562234792
5689038.785483548,0.20655618401191875,5.1448415198619095,20.812511208893913,21.555132359768383,1.2504072453529345
5689345.221927518,0.20653262166781175,5.141335083585456,20.92749580444057,21.529822182394412,22.174628376317596
5691060.900499823,0.20657344524181825,5.14118825562928,20.987954935617765,21.527506358766377,42.18290393572927
5692575.158122005,0.20657312777182996,5.141533962649664,21.025913137966317,21.540000544919078,60.659352147655724
5694272.509645371,0.20656156332665496,5.141520236404198,21.061907770356598,21.551740803646336,77.38374153432619
5695967.875032796,0.2065340848276833,5.140995985699033,21.086023383279432,21.57156827623714,92.42234009839429
5697633.452579942,0.2064962903370762,5.140246775075574,21.112230250473615,21.585629871776373,105.98265990645949
5699390.944237448,0.20643617573583709,5.139739223428194,21.146904340924145,21.591535433986532,118.31194197209808
5701165.726328466,0.20636255725109653,5.1412837460090675,21.197967374615608,21.579533671668685,129.65585884357654
5702256.271996189,0.20630872217067603,5.144661760213059,21.23762085014886,21.562921493331253,140.24622748427205
5702640.364576304,0.20620508276862048,5.148401862541653,21.236956268479297,21.55293936263197,150.28878568006132
5703177.429720147,0.2060921369716737,5.153522611836157,-338.7771626948084,21.5493098479238,159.92012851956463
5703628.138605965,0.20600813609336585,5.158751735373682,-338.80630359061865,21.555240867514808,169.28255385123484
5704093.211128006,0.20594486085804556,5.163035303223535,-338.8470934937128,21.568055197990265,178.50617909851735
5704610.134720566,0.20590133717275805,5.167429942360517,21.103610081572434,21.590009349768607,-172.29041197727904
5705435.4558528345,0.20586090421428677,5.171808038924345,21.034158819397035,21.622049789660903,-162.97344814342895
5706214.084777303,0.20584987719231387,5.175360266745821,20.963684794498267,21.658455342300414,-153.4283825252262
5706912.909942171,0.20588299657697404,5.177107836428121,20.904529341035246,21.683582605381083,-143.5131894639428
5707992.261666134,0.2059364223049686,5.178130833694817,20.842759782498682,21.7053138737893,-133.06562972764615
5708398.216652887,0.20606592620335953,5.178067349360997,20.82431982189896,21.70287695896714,-121.93144835929711
5708977.711103691,0.20621733530583675,5.17809150369329,20.806186041902393,21.70541918787055,-109.88886576273468
5710071.5458134655,0.2063896877990646,5.177846222799976,20.76917014944319,21.726829250495847,-96.69609849685847
5711932.357539142,0.20659365233712706,5.17715513516689,20.73173193333626,21.74669803037121,-82.09893355271252
5713954.083725862,0.2068328862171207,5.17588510676426,20.7124888930307,21.765710222346947,-65.88763797703957
5716557.100779997,0.20711950519908923,5.173438366481727,20.71102327919446,21.78563534920831,-47.940759696944525
5719125.503911305,0.20739574472020078,5.170509706120319,20.750271897844286,21.795760824211552,-28.383761778907342
5720233.51673289,0.20753428213919425,5.167452079138987,20.836243879455548,21.793917107792925,-7.693243472523793
5720809.892480986,0.20756137553919032,5.163626727032409,20.94589904085813,21.774963292964138,13.338027986668832
5722777.1155167725,0.20763835345788678,5.1633836103609045,21.005952245406576,21.772113840296715,33.81023912998768
5724395.767171089,0.20765834845371878,5.163076054060974,21.065064345111875,21.764930593836,52.952850363499216
5726171.740650993,0.20765974704775952,5.1631513326542935,21.107722947628403,21.772388807642834,70.3918315569941
5727965.390268648,0.20764315407353315,5.16292571139825,21.140074676431436,21.786677183610568,86.09215868801174
5729768.139009597,0.20761142320602027,5.162678788605923,21.1782195792502,21.792502153182504,100.21498888270229
5731295.490157032,0.20755437952315595,5.162092799893199,21.206174252943168,21.80074939274145,113.00649831310865
5733091.808790142,0.207488730971527,5.161322412122127,21.239266039997993,21.80782370488223,124.70524425008149
5734862.211491954,0.20740392244944428,5.163637356747618,21.290691720246514,21.79380788811044,135.54706366205232
5735661.915867737,0.20731736244165583,5.166942111024812,21.311269171975063,21.78187153932388,145.75768757130825
5736099.2530950755,0.20721023422633592,5.171335313759553,21.303560426246314,21.774989310318546,155.5038161377851
5736356.877741445,0.20712408929388892,5.176158993992056,-338.7256127891863,21.776408528824884,164.92584448409545
5736652.680819804,0.20706226465092514,5.181613164706739,-338.76769548608445,21.787928685086005,174.1481336376044
5737088.106789831,0.20701555679163508,5.186766291857039,21.184321088007035,21.80859178314931,-176.710265008677
5737758.404288176,0.20697647132185445,5.190891938954914,21.121504332779175,21.83389087885183,-167.51452944847483
5738507.321269745,0.20696386987814575,5.194999159362948,21.046660528877606,21.86961033582614,-158.14972953750447
5739147.655873222,0.20699417060452494,5.198394308728521,20.969097534004838,21.91069584908061,-148.4887961792972
5739972.992729694,0.20704233842190986,5.199656779677089,20.91114187662777,21.93247359072661,-138.38405565008372
5740505.886718389,0.20714299921076954,5.2000005964976985,20.875826807016715,21.941689346517226,-127.67951550465747
5740923.065771079,0.2072732190262538,5.1999085078997,20.865031086434712,21.93638557605964,-116.18327018018194
5741829.897332342,0.20740864849295518,5.199895558254234,20.834131496050656,21.949391505095278,-103.66200226509066
5743527.246921614,0.20759477846883403,5.199446547749797,20.79189341017046,21.969589968112576,-89.86711813694703
5745362.082974687,0.20781994102481782,5.197916544573353,20.75393113030397,22.0009180585262,-74.57005609980635
5748056.884079408,0.20809857074922616,5.195763353619275,20.73106081231235,22.025107042652984,-57.571004368896105
5750566.985573299,0.20837354876996708,5.1929637587757815,20.74627757281042,22.04120502249333,-38.86233255928429
5752826.865388971,0.2086093318470654,5.189719689910103,20.803425354374973,22.046129258396295,-18.716746721826343
5753686.9367865585,0.20869689417357074,5.18707475100746,20.90112582577024,22.03933791688974,2.216288681965011
5754780.452065956,0.20871843895061776,5.182976062077683,21.02667971898125,22.008887946881586,23.044766274799148
5756598.536001092,0.20876652443688412,5.18275180140858,21.0861681052292,22.00533809639231,42.93046268886806
5757730.218606919,0.2087488316241576,5.1829988274496115,21.120339571452245,22.01468413444183,61.271608859399045
5759414.447070653,0.20873292513419237,5.182987239742972,21.165421336262686,22.01702949315822,77.85209633062225
5761216.436570825,0.2087141081973383,5.182700296150927,21.199479294257557,22.027313311616318,92.75319850110846
5763053.696855143,0.2086787695040369,5.1825568863195715,21.240153607966942,22.029827742749763,106.18365966390186
5764772.885758301,0.2086288295322738,5.181997203338238,21.272775645152112,22.036236366841074,118.39731701004611
5766599.036755774,0.20855551812934453,5.183406618489746,21.32328569131825,22.025432847364755,129.63117006729695
5767377.505307037,0.20849493708316905,5.18758075760102,21.356857108227544,22.00513015778438,140.12721230001932
5767433.90492785,0.20839712204840183,5.192414044551176,21.349895639837364,21.99229733680537,150.0777285276871
5767709.27449012,0.20830261096302627,5.1968584140301495,-338.66873977790175,21.989044187846964,159.61261667189297
5768520.461321501,0.20817912703314018,5.201228112335186,-338.6962872556289,21.99374589330851,168.8725105091326
5769399.472887371,0.20807038375451126,5.206043154632946,-338.74194162053965,22.007684473414457,177.99396125762368
5770177.106317064,0.20800159245142616,5.210758918217339,21.200463785156135,22.03054737237405,-172.9074902790912
5770796.185522459,0.20797789360160654,5.2149586409962545,21.136054983747524,22.06036289274562,-163.7149819626909
5771702.031472124,0.20796053558874888,5.218505338728251,21.06266127709837,22.095533536229695,-154.30020481485155
5772572.009884637,0.20798529755720838,5.2201222077509914,21.001828714358503,22.11789899254378,-144.53172186717438
5773410.467217302,0.20805312421118966,5.221362834143306,20.94100559439174,22.142964401641706,-134.26111691621549
5774259.4790019225,0.20813586830981468,5.221429600391087,20.91014515620896,22.145137959064343,-123.31880624713821
5775294.832774106,0.20826830069036115,5.221506369035276,20.87660479119433,22.15210191981154,-111.49781970525672
5776714.567500904,0.20843055384047943,5.221370473463085,20.836896888275163,22.167502104019395,-98.56736725590626
5778604.358604606,0.20863210101245436,5.220671539768192,20.795073371367163,22.189639268124623,-84.2796452712757
5780963.531296782,0.20887663777309878,5.219401757071066,20.765218624142467,22.21016028111212,-68.40454229178954
5783801.511929017,0.20916731858106202,5.217688241000832,20.75970480360072,22.225372583391167,-50.803839825641326
5786049.739538984,0.20942722628386876,5.21505914669279,20.79650298870658,22.23606646793758,-31.562076856253384
5788293.223687567,0.20964532913774686,5.211838361961331,20.869963564679544,22.23618114776442,-11.076682650071849
5788098.416403286,0.20963506158075554,5.211344147136507,20.964560041169857,22.2339034083376,9.886824109336839
5789205.506997131,0.2096590356187499,5.208982191306712,21.04590859257797,22.21089064792173,30.439791050246214
5791053.866435608,0.2096956634282063,5.209140188074347,21.09768604645439,22.21405835094702,49.76148610972938
5792785.452071598,0.20969595169842742,5.209471388544813,21.12728194247954,22.234981511655104,67.4201349233406
5794508.75559465,0.2096765336213903,5.209346899468199,21.162503035120505,22.245815366555618,83.33215702352302
5795929.812189342,0.20963186723592273,5.2086710295315575,21.181315204403436,22.264164767657967,97.63971619610602
5797748.291670099,0.2095916333170313,5.20834864489598,21.218342168444174,22.269041545958043,110.56205269314316
5799533.240023401,0.20953464368950594,5.208559599416764,21.260227914821346,22.26687275210158,122.35650055876529
5801076.076549029,0.20946943000346263,5.2092833999607455,21.29798866425936,22.262077398410067,133.25981653744378
5801724.194159986,0.20941053212289204,5.212737306141145,21.321292143403923,22.24802865941192,143.49205242219605
5802123.798830714,0.2092935802400014,5.21635754323916,21.312524907269026,22.24079308105301,153.22993000900547
5802319.093861638,0.2092139188833586,5.220466965546986,-338.710796332787,22.240190921190134,162.60831328923948
5802863.139325539,0.20912267447031874,5.225729312302624,-338.7461758548821,22.24879033540014,171.7572979123927
5803555.430427607,0.20904180205527667,5.231011165899935,21.202585973593763,22.267068480909394,-179.19555751589752
5804099.864753127,0.20900564308996838,5.2358085424532534,21.141526675057477,22.293273673902448,-170.13561342416813
5804701.810613863,0.20899267416746822,5.239726586478979,21.076608443047764,22.323919665515785,-160.94598564751368
5805695.200498458,0.20898367632438702,5.242475875128552,21.00553539357132,22.353764101624414,-151.4935056753994
5806438.553965265,0.20902500285044068,5.243710492664189,20.952023874784242,22.372564202367414,-141.65406573100063
5807328.36273076,0.20909990011047566,5.243775538409168,20.915419347549793,22.373993680637223,-131.26496293766624
5807996.143899079,0.2092123433960178,5.243926082702792,20.885571706528204,22.380065478265436,-120.15792324807346
5809183.453334058,0.20934973858886488,5.244038055628434,20.83856121418046,22.400103880171965,-108.10944333150458
5810447.337785827,0.2095246617793882,5.243703920523126,20.798802745617458,22.423009610509023,-94.89606696312852
5812601.031157834,0.209740632453077,5.242675959885007,20.75233376090166,22.44956507187064,-80.25417147243051
5815151.810977502,0.2099943605118972,5.240747873381444,20.71849279560641,22.476177608349367,-63.97765115418818
5818047.90367325,0.21029091761233448,5.238233827886537,20.716752204661933,22.49498445130675,-45.97255599353569
5820089.535722541,0.21053099117229748,5.2349652034816385,20.76337575752801,22.50480224040156,-26.396908865497963
5821372.887691008,0.21066821910317815,5.231883313765545,20.843595503989008,22.50178776611088,-5.739531265607594
5821857.574378032,0.21068144507200157,5.227909526812968,20.956399054724237,22.4806023799135,15.164068685148957
5823840.49600644,0.21075316889489318,5.2276428610699135,21.017331823436837,22.47736257002954,35.43099627362127
5825653.5176467765,0.21078109996956748,5.227518772163008,21.07304520297901,22.474333922230745,54.32227713077862
5827297.097356962,0.21077885969546317,5.227588441070028,21.11035336430065,22.482776018175134,71.50373745662267
5829121.1287806295,0.21076645056316565,5.227344646327463,21.141768395576833,22.496601055677633,86.95492845722264
5830970.007609423,0.21073857709476226,5.227153500480673,21.18096457489386,22.500865584036326,100.84872263330708
5832821.630481603,0.21069343620502437,5.226739721617839,21.217345214162066,22.50648354397101,113.42700710368896
5834572.877298696,0.21063135190044574,5.226809919221722,21.256312594045045,22.505793689848232,124.93924915684083
5836137.986372566,0.21055684069891042,5.229049514943508,21.301945802484457,22.49249485884228,135.61233835003844
5836617.903116003,0.2104778365764537,5.232275302569226,21.313801836261884,22.4809858092527,145.66743142773478
5836699.2753310725,0.21038916408654176,5.235922863039532,21.297527633692738,22.475221116389424,155.2628930711191
5837053.817532068,0.21030227658316186,5.2398527883178385,-338.72528865468024,22.47611733654854,164.52275984617128
5837616.394485857,0.2102168669541096,5.243924505340095,-338.7585537608493,22.48422578744587,173.58131089040648
5837985.197028656,0.21017430972862147,5.248931870008447,21.190475852555238,22.503380409696334,-177.43692929668234
5838696.379349932,0.21012819435268193,5.2537323732237065,21.12636325632831,22.531512835807757,-168.41730543921705
5839344.260978544,0.21012121098298298,5.2576658951332735,21.056637573196305,22.56413038516808,-159.2441012847737
5840005.555565245,0.21013840505751666,5.2603041643882715,20.992763419285247,22.59439801887266,-149.79611424134345
5840603.806397608,0.21019960754518996,5.26204873918777,20.93231547017757,22.62260902623008,-139.9323216255676
5841184.645673804,0.2102971655431383,5.262919649456882,20.88318985866521,22.643987737402377,-129.49775601144017
5841647.605107447,0.21040724004200184,5.263071582165838,20.859163346893354,22.65095193856597,-118.31535956518786
5842768.10321025,0.21054749280848462,5.263099816869296,20.825301206401928,22.661174119158275,-106.15523667002572
5844386.251678191,0.21070819417698414,5.2627851617017445,20.78419561413561,22.67874024820165,-92.78428635723921
5846212.570252439,0.21092244081479844,5.261763585020804,20.750138928868537,22.70247863807437,-77.96625478132692
5848782.445360139,0.21117875312520626,5.260260583908815,20.72703548534269,22.72145063775797,-61.48242349963769
5851770.923670571,0.21148018197347704,5.2576606745825885,20.729983180498593,22.738966620926202,-43.271598751029146
5854454.112820242,0.21174906291627002,5.2542765602845005,20.774667240017802,22.747160254576706,-23.52998465199607
5854971.206978364,0.21183185231214974,5.251123855928429,20.867361904567105,22.742316929832423,-2.8212480616407825
5855502.538324835,0.2118384749013295,5.247515842313327,20.975638380695457,22.72059946025383,18.01744725458587
5857201.660202632,0.21188960031688914,5.246916774164566,21.036649029703916,22.712865203858588,38.10057044489046
5858726.724915214,0.2119001168976017,5.2470452610010465,21.080765981145877,22.71654863599242,56.73841215376334
5859967.0225906875,0.21188236316991904,5.247115332650653,21.10454647271678,22.730519153848984,73.65077631146784
5861653.0691575445,0.2118666560734188,5.24704272014519,21.142946500826937,22.733661648684762,88.84399505235845
5863515.603523634,0.21183889110357157,5.246788938682814,21.180693694808543,22.738938083218,102.5076476584163
5865313.280384524,0.21179198457633108,5.246022759299165,21.21115948651877,22.748820176404674,114.89137020466514
5867168.6039844025,0.21172761319886851,5.245797010395924,21.24945951510452,22.750701852038645,126.237374156216
5868949.8404344525,0.21164518777072158,5.247830305857633,21.297610361484455,22.739272615686975,136.76923026689104
5869310.481770737,0.21155655965324646,5.250984235733712,21.302658096116666,22.728781888759706,146.71612128295368
5869975.424953008,0.21142958160775224,5.2550935605224645,21.29602349446511,22.723101101392526,156.2068313077657
5870202.274817754,0.21134892529138152,5.259702439870386,-338.7328698050729,22.724942068343047,165.39243286463952
5870776.833960831,0.21126461881019074,5.263921472521429,-338.76719039301383,22.73400045580927,174.3845901415031
5871604.77718378,0.2111790220038546,5.269131990554154,21.17857539191774,22.754711451275977,-176.6873541449473
5872124.020274935,0.21115262431141582,5.273501024146036,21.119306119989773,22.780986177889595,-167.7165648072842
5872846.882002478,0.21113808907949033,5.277382005557421,21.050786206377534,22.813837744900685,-158.58221356339385
5873598.018780289,0.21115677671198566,5.279439357938319,20.990032852124024,22.83788431437222,-149.16072870110497
5873956.665365195,0.2112322485923137,5.280356183078422,20.948118040279315,22.85299601879097,-139.32454001472337
5874673.829290442,0.21132252595822013,5.28065182092891,20.911010473892986,22.860407296226334,-128.90274450856398
5875739.521587936,0.21143306305260537,5.280517767299913,20.887089286882357,22.85371644282153,-117.7136327612374
5877137.428704614,0.21157216281942362,5.280544413574181,20.841822959621073,22.87003939947227,-105.54665884059162
5878708.567222554,0.21173484211338783,5.280245940112571,20.804528863567267,22.885724363950924,-92.1679290748027
5880868.955437679,0.21195383388970218,5.279085633930601,20.762194021419795,22.91181083952929,-77.326994622987
5883442.08910387,0.21221674914385355,5.2771728028593365,20.737138612072364,22.935325098226645,-60.824695960870834
5886544.488520244,0.21251064521684768,5.274470389060181,20.734921168236333,22.95300760495373,-42.5906521393613
5889261.379097322,0.21278008855999617,5.271060298177311,20.781064254025946,22.96078295582605,-22.845595755182394
5890206.425847067,0.2128862098936633,5.267522765395281,20.871632673318175,22.95492756584905,-2.154307172420683
5890567.859326307,0.2128785454234546,5.263872147045294,20.982952175478577,22.932428089689513,18.631345390637282
5892501.694102045,0.21294133029110676,5.263777863436488,21.03965156142581,22.931077155463516,38.63685732783429
5894033.807752015,0.21294799625575125,5.263745958916994,21.089366398477324,22.93026125618184,57.185323148146146
5895726.301732542,0.2129331663347112,5.263830039180238,21.119075077624736,22.9488947499633,73.99759377322049
5897490.899889035,0.21291021720531472,5.2638001392797955,21.162169650597825,22.949915166143743,89.10423234943433
5899336.779823018,0.21288105494847537,5.263350958579376,21.195271190960995,22.959259007334634,102.69226339330405
5901117.538504962,0.21282037903851198,5.263110620887479,21.2322459689197,22.962271938349417,115.00771297794726
5902975.884346673,0.21275639947545522,5.263098777331563,21.27214291834557,22.962321098217622,126.29172771136048
5904784.760780364,0.21267389019332697,5.264735376914595,21.318423582307194,22.953164319306758,136.76576124903488
5904841.397044443,0.21259630425574336,5.267049237766812,21.313769564805792,22.945480778449348,146.66526580334892
5905403.684881901,0.21247898069906002,5.269911678448287,21.304587652762862,22.941493293588834,156.10421018891412
5905679.52374894,0.21240284444066584,5.2733386078645355,-338.71856872733326,22.94277693171133,165.2323737122978
5906311.07418664,0.21231114216288757,5.278260681513244,-338.7551126043618,22.9531517035712,174.1722477636619
5906973.324773062,0.21224193499497293,5.283366011834626,21.196754626242637,22.973140822224227,-176.96061019736155
5907738.390150504,0.2121898076377922,5.287091341905662,21.14222769947154,22.99522442727483,-168.0496796338808
5908643.711673923,0.21215257023003983,5.290376771276434,21.0805896029892,23.022625379895555,-158.98137398945067
5909313.455156794,0.21217649034089048,5.292251820632518,21.023609420895152,23.044179644870514,-149.63309631326536
5909745.407077473,0.21225330141076812,5.293667631766888,20.971080910725078,23.067055662986522,-139.87558696936173
5910584.147295414,0.2123301867503976,5.293579186598837,20.941762073662883,23.064827304628913,-129.5458160546376
5911333.52878196,0.2124514185174403,5.2936488366525,20.914590628107508,23.067922914515666,-118.47254622967131
5912618.10303369,0.21259058143545567,5.293699735062667,20.870278242553063,23.08541896900765,-106.43594345888673
5914069.776675139,0.21276562560381193,5.2932633522307455,20.826849755128258,23.11025646143609,-93.2099727807098
5916162.1254995745,0.21298190158662975,5.292315827440621,20.788676849191674,23.132607669013208,-78.54089447408964
5919153.238261187,0.21325148417266762,5.2903610472413805,20.75215316379313,23.157693753399567,-62.21574884416784
5921943.733901298,0.2135391250863394,5.2877258826250895,20.754891675641854,23.175910986620785,-44.173629915535436
5923927.842238363,0.2137681955356791,5.284368328790296,20.80345260671929,23.184646962637867,-24.589052905379432
5925128.707465796,0.21389568276771706,5.281301542970234,20.88893513411789,23.180604197466874,-3.988152227688703
5925499.03718967,0.21389606533644395,5.277951186215341,20.993933031805167,23.161499743067637,16.790182448267643
5927579.560895147,0.21396935785334345,5.276884037170135,21.064123758290073,23.14847548832474,36.85806703199281
5929475.441288659,0.21399952979276715,5.27676931589594,21.119135988036106,23.145528280167255,55.51193017038329
5931249.4967033435,0.21400104715342844,5.276796990729214,21.161029264559648,23.15020997409465,72.44661861263289
5933036.546767175,0.21398769575255597,5.276685286536077,21.198730373177174,23.15576410349886,87.6652895792903
5934762.942212896,0.21396147310617641,5.276403374937242,21.232192592526808,23.16190515351323,101.34763276544959
5936579.4961581025,0.21390832515645597,5.276021073503805,21.26766086158988,23.16695986777104,113.73169964629207
5938444.977525445,0.21384736867388288,5.275695698519268,21.304819112887802,23.169791980324096,125.06330237891333
5940149.1378763765,0.21376960046227755,5.276685650780044,21.34535598329011,23.16396877969561,135.56775431785198
5940647.632062197,0.21372760794683096,5.278175038437803,21.357851555699742,23.158663092547947,145.4580465569759
5941138.028320413,0.2136023780021951,5.280206417933757,21.344605608436915,23.155376513927038,154.894273958277
5941626.370297331,0.213500982297513,5.283172377205065,-338.67647235072866,23.15582038941258,163.9995919469577
5941938.679776128,0.21343710640909466,5.286320942308567,-338.70911559338583,23.16169824770249,172.90303545044048
5942185.79232497,0.21340382996092075,5.290172102378991,21.24383783744545,23.175735042345764,-178.2780817060298
5942745.509709775,0.21336642444438397,5.29507436161154,21.1870334120486,23.203206266256622,-169.44060719554128
5943530.950302953,0.21334273717657132,5.299184314836961,21.117300855202473,23.235746293329914,-160.45892726084847
5944192.337936714,0.21336152175738368,5.301159503780322,21.060719694761186,23.257263598626334,-151.22270318307977
5945284.126777021,0.2133822245179464,5.301895245498467,21.009602669643748,23.26842516321029,-141.59246033671755
5945709.256531505,0.21347306627130902,5.301865170181252,20.986630582183867,23.267695395021594,-131.43909116853862
5946584.805642808,0.21358047741924222,5.301868017066253,20.95901552554485,23.26770800081452,-120.56825249758009
5947262.411173871,0.21372799303495504,5.301982696184849,20.925983546523504,23.285607189319272,-108.7933779586585
5948424.7449331805,0.21388389571485716,5.301696593968699,20.889419154934604,23.306760881924045,-95.87031755400649
5950353.054603606,0.21408166979057489,5.300994846913903,20.85365100917918,23.325659869955693,-81.54978661448168
5953105.717074819,0.21434051437460805,5.299087442651528,20.815319442459987,23.35302606251581,-65.61222572509628
5956411.700276094,0.21464652589226216,5.296859915916763,20.80510507494977,23.370597915089174,-47.9454801834948
5959382.41401194,0.21493051946502667,5.2941225110544945,20.835425366461063,23.37987601609989,-28.669088139585156
5960689.549351424,0.21507857145364795,5.290840689997332,20.915948768619646,23.378189221451887,-8.249815436983125
5960364.60731717,0.21505021646609312,5.2891303260852425,21.010253416303986,23.37000949799954,12.536033439496729
5962373.633577429,0.21513051970207614,5.287918745580486,21.076494371811574,23.357213359583785,32.79314866295797
5964182.665120052,0.2151604357355548,5.288182103536753,21.123071654207823,23.362963429573096,51.742247984554915
5965967.306594709,0.21517098999432754,5.288163850233137,21.169706472410677,23.36211250813364,69.00650368917103
5967440.307816854,0.21515790193612816,5.28807314062095,21.200281944968378,23.368335479714286,84.5405799034118
5969339.206152992,0.21513314380505627,5.287992986622801,21.241932835068734,23.370192026858543,98.48285198513776
5971270.856456123,0.215096186926502,5.2880408987182115,21.2851844869882,23.36938068285931,111.07706869930041
5973181.298028927,0.21503965588191834,5.287275533838688,21.31878651423328,23.37673546766292,122.57018497893236
5974694.502590563,0.2149777318654099,5.288124977879553,21.355495717266827,23.371229804929847,133.19620276702483
5975431.8220529575,0.21492656012949277,5.288458535647148,21.369395576712392,23.369860237491118,143.16039023439478
5975617.278471898,0.21483278412735468,5.290539141584115,21.35726609347477,23.3655852856606,152.64138306613938
5976174.659412585,0.21471734921015737,5.293539741808448,-338.6616308354917,23.364767654468878,161.75955609030933
5976628.18254385,0.21463348683416147,5.297325350907201,-338.69229252065344,23.370190197983593,170.6461770860756
5977196.804857757,0.2145630815607244,5.301157939364803,-338.7324707312083,23.38233380800285,179.41632416257622
5977753.930394433,0.21451938273680543,5.305258507289632,21.21773222787806,23.40304210016128,-171.81954687393815
5978329.606410293,0.21450685814991707,5.308604861534765,21.158137988245354,23.42723472205019,-162.94441338817623
5978941.85486703,0.21452310016259987,5.310119039453928,21.10764775167715,23.442316187511217,-153.84792285657258
5979731.875202084,0.2145566505473644,5.311045043807729,21.0592570432915,23.45505174882229,-144.40269446095365
5980131.598518416,0.21465138581579132,5.311156471161465,21.031055731892298,23.45722963174146,-134.4754882444378
5981223.334727047,0.2147318146412334,5.31101013843681,21.002918039855153,23.452358362839913,-123.8842024863247
5982180.643552735,0.21486113772120075,5.311156731070184,20.96715484423716,23.464484454977786,-112.45209439468216
5983198.524605596,0.2150170221456418,5.311036718485707,20.935478892293396,23.48101365126291,-99.95602381466506
5984867.822094981,0.21520500633506146,5.310546482860286,20.902989969491852,23.497717088097453,-86.14198546913347
5987553.233706286,0.21544870138082414,5.309075583627242,20.860895920403884,23.522957234806217,-70.76969041833165
5990412.091359053,0.2157300406059968,5.306731025104722,20.843781624689974,23.545400295720345,-53.69346746180929
5993201.442265546,0.21601087155610227,5.304386948357932,20.866418073291246,23.55635964276976,-34.93621901581956
5995408.918513648,0.21623039539660727,5.301235095054561,20.93065955988589,23.558595723071136,-14.840434914109968
5995658.374974299,0.21626279119865463,5.299106073388654,21.02517036283505,23.551528857560562,5.8953502144414065
5995762.75932109,0.21621252666662394,5.29663918186503,21.127676240847556,23.53097380596437,26.36809599661542
5997663.061858779,0.21625700829461436,5.296659151701752,21.181690333926046,23.531247882541994,45.76327860985599
5999483.253062369,0.21627352706505934,5.296791950103449,21.223585660788867,23.537281177892314,63.555300053452676
6001288.4836789165,0.21626853247418165,5.296727347470893,21.256665357206753,23.548873676029075,79.59843943847561
6003160.485210653,0.21625476856060974,5.296511904966756,21.292361455825578,23.555688327039114,93.99565753473034
6004916.750967372,0.21622603229708282,5.296250962451442,21.32664201750337,23.56009922490246,106.96786840425847
6006829.669164628,0.21617954750713345,5.295556222770145,21.36007003816301,23.567733974972644,118.7564678269077
6008671.21587822,0.2161147742568883,5.296088114540458,21.402467905677373,23.563755492735964,129.60021007548866
6010293.089727741,0.21603128510270617,5.297058598277404,21.4385751881347,23.559080996763125,139.70904559518652
6010387.622307859,0.2159525242766946,5.298834328948085,21.430370166309654,23.554265348236015,149.2966296344366
6010855.8530953955,0.21584314293352158,5.301253176862795,21.415685725083367,23.552120645821358,158.47408229901328
6011355.050739491,0.21574670894829473,5.3046458428637715,-338.61026347262174,23.5549036022843,167.37704954390347
6011835.763805514,0.2156752274577433,5.308513722222252,-338.6474487458558,23.564650192532913,176.1233249716726
6012208.393840449,0.21564016593244126,5.31372508333346,21.300109356154515,23.587155163204486,-175.1766027155756
6012694.200866897,0.21562419256942744,5.318239228799836,21.237126689552614,23.61579621590771,-166.41088822755827
6013370.288871642,0.21562201688399393,5.32029276500739,21.183080253639613,23.633871611775678,-157.4694688156858
6013992.438676473,0.215652137775501,5.321877395786863,21.131222748068783,23.65299974510662,-148.23617444385778
6014457.4925413,0.2157253277021064,5.322641424233052,21.09049598500848,23.66596512735463,-138.57815689123237
6015107.763943028,0.21581613147823514,5.322434248906054,21.069542742572086,23.66050435708088,-128.33751794004576
6016536.214904666,0.21590826173376312,5.322637649367917,21.02305099940879,23.670785157197518,-117.32294495348592
6017488.991652792,0.21605751469859516,5.322646558358248,20.997230647600404,23.678752967031702,-105.35348990097084
6019334.256300122,0.2162324037106422,5.32211495765538,20.945204131179725,23.705768567692736,-92.16713343006374
6021644.181845356,0.21644154638772095,5.321272894393171,20.90685525175005,23.7245327036415,-77.52959856943285
6024438.942985591,0.21670408738126207,5.319193789112639,20.875501219098222,23.750044339834517,-61.2388047293079
6027128.966943875,0.21698377549378003,5.316489102957629,20.88132964799732,23.76786989712011,-43.230081425789315
6029424.187588703,0.21722350693521855,5.313065661065972,20.92648096006321,23.776018699800883,-23.687235553357883
6030353.157713767,0.21733004780671286,5.310051029136776,21.012907363188592,23.771493009372456,-3.162091318917379
6030529.95919651,0.2173152291895018,5.307777149492685,21.111288805601962,23.758027961042792,17.504839417183213
6032424.11737795,0.21737945208168444,5.307399663351521,21.16747123459151,23.753249222046694,37.43440317967126
6034330.154170072,0.2174120007445274,5.307444979177227,21.215795644783253,23.754564434790975,55.92908008866894
6036108.415832877,0.21741667726361985,5.307466336482589,21.256110916179793,23.75882760016201,72.70071615362897
6037987.769434141,0.21740514143271622,5.307562629802218,21.30547295877669,23.753384347886467,87.7588246742711
6039877.993307957,0.2173773459577533,5.307694143797356,21.35078636335873,23.75031172487273,101.28697890747354
6041797.886474876,0.2173375291869457,5.3077512495944035,21.39294208032123,23.749462753588837,113.52666150378897
6043345.603672907,0.21728961321328455,5.308075878946735,21.428337111353592,23.74653595950499,124.72792615290669
6045033.404512297,0.2172207864031828,5.308243808157945,21.46363648789611,23.745516421671333,135.09811368098678
6046090.6447111145,0.21715286896345254,5.307797441802598,21.480394262860575,23.74710774624791,144.84314062285543
6046196.139469793,0.21706597542965272,5.308559306181456,21.463084931231545,23.745789533259416,154.14498647967798
6046471.244548185,0.21697637110863932,5.310126822979202,-338.56103946913555,23.745810023237144,163.11186255746773
6046780.216572072,0.21691430502580245,5.312897594649987,-338.58857516846126,23.750502305946846,171.86114042307082
6047203.143108131,0.21686202873120278,5.315716876094323,21.37448356308844,23.760138500522746,-179.4875495029241
6047511.302093551,0.21684732062332046,5.318517933453241,21.328353598332587,23.774991273819364,-170.82561555434555
6048419.076848583,0.2168067802614578,5.321913520866007,21.26609579036545,23.800468819955658,-162.0419835008037
6049134.18016197,0.21681185872955838,5.324022599408786,21.210738480334413,23.82214950191931,-153.03041397995574
6049645.760967581,0.21686168821205434,5.324943974162035,21.168797445869043,23.83519762723436,-143.6671901910986
6050445.87851348,0.21693176581790433,5.325118134289922,21.13329554816806,23.83873518001594,-133.80245791948462
6051656.982585715,0.21701521653989794,5.325289505345963,21.092669261987982,23.844501703282514,-123.27172935137746
6052319.643574553,0.21715193925533954,5.325400384249262,21.066242314248484,23.854518469668083,-111.9042962414859
6053929.239801874,0.2173050824474151,5.325235675715154,21.01983675057362,23.874332989503525,-99.44977553355196
6056117.233540054,0.21749471143948124,5.324547617548292,20.97184100377904,23.896912048088108,-85.67521837477369
6058955.462104965,0.21774325753544596,5.323363299749207,20.93383958066269,23.91678546854962,-70.34829036097405
6061787.186764175,0.21801916000406069,5.3210334954611636,20.917754957239737,23.9386582660115,-53.318911194611836
6065016.57624618,0.2183235847430815,5.318066648190609,20.93490639940935,23.952252688735037,-34.60822522045532
6067574.949237149,0.21855979150551869,5.314861447174508,20.995340665208545,23.954299280954327,-14.564846588687422
6067904.120617459,0.21859605884885963,5.312647754223635,21.089034245480274,23.946827630463524,6.105616075601051
6070052.644883582,0.21869764096147887,5.31206208434896,21.144933530231803,23.94176232472297,26.53307656783037
6072017.151028687,0.21875035431598855,5.312127971277067,21.194670418421907,23.942828104385214,45.847551668075525
6073646.007384472,0.21875522883668844,5.312144650060282,21.239282180141057,23.94380176142617,63.55383826991523
6075515.74133623,0.21875304378152355,5.3121120207618935,21.279070042267687,23.948847532038624,79.50865358267204
6077451.441818349,0.21874232155602596,5.311950852168605,21.316804222599025,23.953892093901356,93.81921275381278
6079393.056728458,0.2187130594100456,5.311746514898965,21.35528559673656,23.95733377661342,106.70374684090477
6081345.121603498,0.21866759372817413,5.310950697345105,21.38768544001358,23.966149019743142,118.40893382332591
6083070.367767762,0.21860758332568528,5.311039548758437,21.423825886091976,23.965442744762584,129.17231639527367
6084864.395124257,0.21852140291487707,5.312183469707841,21.46428220115423,23.959838198374392,139.19293814901235
6085027.684319619,0.21842698570900956,5.312578006177888,21.452067641187707,23.958714013302057,148.69320770290517
6085274.141002201,0.21834104829416048,5.313404668898906,21.435927508711366,23.957874937034987,157.7786222568409
6085328.037481369,0.2182878444361617,5.315874339288874,-338.5896996796084,23.95955551393393,166.58368308616014
6085563.798045324,0.2182367061997676,5.319556930775077,-338.6270535671873,23.968215090516374,175.2240149720366
6085832.275433095,0.21820918848574414,5.322707627346872,21.334076902374285,23.981155172241436,-176.19792133808505
6086378.086126355,0.2181835465515046,5.325751363111233,21.281976456265937,23.999636265890572,-167.56446930838072
6086909.764174815,0.21818830229968023,5.327413731442948,21.234875858560933,24.01364305248127,-158.77446676275994
6087530.2626131475,0.2182147641580575,5.328581976798761,21.18882505204025,24.027079956578966,-149.711179521113
6088142.636760209,0.2182770609657432,5.328670894938546,21.156365034133366,24.028476832610913,-140.2463430843834
6088716.785331696,0.2183658559716367,5.328764699040099,21.128986093712964,24.030677006395848,-130.2363435716964
6089786.026886996,0.21846700924779872,5.328920289534136,21.092836616658783,24.037363954885357,-119.49860754010633
6090959.743240664,0.2185940556847093,5.328956771191797,21.061286236112863,24.04500861139498,-107.84161384766757
6092381.042152923,0.21875950740837743,5.328735059194388,21.028353398159254,24.059547022154668,-95.03521891642382
6094351.073045,0.21894333108145525,5.327893683466689,20.989349741974248,24.08107476866867,-80.82818089700187
6097136.237486575,0.2191986444745097,5.325914117169633,20.951898515826333,24.108523231309732,-65.00202057252247
6100074.9611290675,0.21948018732487012,5.323583342606724,20.94629517244472,24.126360687086322,-47.44965619810671
6102840.727819005,0.21974655317375205,5.320342995031452,20.976339803952033,24.136935376571895,-28.28667246380964
6104508.252469877,0.21991111528301033,5.316599784464334,21.051723076028235,24.13472742065519,-7.981062610486841
6104732.698446058,0.21991669751246654,5.315447559814542,21.141439437630684,24.129073408985334,12.677944925248624
6106603.183133427,0.2199857987576628,5.314275862759729,21.20626843275625,24.116681507170906,32.797798894400664
6108422.157281708,0.22001085444470578,5.314004909831974,21.265366760021564,24.110799181793713,51.601534649027045
6110283.957013048,0.22002485873788383,5.314157503847154,21.29908505465546,24.12254815450547,68.7195113232877
6112130.589633416,0.22001485191525538,5.314055815392284,21.335455136455987,24.12979327617576,84.10034021032132
6114061.227959193,0.21999789535259262,5.313837328883975,21.372035558779363,24.13528157951348,97.8982988901572
6115839.344454488,0.2199692279997882,5.313765833760539,21.408714749634317,24.13625848866688,110.35114862819384
6117295.674243074,0.2199333592112022,5.3135853992239905,21.43730280612864,24.137982442595085,121.70658925212638
6119219.608516818,0.2198622009974928,5.3143535928968975,21.48128850040465,24.13286327157125,132.1726595031381
6120434.9563110005,0.21979304389502857,5.314672448686029,21.504739752582463,24.131492950789855,141.9689588020211
6120441.270170517,0.219712834129644,5.315040345907946,21.488349129491574,24.13064430973165,151.28366510472657
6120586.861099547,0.21963979978225515,5.3153423536071625,-338.53076148715775,24.13047524534192,160.22230838825445
6120801.483097954,0.21958106114461837,5.317344527055332,-338.5543540794741,24.1327530574886,168.91050940035163
6121394.982475385,0.21950268359207356,5.320432325531578,-338.59046111420287,24.141435054918585,177.46628030984857
6121770.863385418,0.21947101187998935,5.322469848815202,21.37261900006335,24.150802069569792,-174.0089831505326
6122310.190029051,0.21944586709414252,5.325520213540637,21.325959900037915,24.17103216021962,-165.41064011893496
6122862.754863914,0.21945449942871076,5.32685100835304,21.281769181536898,24.183155554762966,-156.6226812750619
6123357.263172913,0.21950221560814467,5.32767459490692,21.240187944718304,24.193387102324735,-147.5335978910021
6123867.698148688,0.21957878584782384,5.328315677436523,21.200785592464925,24.2045682519333,-138.01391936799075
6124786.247714855,0.2196520431687829,5.328591280837351,21.16367054121082,24.211906518944453,-127.90713689197672
6125953.751461696,0.21975380207064255,5.328782518596781,21.124148571334803,24.221952352346175,-117.0376366755323
6127760.032234266,0.2198778099751781,5.328789479806684,21.07271873952471,24.238594320456823,-105.19276004121373
6129819.67077177,0.22004973693582794,5.328267350914089,21.018225209890613,24.264728949197576,-92.1494917979308
6131995.429289656,0.22025508606530625,5.327089591662341,20.975992865057297,24.290908062996294,-77.66763638705953
6134678.224390287,0.2205117367308506,5.325096690547326,20.947982480127155,24.31546095427623,-61.53526070952544
6137533.936702829,0.22078637372239457,5.322530577988266,20.948372643341184,24.33255566917368,-43.67386341292722
6140114.448465154,0.22103637036698778,5.319343100541644,20.987706796441493,24.340413154151907,-24.264737847043087
6141764.545868173,0.22118438072260183,5.316347456803396,21.064052634968697,24.336261428933373,-3.843548691627484
6141646.583732415,0.22115389747383923,5.315618718110361,21.151528546312573,24.331916866250467,16.743719390101653
6143391.555555422,0.22121009756345988,5.314578883493625,21.213223941187007,24.319312095120615,36.62122478105844
6145269.09569288,0.22123834687377755,5.31448266389873,21.26550442520045,24.316885024378593,55.07621284242542
6146813.727351809,0.2212364011749151,5.314537489932522,21.29777155264093,24.3244591768572,71.81560318525123
6148732.131630985,0.22123279421108522,5.314393904414693,21.332817234327788,24.33209609062643,86.83227975099327
6150683.366863208,0.22121537198294025,5.314236443805544,21.371012788313177,24.33555595546915,100.30864967118245
6152577.57561174,0.22116963824868555,5.314050683825226,21.408683406810514,24.338041433971334,112.48595023143336
6154389.176904984,0.2211169918781341,5.314694098779158,21.451800050796162,24.332077032457324,123.60749882865495
6156305.742620394,0.22104302573790405,5.315393252113284,21.494330230171943,24.327741853524586,133.88706961713558
6157691.122148637,0.2209726476220378,5.314884320380466,21.51852238525519,24.32968873927237,143.52544719225475
6157958.3940742295,0.22089076482616746,5.315335337656461,21.508938574673724,24.328786255923287,152.70712230745048
6158312.142300198,0.22079931773533112,5.315712940107719,-338.50965381154003,24.3286781324944,161.54183265554087
6158721.909296226,0.2207243909726987,5.316897645573463,-338.5321707320169,24.33031514206954,170.1455567528759
6159232.844412871,0.22065704002936623,5.318181793854312,-338.5650086683949,24.3342386881111,178.63530254227362
6159654.494937085,0.22062520795846258,5.321044172780465,21.3905188685285,24.348155465686528,-172.8898263671643
6160142.629229469,0.2206166410817737,5.324123031114246,21.336144883318827,24.369482204370804,-164.32433002193093
6160747.519018108,0.22062491142817356,5.325890497676262,21.28695532854872,24.386218847380228,-155.56256249960322
6161377.579416182,0.22065927220612352,5.326786096502484,21.244503341813292,24.397773584679786,-146.4876092268613
6162018.959056899,0.22072980911468773,5.326634890359183,21.217688768148633,24.39498106759684,-136.9668555628081
6162984.728087164,0.22080958359857067,5.32697602881165,21.177656836958512,24.40459741071599,-126.84524113279784
6164194.057788387,0.22091141524069033,5.327227558960359,21.133712630133584,24.419286635378374,-115.9458604834106
6165685.8528649565,0.2210501075309078,5.327213431913695,21.09603394958302,24.43005013684227,-104.06137355557338
6167693.075842382,0.2212247813703749,5.326636462792744,21.044011153058378,24.45628833397248,-90.95471230492193
6169975.675415928,0.22144260441128671,5.325477832466299,21.004590691684488,24.480673614634686,-76.39042949681279
6172886.573496347,0.2217077377306105,5.323326306453534,20.974265728120344,24.505962487219936,-60.16149605627354
6176386.808379291,0.22201432738802382,5.320931449478358,20.97204893826466,24.52102355217408,-42.203548501743605
6178991.3312978335,0.2222678581932404,5.317488174761245,21.017027272253753,24.528486027672166,-22.735580202885426
6180341.191104751,0.222393870983591,5.314662068740014,21.09825029004274,24.52369829751291,-2.3102558214760616
6181110.103076257,0.2224126595843093,5.312124603166204,21.19794913691957,24.50818345870564,18.214184304708898
6183169.287267504,0.2224861471275932,5.31116943276425,21.25930572176862,24.495990568662435,37.96929893627673
6185143.818732951,0.22252445201982632,5.311375932299107,21.30070931930957,24.501765900420786,56.270119638155336
6187129.556395074,0.2225411638999324,5.311418465032815,21.337701646000454,24.50966679427166,72.83968066246297
6189135.873873832,0.22254098304288453,5.311226151180681,21.371517410800482,24.519178374724536,87.70014837676247
6191135.511324741,0.22252179919639725,5.311033122799152,21.409673333447923,24.5233093822957,101.03674741805652
6192853.456282478,0.22249080054585463,5.311306133508505,21.449032042031746,24.51953819772791,113.09695380731094
6194773.363738777,0.22243685509806094,5.312106934119637,21.495304388315642,24.512280846960056,124.11077790376879
6196354.612687437,0.22237194775509558,5.312498139932107,21.52863637885901,24.509889746194958,134.30485811659352
6197512.875680612,0.22231423288532973,5.312913241171304,21.552040939277905,24.508298340569223,143.86513093016927
6197677.014787244,0.22222910289884165,5.312289687057094,21.536248124939345,24.509468308753902,152.97651922185617
6198130.042958373,0.22214002676889347,5.312404531456547,-338.47747032054815,24.509432599311072,161.73781300302906
6198484.392156664,0.22206800638746788,5.313458242100906,-338.50182359854506,24.510928159783283,170.2791414868658
6198960.452866899,0.22200752234339424,5.3142319297327045,-338.5277272718585,24.51331083120607,178.7015551017214
6199406.342934538,0.22197382652628636,5.31676473421571,21.428653061927214,24.525676135275063,-172.8838861182766
6199659.414300511,0.22198673867426907,5.31973273087124,21.37713955352916,24.54626244646795,-164.38208810628288
6200380.195134133,0.22198364430912026,5.321176987248678,21.330617307715784,24.55992513332252,-155.683529521632
6200768.872700324,0.2220425200877715,5.321867041128641,21.29269012806269,24.56879703880736,-146.67765409198427
6201389.116548546,0.2221085508555164,5.322207711981491,21.258427937321947,24.574939176055842,-137.23097865654537
6202594.486319933,0.2221724368302558,5.322488206574275,21.21619913714104,24.58273607607706,-127.18525328767655
6203790.838980442,0.2222711682100844,5.322722826751086,21.174142725061266,24.59599279964302,-116.37570284014738
6205109.867751928,0.2224024208423552,5.322707303454289,21.129310709512975,24.617286714366518,-104.59572381145895
6207449.010205898,0.22256145361465882,5.322174099815581,21.07024017230381,24.642647756332273,-91.59575150430547
6209553.491956878,0.22276258960288678,5.321012886029088,21.031076113914747,24.667831060889473,-77.16051520309149
6212771.536062809,0.22302873361376327,5.318948505359538,20.993676242420687,24.692813307116936,-61.06148435771038
6216010.448391521,0.22331814313475298,5.316176180812888,20.988820524702767,24.710956091438543,-43.239326003794446
6218702.494467383,0.22357645331059747,5.312726012076654,21.030102139367294,24.71918928324387,-23.882413846255364
6220385.247509036,0.22372682831567092,5.309657111997832,21.110532832537697,24.71471671876527,-3.5267142195996857
6220275.859770138,0.22369586104250067,5.307876918721877,21.204048513681535,24.704289128024964,16.98471116565332
6222192.804372678,0.22376187651929122,5.307449355419328,21.25814795130163,24.698977059149854,36.775078464453635
6224073.357363973,0.22379548790002568,5.30734708735235,21.30733077265052,24.69637028613906,55.139789674143266
6225980.490112424,0.22381028801352687,5.307408042813192,21.34252673630096,24.704761835517022,71.78105157946506
6227879.532081736,0.2238029409049987,5.307112395676589,21.36846917792974,24.72107564557736,86.70596950433315
6229877.097427899,0.22379069776217625,5.307029972254023,21.408082597741007,24.722827132161434,100.09332930866215
6231623.472162904,0.22376232849909336,5.307042310529959,21.444188375468777,24.722569608626404,112.18796509194395
6233625.691689478,0.2237121211063397,5.306941699257041,21.48380346850396,24.723455778557113,123.2204069149511
6235592.775860775,0.22364019338965407,5.307432070746522,21.525682758163942,24.720352684525995,133.41342574098198
6236638.998997141,0.22356467130665222,5.306765397046152,21.539359364211315,24.722983435582933,142.97388555154936
6237027.211060826,0.22347260324698687,5.306827383435849,21.531101902839616,24.72283873258222,152.0624841658852
6237105.256671578,0.22339600946070862,5.30732175215373,-338.49222984280635,24.722638829383726,160.80611682986958
6237650.135793557,0.22330486970850186,5.307699229439674,-338.51323320315925,24.723098637756127,169.30684810369056
6238110.989864169,0.22324189190931853,5.3088619705681666,-338.5418537938816,24.726450673700292,177.68148128386485
6238611.815639654,0.22319885145726015,5.311123070768651,21.42000192531602,24.736958675307083,-173.96941000394307
6239037.578395834,0.22318314813535273,5.313926562476181,21.377463482173706,24.755591549736934,-165.55032043038938
6239485.9716775045,0.22320401131145817,5.3158815479519665,21.327818569024892,24.773334038050137,-156.94463516803876
6239989.762438441,0.22323882556159763,5.316139810123759,21.297004699944015,24.776494733719407,-148.05142217401357
6240518.841099655,0.2233122008416061,5.316371800044154,21.26508596557865,24.780444394684473,-138.73936285198153
6241702.27407814,0.2233777747606937,5.3167395370715,21.220631219774884,24.789910668045984,-128.85574830785603
6243033.244532928,0.22347434829654517,5.317235173935999,21.164043828261896,24.814006217474695,-118.23916828319686
6244679.598655308,0.22359337109614336,5.317272331979881,21.117986115171647,24.828669734811243,-106.68828969878479
6246386.44512617,0.22375955720702048,5.316875306211388,21.07306299282243,24.851733208853474,-93.9826712585742
6249068.636377752,0.22396815862425593,5.315770121896582,21.019620506363363,24.878668617331915,-79.86317607341891
6251895.247194139,0.22421554440093994,5.314219010414969,20.988816321158268,24.899492390321708,-64.12895474560437
6254394.810198968,0.22447524150961493,5.3115672293805964,20.988848958958446,24.919188872967784,-46.67692445749754
6257127.625467518,0.2247352986598286,5.308240916521402,21.02000068795698,24.929548809979245,-27.6168518027413
6259349.614074102,0.22492763311414932,5.30550413844941,21.090766520686774,24.92753507939806,-7.426772124809694
6259824.773066567,0.22494652949852006,5.304094076340898,21.180828731094724,24.9205078804714,13.090259220742727
6261726.144365676,0.22501920927930008,5.303269166993612,21.237076368511104,24.911626333766794,33.05162457971115
6263619.626152666,0.2250580836738609,5.303335347254041,21.282591759042493,24.913119762581033,51.6860356582778
6265579.633390151,0.22507832416405785,5.303326438244853,21.32725126406776,24.91295802814072,68.62653123772141
6267130.4073299505,0.2250645083107802,5.303096914086763,21.346300844378053,24.93053007754756,83.83884493049624
6269050.020617723,0.22505295759125735,5.302976238557844,21.383195172099768,24.933543955387893,97.46811607619063
6271064.538557887,0.22502634189454213,5.302925893507642,21.423502974609633,24.93422460280793,109.75093123977815
6272872.645151865,0.22498584567382213,5.302864183252445,21.45931670312571,24.934796197488375,120.93577016803526
6274685.268339638,0.2249262022139289,5.3025114642639934,21.49274953829452,24.937179449565093,131.23985513193904
6276335.750861807,0.2248548076476345,5.3025221037333905,21.524462769023156,24.93710987816561,140.8581328457999
6276650.410788972,0.22478244306301023,5.300920321619982,21.515363456813674,24.94109645309468,149.9858975349868
6276733.187215736,0.22471696543762987,5.300814897043101,-338.5018674544862,24.941165618335578,158.7378100598749
6277013.163437851,0.22464583622266246,5.299780296279319,-338.52211844346374,24.940274217663013,167.22784688265085
6277540.220112881,0.2245734843960977,5.300260708134518,-338.54471510414294,24.94145317697543,175.56219716854508
6278198.060676435,0.22450915620739534,5.300948655871671,21.428617194095455,24.94432361993375,-176.1543902208114
6278566.737300759,0.22450038018333882,5.303652715884501,21.380767905994663,24.960805157363787,-167.81663861276553
6279071.709596116,0.2245076506701994,5.305281390696862,21.33509536543814,24.974436944465552,-159.32931645583812
6279569.721008142,0.22453884741724908,5.30614797814687,21.296495188126737,24.98423164511368,-150.58722017620872
6280182.1407794785,0.22458587522495568,5.306545371399683,21.262851424496244,24.99038674992824,-141.46746126143307
6281536.272271104,0.22462935800294043,5.307114249386807,21.21146201589431,25.003249494843555,-131.81913025173367
6282300.111210493,0.22473729594430802,5.307558939477478,21.17132891534831,25.020418223857945,-121.50736269979502
6283695.786367862,0.22485773607337922,5.30768975798856,21.12670286551952,25.036625684455995,-110.32155114161229
6285727.985727536,0.22500817971479345,5.307463713407314,21.07415585976854,25.057487193247688,-98.04402089538773
6288113.770106552,0.22519846682789293,5.306257075562774,21.011804110011568,25.094170493267285,-84.44196560565491
6290949.414996991,0.22543232418546008,5.304452433304254,20.965947209140875,25.12320795730362,-69.28270076772537
