-70272.5115121606
-10014401.578883389
-69298.6688884967
-69298.6688884967
-69298.6688884967
-69298.6688884967
-69298.6688884967
-69298.6688884967
-12427.182953347454
-12543.918122823206
-12227.171357740075
-12325.971237511323
-11999.645060745403
-11787.077790416928
-11766.361652659985
-11470.27636192214
-11458.726694823952
-11348.050434209623
-11151.823323473389
-11149.62652800364
-11141.729807912063
-10937.053995771807
-11137.565678614566
-11365.243268004975
-11358.863772476312
-11253.684979106056
-11141.603489421079
-10228.038962244698
-11254.65078507521
-11256.173017826539
-11258.715378471108
-11140.850388639306
-11154.19093242834
-11049.703777184655
-11147.124662311233
-11158.146956634522
-11169.724889968878
-10846.624677248152
-11162.752418738577
-11030.25993331917
-11163.057473074065
-11162.994741017314
-11183.60413592142
-10467.126848946655
-10275.964686428708
-11033.681895725165
-10869.555803545876
-10488.696723834637
-10487.923790504954
-10486.891610051714
-10005715.389355443
-10006546.559267724
-10006778.658263128
-10006896.338459922
-10006965.826885283
-10008771.760348454
-10006472.350575984
-10005212.616760647
-10004996.450866235
-10004694.869350428
-10004692.25290909
-10004693.288938303
-10004705.88475447
-10004692.2171502
-10004686.36812952
-10004787.990712924
-10004789.343640951
-10004786.09795561
-10004680.925554862
-10004786.57260397
-10004790.080607822
-10004681.832646154
-10004789.158138784
-10004779.576775208
-10004786.094850311
-10004687.932800101
-10004686.100386243
-10004783.523348669
-10005093.485872466
-10005291.420953318
-10005190.059787732
-10004874.268343337
-10004974.852255387
-10005186.627974786
-10004978.42921591
-10004972.269333879
-10004774.309308518
-10004771.450472822
-10005075.471212102
-10005800.741687896
-10005694.385111937
-10006928.097579261
-10006309.43156489
-10005799.511849137
-10006420.601750534
-10005894.339680824
-10010015.58630031
-10009760.85190427
-10006028.927293358
-10006229.241464833
-10007137.967089657
-10278.6374801113
-10570.842157645859
-10167.24776358345
-10482.696416333401
-10793.462728233348
-10919.074076697203
-12344.024190456768
-11672.825806509623
-9581.64532666746
-9573.440207034238
-9581.26430069819
-11582.680085755695
-6579.236653114037
-11586.715934693664
-10685.615819992705
-9498.43222277756
-8695.333017505
-11480.239591025938
-11682.657997028487
-13144.836541631048
-69842.6617322478
-69396.48350007593
-69298.6688884967
-69298.6688884967
-69298.6688884967
-69298.6688884967
-69298.6688884967
-69298.6688884967
-69743.57497039203
-10008567.758325463
-10008453.163969826
-10007661.79143074
-10007169.078853829
-10007258.912083814
-10009661.054272994
-10629.738167381953
-10026.9586006652
-10031.342532617125
-9610.027220637516
-8462.108267549691
-9503.572846986926
-7758.725676549981
-10188.924299861079
-10208.387731845516
-10204.805762450824
-8781.883844816959
-10196.986871110397
-9062.41529649187
-10199.826620598305
-8294.8754680561
-10297.409087325854
-9296.231299287541
-10199.17949200951
-10197.24710652809
-10194.448913047687
-6988.802356422506
-10192.588266172861
-10193.350246630793
-10200.292561128492
-10193.420879983978
-10191.664717606978
-9393.18906158871
-10187.881241553789
-10294.562525985191
-10292.72937340994
-10195.828734975472
-10290.643446178336
-10190.778383006389
-10487.410099692142
-10476.661776150519
-10485.798268251336
-10593.105720481815
-10481.931318580442
-9326.998640704365
-9680.547741395005
-10056.827332471508
-10004592.085115355
-10155.27696813891
-10004592.450668711
-10004487.08403866
-10004898.933968684
-10681.757784256142
-10684.571388006196
-10586.763588761176
-10687.542436305448
-8681.996691643319
-10688.595488999648
-10788.114474294327
-10676.80093317121
-10030393.734926792
-10682.096623785174
-10680.936546943241
-10883.308422653956
-10882.865534057682
-10988.190510739914
-10883.019855719973
-11085.1703109714
-10885.817954158321
-10884.749574755555
-10881.753884212123
-10984.252003053849
-10987.919456524964
-10883.908869066201
-11189.209024595577
-9497.754521821575
-11498.076724749295
-11092.139744271679
-11398.286502750521
-10011385.97682828
-10010763.86076063
-11190.811154367077
-10598.603032450412
-10990.231141957005
-11192.578283271005
-11395.884656687276
-11091.905485928144
-11192.271499495473
-11598.730053407211
-11092.43695417902
-11192.984700224086
-10787.36773169559
-10987.496853337338
-8890.48606146791
-9191.19757975213
-11192.260294500466
-10889.3236434294
-11192.008015505387
-10986.709513310509
-10886.485453247042
-10088.503806304338
-11090.088626649003
-10988.052409472886
-10783.96246015052
-10988.280354764516
-10884.902177665617
-10782.5387348909
-10882.831864681379
-10581.905689111612
-10693.47344866033
-10687.324417880842
-8790.899522177593
-10690.410419176294
-10892.768097792556
-11095.828181429622
-10690.139676410294
-10690.983762783508
-10589.022912637549
-10689.849969739045
-10590.360011147095
-10691.042816860087
-10593.477111798546
-10590.431040085863
-10592.091463929293
-10792.195098383916
-10592.126399956725
-10491.484257173
-10689.319076526384
-9789.14567660079
-10587.371945962785
-10689.717581226078
-10585.514461402792
-10583.281663519792
-10788.206545867759
-8589.794824794799
-10587.116484596323
-10587.78370971962
-10689.41364187053
-10585.494843818422
-10691.844072071242
-10686.219252864741
-10686.275570417189
-8584.580524608642
-10589.382051606397
-10490.084671341594
-10589.758437912262
-10487.361938065802
-10892.8093194242
-10588.191565393472
-10790.624434185047
-10486.667731089734
-10483.522412342061
-10584.025754939055
-8583.002144229476
-10685.705033848706
-10586.332373251187
-10785.382102306929
-10790.017443263205
-10688.425375622868
-10585.480044879447
-10582.942045897767
-10586.677885218882
-10583.749498677877
-10582.366095232515
-10593.198128579766
-10588.455098094322
-10489.230371531592
-10687.132444456325
-10588.739937056458
-10584.09308263025
-10585.862700272064
-10584.795635031074
-10793.046428725796
-10590.96683341402
-10588.487833116513
-8490.926238879609
-10688.269784107162
-10586.384674197065
-10797.863325975979
-10691.622028673015
-9793.701727118469
-10590.60144568549
-10594.017582365399
-10589.68638211291
-10590.75546506689
-10586.314185563568
-10593.680825391692
-10691.681969979247
-10596.90199002236
-10495.086265719927
-10485.847190483586
-10588.319688013127
-10891.893332808486
-10790.352317722085
-10591.206050567469
-10693.854567485663
-8588.308766008377
-10690.917059789168
-10589.601603000106
-8591.49073809541
-9690.838933260018
-10593.245248838184
-10493.414251774382
-10590.466865835167
-10596.41861184622
-10388.150975447692
-10496.868162763265
-10496.923678427824
-8495.98093995346
-10598.440612618899
-10392.343619686804
-8495.19603856001
-10494.698892150609
-10597.305108126924
-10495.407884630515
-10493.40522344963
-9803.773005768207
-10491.870846425123
-8596.844628282908
-10600.04073845918
-10491.22370739613
-9695.317766162378
-9699.187066669998
-10597.02306676319
-10497.246107989055
-10600.464763557397
-10596.647882959618
-9800.189554841398
-10490.211131336408
-10494.475732588691
-10593.912650288603
-10594.302415328946
-10495.355159773946
-8490.834042299002
-10595.547686066411
-10598.62037841584
-10597.150637997971
-10701.763291560515
-9700.592704444292
-10598.442838972293
-8599.709102875526
-10600.927871125974
-10601.29864386423
-10702.182382858779
-10700.279957012974
-9696.867897526963
-9694.363438085815
-10596.57082228245
-10596.562261329422
-10601.255610894006
-10598.15049551577
-10802.660695276516
-10702.365953107987
-10595.780699724182
-8701.77271799809
-10805.116416567627
-10803.667586536838
-10696.777442935947
-10596.450741415796
-10803.871941857622
-9905.496425675758
-10698.641582164539
-10697.23609576782
-10699.846510575679
-10599.030253926352
-10700.870502133122
-10697.573407417118
-10802.24006632728
-10802.31780932392
-10905.292987648503
-10600.435926603444
-8812.244911926055
-10811.3477393836
-10806.48959263421
-10808.111851374208
-8806.963351460578
-10911.027384701209
-10700.549690131016
-11008.672743354082
-10115.863285180643
-10911.459676421893
-10807.39820574882
-10805.791026606026
-10702.045749253337
-10803.28102855247
-10105.389155997314
-10905.725762947242
-10901.935321486399
-10109.422251677857
-10802.900716423967
-10801.14669277324
-10800.339106527532
-10700.953527916863
-10699.327275400794
-10698.763879423266
-10006.348098374192
-11008.085800952498
-11110.663054911816
-10904.707933557656
-8801.176812984271
-11110.946352169893
-10907.133253661663
-10805.316816371087
-11010.382828018524
-10803.726363677924
-10904.004277745446
-8904.10795377587
-10905.156327081906
-11006.042620579128
-10801.323871382796
-10905.258901746945
-10904.630463235724
-10906.054117942427
-10905.298002591271
-10902.895970175212
-10801.019470871986
-10694.527995556668
-10799.99258594719
-10106.62713464713
-10800.29728402125
-10905.28500854703
-10108.275354393894
-10911.095597074804
-11009.926480358316
-10906.724016426817
-11008.057952527142
-11013.595796697053
-11010.300964365759
-10904.321440831118
-10907.292158024939
-11008.932759055759
-10697.353782577824
-10908.164100592765
-11108.947755393176
-10900.916969479713
-10901.091547764529
-9005.415821228711
-9002.775179281269
-8900.312447679109
-10902.39389741014
-10900.588991084742
-10901.318687294486
-9112.990285783435
-10799.768498357345
-11003.964881536935
-10900.896194961388
-11108.785250134511
-9894.309311223586
-10902.85965421262
-10102.72469087618
-11003.681176537644
-10697.3983495384
-11007.034815235129
-11008.654036030437
-10903.326903253674
-10798.178709198912
-10594.8354048994
-11006.09864143483
-10904.208866277984
-10800.78996579939
-10900.195486362525
-10803.75380936317
-9009.89057365859
-11008.220480185977
-10798.733013118843
-11107.80703040711
-11004.39160136072
-10693.926138070357
-10797.451734458966
-11003.831011664897
-10695.567739901544
-10795.839530176976
-10595.290202856586
-10801.52003910736
-10595.86819531414
-10698.039285210009
-10593.022465869686
-10801.255974416215
-11005.718191911332
-10907.238604010781
-10700.491031959784
-10909.76214183329
-10908.499332031937
-10110.461342994377
-11010.869093968277
-11015.61895444117
-11014.649615470413
-11012.745352520273
-11011.24468395395
-10800.035188794962
-9902.286201070892
-10801.70610474458
-10106.972660462765
-10800.857574521578
-10803.90552207277
-8804.519867762201
-10596.568543240312
-10906.59796147344
-10805.189291472923
-10803.91823196447
-8804.829504015252
-10696.797771308491
-10904.349694145852
-11010.242447336137
-10697.065799113867
-10699.650024716271
-8907.811431355722
-10806.085975552976
-10697.823825328578
-10799.487987020264
-10791.761181341417
-9690.566972297873
-10795.008706305925
-10488.414535326425
-8795.266279883546
-10795.05878919773
-8694.57466247174
-10593.99469908123
-10693.719619122465
-10591.282438622888
-9793.527905907733
-10591.737243916647
-10697.011586949597
-10802.019220978898
-10800.425811450514
-10596.709613453411
-10797.321438700257
-10489.70889059839
-10693.59296229287
-10590.70552474101
-10798.728992943867
-10797.89760865275
-10796.22635180341
-10799.301107312498
-8904.409855003767
-10799.899001962207
-10797.04310735956
-8694.91409337396
-10590.23364555029
-10695.465769411632
-10691.431028648341
-10692.773981766059
-10593.697250003275
-10695.97986965645
-10797.834951464763
-10594.955760826802
-8800.680847184338
-10803.157427007478
-10798.49528360948
-10592.700163553269
-8692.057534436497
-10389.934392652429
-10902.954151496095
-10800.993472695396
-9796.284704791136
-10594.095481789622
-10795.435129613978
-10589.685582052904
-10692.179379530433
-10902.38734324827
-10799.276134588257
-10799.179871499253
-10593.859923790435
-10594.49575801325
-10697.4205029644
-10493.577609553357
-10798.715647876903
-8593.349157081144
-10489.334698929308
-10592.171845375304
-10907.897287324226
-8696.559870320541
-10693.43248157564
-10691.683319606298
-10590.841889848134
-10591.071749103898
-9689.465753025319
-10591.527250893318
-10490.907298546896
-10594.1095242701
-10490.678323168402
-10489.904630435016
-10589.546305257372
-8694.764684307349
-10897.007024213855
-10695.56938501121
-10904.639741834839
-10692.496592606785
-10695.470394761216
-10692.00563495762
-9794.927464660463
-10796.688037285392
-8692.834117193546
-10698.739157240863
-10595.731471221989
-10801.171935343491
-8800.043257795567
-10590.512219060922
-10696.501731619905
-10591.528611818749
-10692.915281987905
-10696.065322917972
-10692.869671088325
-10690.815535349286
-10589.637991826343
-10589.468086906845
-10487.557164866332
-10592.231343089024
-8694.354725955829
-10794.843962412122
-10590.382703035966
-10592.67824632038
-10692.269912896825
-10692.655237236748
-10691.654430220895
-10589.062300336005
-10591.188636590681
-10588.939789448397
-10591.161138084359
-10486.599930815086
-10693.23387748234
-8688.642252192107
-10592.979176606188
-10591.28636319772
-10590.937839391157
-10587.234466665826
-10690.13305712617
-10689.324664940674
-10794.42420558481
-10484.443394259835
-10694.981141328522
-10590.568046210108
-10590.8330211898
-10694.243748671102
-10589.701918129085
-10694.036024451438
-10690.90930567861
-10587.601630106645
-10588.695512801429
-10692.877017885332
-10689.662690987716
-10589.577045743163
-10693.019214508362
-10589.846100640725
-10486.185735069854
-10689.02872552814
-8690.044001501252
-10692.731659084318
-10589.820154454539
-10590.256612351763
-10591.704461388894
-10490.157910725407
-8593.366073229758
-10592.058169806636
-10592.584080591543
-10592.37815713576
-10695.812547441525
-10488.974602200797
-10487.1318851868
-8792.901151506981
-8588.170298338067
-10690.198456638567
-10689.927980983663
-10691.533873418835
-10688.172172120225
-10690.855753390459
-10589.203966224273
-10589.294994699796
-10695.412357926996
-10694.740993112355
-10690.130966088836
-10691.313629358305
-10689.652586742655
-10489.005568471328
-10693.733580488768
-10588.819331980054
-10692.364301244359
-10590.156748626254
-10590.402779474358
-10594.676506464097
-8591.744198351305
-10588.148061452443
-10589.63322117388
-10794.907021180803
-10586.797925190833
-10791.718239226177
-8483.540937737052
-8689.83877958675
-10689.74758460909
-10585.06694744876
-10687.849402464399
-10789.62037007117
-10587.712536840036
-10689.568754420778
-10590.695048413876
-10688.599682119837
-10995.228420876616
-10690.850649827435
-10794.288706783993
-10591.053905319448
-10590.743594144844
-10588.420599926285
-10688.956940641821
-10589.430330230374
-10587.184853599716
-10587.074148339636
-10587.55755855285
-10689.946735023388
-8693.019047579706
-10590.701727566091
-10692.023516507592
-10589.347761626535
-10587.595289350922
-10791.430755847901
-10688.678262292051
-10588.374965586025
-10588.559864121811
-10585.531959808335
-10588.037397059185
-10690.39548967759
-10487.37667458524
-10588.835216158246
-10691.298859431474
-10690.669472883763
-10588.655739800433
-10693.15167646796
-10588.686847569892
-10487.514283207518
-10486.125201404002
-9791.197929021911
-10589.350059657032
-10592.400557305391
-10593.125519041421
-10692.957550938592
-8690.424189375866
-10489.787690473211
-10696.006172337522
-10594.448384410085
-10487.215359107206
-10907.608472621177
-10697.550552922168
-8594.56500545677
-10594.348546431316
-10694.539689465875
-10488.460019505328
-10692.89557695291
-10693.612265011008
-10692.475581075863
-10591.791297103131
-10590.526924553991
-10688.107709924165
-8588.723856141292
-10692.263099276292
-10588.686159083516
-10688.79757056797
-10591.780564733117
-10592.359988728418
-10592.993834222021
-8590.745499799667
-10592.165701230155
-10594.85298605117
-10488.727058919354
-10591.402445825961
-10691.053780556533
-10696.338840148608
-10798.552812916789
-10593.637404195351
-10694.713344104379
-8594.649597908076
-10592.128617107392
-10691.595570832205
-10489.918295829517
-10490.249865295558
-10593.473310680498
-10592.19584515889
-10591.045100651298
-10593.03810131348
-10591.95129345556
-10692.631970001557
-10692.025161003181
-10589.8628372294
-10487.018772298576
-10693.195072525694
-10694.661024162891
-9794.684021702611
-10695.853443622716
-10592.621475376578
-10593.507089604163
-10589.741971441685
-10590.676867336108
-10690.184948431048
-10591.05176004763
-10590.85238605556
-8692.887677075485
-10693.556602575356
-10591.535017181564
-10697.391683463342
-10491.145990968032
-11000.027363664662
-8693.607397960968
-10696.79400366417
-10591.438752562879
-10794.47837525796
-10589.040018306863
-10693.812711781502
-10693.66701847409
-10591.078451658337
-10591.00422137907
-8695.74096328257
-10591.651158001818
-10592.246691296963
-10694.095028216128
-10592.14738366693
-10592.060972221994
-10591.360535873051
-10590.598381852178
-10693.576539574871
-10589.474289488593
-10594.458675098533
-9792.65173347941
-8795.423637886699
-10792.0297057851
-10690.076828078329
-10690.72612097196
-10591.111077688667
-10589.123685657973
-10690.292996287473
-8690.091232442373
-9787.928572323477
-10691.100416486353
-10690.028385992473
-10591.029249116711
-8793.486806505187
-9892.228397059813
-10690.801264152553
-10690.957076711506
-10791.077651665735
-10691.584986804113
-10691.745129433619
-8792.064978067665
-10793.59343066608
-10792.411380668444
-10692.119040701305
-10693.28404444666
-8691.555332313475
-10794.182224525473
-10694.133359259897
-8592.208911658914
-10692.962313796977
-10688.811107451194
-8690.480615365655
-10690.097228740746
-10791.373204047768
-10687.5284256612
-10591.01315994123
-10797.417312562968
-10591.85547251128
-9791.215563812179
-10690.011857916043
-9791.293084050387
-10486.790529986096
-10692.831800870103
-10692.977596875653
-10592.146013810425
-10698.586758910395
-10691.817294252673
-10588.529719604468
-10896.111986034848
-8789.653190488525
-10791.46900402229
-10792.995425113411
-10688.96075100293
-10790.57203764966
-10793.14990243272
-10693.68274029461
-10792.821845179073
-10788.476451267941
-10690.933761225204
-10791.712233321023
-10586.639290571084
-10791.046071669813
-10787.374014142013
-10791.910955375479
-10788.161731787319
-10689.202240275228
-10688.382264336442
-10690.626327495855
-10591.592337527212
-10792.492285895216
-10693.3403115554
-10690.471152423777
-10790.328239545715
-10791.227792735039
-10789.220900335833
-10690.004663137088
-8792.239863715395
-10790.794102006352
-10589.67687413037
-10792.099077765757
-8793.223146202066
-10789.65703845384
-10691.188319864797
-10691.523788925371
-10793.619827285216
-10894.808575034956
-9790.228081675388
-10792.735590089529
-10792.606451782643
-10690.94452993974
-10789.645664452373
-10790.77276586537
-10793.438916967873
-9790.546549085046
-10694.649884434484
-10693.758739702957
-10587.622620610027
-8795.223262452397
-8687.859241250233
-10789.20704983853
-10691.694370676254
-10590.394447182867
-10590.499734604617
-10688.120215554276
-10792.00199084698
-8792.54251702284
-10689.896279059672
-10791.498116411354
-10897.015253878424
-10790.065569176213
-8891.696634127646
-10689.841104642372
-10893.195370380748
-10889.714651018536
-10687.56377620505
-10692.670553160853
-10790.842541049227
-10786.90009411187
-10690.250267300009
-10689.088399989061
-10687.389736409925
-10094.021313041867
-10691.411408962918
-10791.210893934556
-10892.616436095945
-10790.34543102852
-10787.742616326695
-9891.057949149988
-10790.93870714137
-10588.828473489632
-10788.316325404603
-10692.290689557649
-8795.184884941813
-10792.791301684096
-10792.798701598986
-10790.649964620643
-10891.769090383357
-10789.532700717577
-10589.52017279583
-10792.416159136252
-9891.591466807946
-10686.304847188592
-10887.49706118961
-10890.916075364965
-10589.950073335762
-10690.54977748933
-10891.303732744467
-10692.372884630458
-10693.08498953238
-10690.354678910011
-9888.577471139226
-10892.370155207105
-10687.50452305046
-9887.060800635229
-9885.312230189935
-10791.031527198636
-10888.720454233766
-10688.140050501986
-10885.711135132946
-10883.829863004554
-10887.032104512178
-10790.118781717529
-10686.165741491037
-10787.780733203563
-8792.04268710494
-10591.491487964777
-10792.588016483362
-10688.75640592649
-8689.778671682858
-10792.502372876164
-10688.236955005454
-10694.43892837173
-10588.121624310908
-10689.63657278287
-10791.85930696352
-9895.007710382282
-10792.355998650337
-10692.789561922778
-8690.020252943565
-10791.878914360688
-10688.293566293956
-10792.272078544715
-9995.810348084095
-10793.859991066658
-10687.753046910619
-10788.865735476174
-10687.94997543334
-10691.553944157264
-10789.918056681916
-10790.12882039906
-10789.365746220945
-10792.806412490718
-10693.594684215523
-10691.11824977693
-10688.559041454173
-10689.305075560815
-10789.369776128535
-8790.605672156958
-10889.513343148361
-9788.62822153588
-10789.820868773691
-10889.372680208027
-10790.63210631655
-10685.158356636639
-10590.843412402177
-10790.27198575637
-10789.977339757183
-10789.234550167857
-10790.628512839286
-10888.065753851439
-10792.236747171723
-10684.100252779033
-10790.042211091033
-10690.329976219837
-10888.7731771698
-10689.98622710318
-10786.490155364976
-10790.775252392554
-9888.14948727146
-10789.545928575839
-10790.2223784034
-10890.064420133318
-10883.720930293362
-10785.926366401829
-10887.80506503249
-10888.324360771716
-10894.000069414733
-10785.473951038606
-10790.85049644945
-10789.901790398788
-10690.228920322375
-10785.048029518117
-10788.116857425102
-10690.115531513662
-10790.147298317555
-8790.992788955296
-10890.191801129087
-10691.505339082585
-10689.608508468767
-10692.777321054175
-10687.220103197273
-10693.322152077937
-10593.610457798604
-10691.726561654268
-9992.754988565466
-10788.612543422814
-10691.44536665884
-10691.97211059467
-10695.09871055305
-10792.745615870379
-10692.056076934312
-10694.945250757855
-10693.1670713618
-10691.306054557428
-10693.689460786716
-8688.854835634116
-10686.747716527534
-8688.894064526865
-10689.965598987337
-9890.93266513635
-10791.089041703028
-8692.884711883411
-10689.314137700429
-8689.394535992802
-10993.24427822401
-8691.925516635405
-10690.093992168217
-10590.409092923539
-10689.270467476243
-10793.299597251316
-10689.757352429791
-10690.889045223445
-10693.368961402159
-10692.73884288484
-10692.817865738616
-10589.185113314978
-10690.382735799838
-10890.392760660076
-10798.523462875573
-10692.302548457867
-10687.434781871612
-8997.765734460596
-8895.62193993235
-10692.673688168767
-8896.711128053857
-10588.179173583929
-10892.879943896603
-9892.055411990897
-10587.806190032417
-10690.62052647394
-10688.256071658345
-10692.01870085356
-10794.86962516188
-10689.150752873382
-10789.334385160664
-10588.852306262504
-10690.130902924813
-10694.050024717897
-10691.469341580161
-10790.678917879204
-10688.803598177861
-10691.881556409493
-10688.273912944644
-9890.26008997852
-10692.463692321828
-10590.734570718574
-10691.960444574206
-10588.785297649614
-10587.644015032965
-10588.949160787593
-10690.046049076806
-9890.55815555739
-8589.845576358024
-10789.869090462715
-10689.54250267699
-10590.41136208496
-10690.586635839718
-10589.817155971778
-10691.815414365246
-10690.111616996848
-10589.55609006256
-10488.812841772275
-10589.758000143107
-10687.013661307183
-10786.488812335634
-10693.868095422311
-10797.233401060063
-10694.48736957401
-10694.692330221003
-10901.170919279084
-10590.768090580335
-10900.806489857894
-8797.627083228046
-10590.939311136835
-10803.120352220367
-13065.426119113221
-12643.519281173938
-13070.9780074578
-13273.765340422515
-13376.61311186311
-13280.092054266945
-13174.653348686914
-18019.820228237295
-12965.220340205726
-12644.566224372722
-13481.948102947912
-14821.08663357628
-11830.156823177133
-12139.054534028239
-12239.437613704009
-10343.95422485324
-13380.676732697884
-12444.365614192324
-12240.623756315626
-12859.669797615994
-12136.557825585962
-12034.918997781271
-13382.125460083427
-15641.489833027197
-12967.275640059508
-12660.634541485859
-11610.655933282911
-17301.283616361452
-11508.573998939673
-12348.058166208715
-12971.156638622579
-15339.561507343176
-12763.065916830099
-12760.384562729
-12447.817455379674
-12446.356976328721
-13587.238303760698
-12449.360982348353
-12450.370582071459
-12756.924974787937
-12345.723225429156
-10551.773096597395
-12857.011845794286
-11718.194104113214
-12451.608799494023
-12349.364281237136
-12240.153777764806
-12552.252337319018
-12347.140113545152
-12242.520223785901
-15239.384931216593
-14310.84271235582
-14719.529199432389
-12343.295283725303
-11510.859839913843
-14723.496662789315
-15340.301455219605
-12239.978559427967
-14929.059036126657
-11922.306805476228
-14821.918694765249
-15446.07322440062
-14409.415826412243
-12203.2977033066
-12341.649710194624
-11299.899883487558
-10203.96914158421
-11920.979762663408
-14819.235504601407
-14518.362328580435
-15647.015988606934
-12651.680121274812
-12659.248968766286
-13240.5314843518
-14924.287486541676
-14930.043198813255
-15029.714093470231
-15344.68324066477
-14723.749544447988
-15442.343746284287
-11506.903585502203
-15550.388531907089
-10550.177783085146
-12449.961142293725
-12649.965425886516
-15446.054321559488
-15543.396638183314
-15027.637458114566
-15548.837362543503
-12550.04295966057
-13897.477236604314
-12341.692899858921
-12824.308533917732
-11819.00507033289
-15130.295540656558
-12553.117716772016
-16582.706313786057
-16684.358704308906
-16785.42251431364
-10442.342142945025
-14522.194765217415
-16576.11702306255
-14406.455333667487
-11028.079497590981
-14613.652685734778
-15344.168057312521
-14516.582256014628
-14820.497168998123
-14621.532628225543
-15547.24532778633
-14817.997979256414
-14822.459638932682
-14003.7755322757
-13714.33176637639
-14582.366391642341
-13900.220697418832
-14917.17060899589
-15037.531471942651
-15547.84506527195
-15332.9207272233
-15237.773003389684
-16162.471867413225
-16266.382843908055
-14160.785005496457
-14022.445977395635
-16062.994973498871
-14501.006271807757
-13050.917134613419
-15116.128004887312
-13156.576556847056
-15640.72925555611
-15016.508737933917
-13464.705801697532
-10005502.588510374
-10005594.200411838
-10006202.422676029
-10005590.240565382
-10005693.881702878
-11169.485995053888
-11680.001437099858
-10006416.020383205
-10008708.26399447
-10008813.865815274
-11993.841343608234
-10008912.396677377
-10008706.88047628
-10009008.930912653
-10008499.526482396
-10008804.093996469
-10008811.197664253
-10012244.759907823
-10009222.378634581
-10011731.921491496
-12365.262473255405
-12364.162781882147
-10012046.754035663
-12261.065204627035
-11480.654754293768
-12471.3142030021
-11465.955959902545
-10252.038994122424
-12245.882472291021
-11354.526470198763
-11367.529736080513
-12262.003564176202
-12358.571775499295
-11340.864808625249
-10147.241478015703
-11238.405026487208
-12239.703938537301
-12141.438341946538
-11457.097849871388
-12248.263326997208
-12340.825542885977
-12248.030691472528
-11348.852942839796
-9455.916916230484
-12352.837836662238
-12143.094997454256
-11447.129368082416
-12139.748353203353
-12006.378774874678
-10007939.223041518
-10009733.433451077
-12358.024108758125
-10355.236994365654
-11355.38165421589
-11464.029163236706
-11345.81508366313
-12245.285896463432
-12247.181834872361
-10362.923775716365
-12144.817896880482
-12249.665705315714
-10139.499170052728
-11809.069446420519
-11344.411669343983
-10358.155487571099
-12236.940089703596
-11348.870766755701
-12237.655362242955
-12136.241388247845
-12137.266604200315
-12192.948902755239
-12137.716612921173
-12253.347075570064
-12128.758978833874
-10136.560339597414
-12251.616306569467
-11347.167031121602
-10248.74252286506
-12462.68163039662
-12373.854507934642
-10020.335645996525
-11926.490888205564
-10009639.182846336
-10006915.962188302
-12474.044308061615
-12484.834818890331
-12461.248563054036
-12470.630844359759
-11475.461344346082
-12459.686435351283
-12477.468310002714
-12468.548113653475
-11569.97406511262
-12573.978138695975
-10359.264502163845
-12672.871182835352
-11446.254726969013
-12565.099550415105
-10562.498441185895
-12461.601750151467
-10464.660603238015
-12566.293985761149
-12569.107653579063
-10364.473251042515
-11459.846650015359
-10342.01433582656
-12355.211658739454
-12466.882032294163
-12248.861110433492
-10568.567534564538
-10354.438183424083
-12470.070517474907
-12575.407299141252
-12244.900090485737
-12350.052439104325
-12459.01528839002
-11453.903476103804
-12463.80590310226
-12469.750949531684
-12351.860233643332
-12355.406280973923
-12459.600242526089
-12563.124127076095
-10362.20646576995
-12259.559615308626
-11344.765683241429
-12458.22448378385
-11457.948129918985
-12356.440216247624
-11458.391663572093
-11568.693914424057
-12245.490910377
-11566.497151659256
-12465.63187531322
-12455.905901049333
-12354.370571658548
-11358.812165320816
-10578.541604036323
-12252.367659184763
-12470.118572010913
-10557.654432866831
-12256.286255654573
-12465.595736143412
-12465.914529062873
-12466.385878166242
-10467.415077417021
-8474.271098956362
-11671.96341421691
-10365.1164404434
-10571.834410156584
-12473.699658380277
-11571.985620967142
-12471.226439399328
-12365.450553923123
-12355.581777709047
-12675.354822247169
-12571.889210644222
-12783.094989243526
-12679.324345977262
-12779.47123566372
-10978.50453233926
-12669.250074226062
-12680.270552766882
-198.85641787921716
-11775.105325480185
-7869.3665900352225
-12669.387825584276
-12563.131768306888
-12462.203282928187
-12357.045204727097
-12467.411953623921
-10452.83636926734
-12571.84698417796
-11563.752559328872
-2885.4193395162065
-12774.321028973209
-12570.045158265022
-10567.793230171506
-12560.736895833641
-12545.766808345075
-12671.583122112426
-12771.717258386294
-10667.490124260943
-12882.690407634962
-12776.062050072049
-12556.829317743868
-12649.358447867397
-12567.740415299813
-12565.907641015685
-12768.312655304973
-10867.576124201703
-12966.583221236513
-10871.78229720723
-10880.10848790632
-10667.630245427636
-11978.153456984299
-12771.557284162262
-12677.488716220476
-10970.930281270083
-10760.722020048537
-11669.445434897092
-12758.234991129051
-12865.892282845984
-11082.371020896024
-12663.523345000462
-12657.712287738916
-12662.339011470305
-12353.631263676038
-12446.055379358162
-11551.214670654785
-9768.844589788216
-5264.851601867305
-12653.655474808005
-12754.775902023785
-12867.112365323826
-12660.502024193314
-12671.799376542862
-11641.312610144887
-12644.922609731899
-12455.56989415787
-11662.691774981648
-12466.151094021172
-12668.978783499542
-11760.585441416171
-10558.69777581974
-11556.361511595696
-12663.092492132277
-12567.308601897601
-11849.75107449049
-12550.728603892105
-11662.541560697298
-12666.783576947366
-12779.465695030398
-12969.043754869173
-12670.72633137255
-12667.631644547246
-12979.253293636539
-13177.968323040834
-12973.08352435732
-12875.203273490082
-6497.263141663266
-5400.066211881474
-7686.339765943653
-12979.698384721392
-13289.580077939128
-13292.954242036682
-11482.961451356005
-11882.671787507408
-11504.715239870817
-5592.3400603934515
-2814.2570617788433
-9609.103813358899
-13081.430909421058
-12863.838877875161
-13283.322256063017
-13377.635613250024
-12388.011982335214
-13066.544597678992
-13186.874397631065
-13489.403254971112
-13279.388913593017
-13178.771167440258
-13287.776141887705
-11577.421283328418
-13384.65597216399
-13286.007653284481
-12285.744450781109
-11380.138792325393
-13168.059315495633
-13286.732718250372
-12400.439546118892
-11388.721257516054
-12864.683241812707
-12956.18779321544
-12766.23189489152
-13060.715494059987
-13070.367213074442
-10871.522510913843
-12650.366576760875
-10737.105673095866
-12543.79894700724
-12743.656128444558
-12444.913269180795
-11663.832296764205
-13059.040761863725
-13047.039112224958
-12855.19870091963
-12470.387009372238
-12956.852792295838
-12979.300058697367
-12149.672946701658
-13365.760529299967
-12663.310559543224
-13055.554367740626
-12562.122713811956
-13059.433535940956
-12840.370459951508
-11838.64461403009
-13154.743999662893
-12044.524755829178
-12854.958565757108
-12551.02890168336
-11545.77997637228
-10342.023812532689
-12336.664542812552
-10335.114341257859
-10246.731592002056
-12125.248091931928
-12211.990497940777
-10435.176177438416
-11835.72137870592
-12547.687873383014
-10751.71400612575
-12854.584307712174
-10645.062492452686
-14105.519235498703
-14395.68437073284
-11893.09669761919
-10955.68022632854
-12642.112525078725
-12335.455986587187
-11418.06722304418
-11423.162647220837
-12424.981666235273
-12450.810399643988
-10418.52925616766
-12315.874293700668
-12426.00463476871
-12421.73407806156
-12318.875905206212
-12434.052811199153
-12436.475451510216
-12956.036737480532
-10725.446689172793
-12426.773536718114
-12727.549740411767
-12368.727750742139
-12695.964458218266
-12610.925685483144
-12607.800075142577
-12713.586144333878
-12508.214564575313
-13112.924855692596
-12502.82142381222
-12395.156969921016
-12610.659871599219
-12605.50447803065
-12196.22723894942
-12298.993109132256
-12500.95628719343
-12910.87561859562
-10811.063831681982
-12916.941629043777
-12012.068746997376
-13314.124061915705
-13016.444675207353
-13322.784305977799
-13317.382715241292
-12909.300484986908
-12591.99212311435
-12707.066857782183
-12703.090613338618
-13222.13547849523
-13332.555813784798
-12816.015464186963
-12710.070172093747
-12816.560085011408
-12404.977561934762
-12309.919079946065
-12304.839550710372
-12413.074264936968
-12614.971245971708
-12308.166091765746
-12409.436499219295
-12405.342566159878
-12202.079164903842
-12509.653500565184
-12719.755056634904
-12401.978224166973
-12729.038557220234
-12607.584780765292
-12396.724139765069
-12609.735760367954
-12396.678019280462
-12086.026482456859
-12803.519940956012
-9778.632000606018
-12788.273337575338
-12685.537951333117
-13098.933561157484
-10011977.42751072
-10011858.580207169
-10066.727478119628
-12793.013511229792
-12475.87947104209
-12785.9246326918
-12783.900974408478
-12994.252338981647
-13186.356070511243
-12783.18472149937
-12674.051320631383
-12997.513711835434
-12888.27626940965
-12575.768872489401
-12575.313760216284
-12565.856231715323
-12573.948010708462
-12262.390356346732
-12679.365350050524
-12365.380773531895
-12468.699829696467
-12561.258920537159
-12785.903305848771
-12690.09044390394
-12576.714553848398
-12687.86596160005
-12246.32639519959
-12457.057762903865
-10573.177792239992
-12677.000971819512
-12583.597677694872
-12476.419964067682
-12357.571246233014
-12342.273576509262
-12258.479852695118
-12769.369531542057
-12554.239579619141
-11941.696301474565
-12641.779783802273
-11054.80095897409
-10632.559997783852
-13029.311841338424
-13251.834104644957
-13044.920657316587
-12554.300962981255
-13663.870257478227
-12633.952901833285
-12722.811741122729
-11669.919656640486
-13881.64867321591
-13988.047640920182
-13596.184056580883
-14389.490150185404
-13606.11826013329
-14500.863042118883
-14713.338343622327
-13958.599995629345
-13400.080763469508
-14612.315395975591
-14696.191410749958
-14398.19839996037
-13486.59058843454
-14913.539578449252
-15034.396534122621
-15440.283214515659
-15053.670614387167
-13698.860111536313
-14489.037909604382
-14697.436282624372
-14914.929193637283
-14825.268144431804
-14495.053029124947
-14293.574693035196
-14911.441658005208
-14817.29455314836
-15024.41424012086
-15026.773846559801
-14615.430580873037
-15132.34937065858
-14620.528084802683
-14846.112557014225
-13353.92787062077
-13347.077151498659
-12921.846224386343
-13025.20714708441
-12919.436792378368
-12933.962797199114
-13247.432867409461
-11459.390991428283
-13658.797513990832
-13239.815880033222
-13773.46347757361
-13238.247175296976
-13545.126812089917
-13241.774017615928
-13546.364658724327
-12717.800623415684
-14338.403503414647
-13723.63409106348
-12031.614923082492
-5361.661481200033
-13149.444417388928
-14924.863118607693
-13137.38201307191
-9147.216980474677
-13806.533893881486
-12232.518990513254
-15010.41678920495
-7447.8286606490055
-11666.681843867405
-13438.84483141278
-7658.875654563671
-15153.59825771612
-4758.39118378472
-13663.626398416958
-12629.859249112624
-13224.837147413506
-15334.95588057233
-11653.037973507297
-12851.602175247635
-12349.062340122502
-10752.532020775456
-15238.429244797695
-13692.972769113892
-12767.407727705042
-8493.463387744212
-10637.915085909333
-15194.20606347874
-14289.060757618176
-13380.749753861546
-13954.192833512883
-12024.931485762076
-13172.405723936683
-14235.876267049856
-8275.04035487739
-13864.480014333494
-14000.971667036909
-11846.427170375078
-13793.899573579822
-10950.048530669927
-13043.662017441327
-13053.409859878046
-12828.630103188441
-12739.4767599801
-13005.644793011768
-13532.851348901431
-13006.165665334429
-13163.03928036483
-12108.478515861749
-13128.476636247513
-13434.000574917714
-12702.956922810976
-12009.481407753812
-11017.105916833596
-12994.073570791203
-11755.16657140361
-13121.027476891186
-13009.451889861784
-13536.394291231252
-12905.95855627327
-13116.33054379872
-13813.853336478805
-12938.86440144537
-12732.21689994389
-10898.024833546378
-13098.751170388183
-13941.5385666623
-12955.03379196204
-13838.226673093925
-13843.50832922047
-14056.97370073183
-11735.3084792763
-12839.816395029531
-12953.65942730098
-13738.444484468346
-13835.692908308914
-12096.830601356693
-13941.27794219326
-12431.02599921544
-11103.344671629788
-13949.380971339182
-12907.565524659673
-13000.274296905507
-12950.40839366129
-13427.161316268206
-13627.667112123403
-11023.659637267121
-12840.983279355445
-11481.326189104617
-11788.069824486582
-12378.814943237034
-12380.796834061919
-12481.170025231428
-13656.052492883786
-12427.44688486177
-10494.3264845951
-11529.0784545726
-13102.342043276582
-13735.426672656928
-13217.824436828096
-13825.962697482459
-12510.428165702171
-13740.295494636784
-11217.980277527708
-11105.878249713514
-12322.131397468964
-13214.60651621707
-11429.764192297134
-13428.490794357833
-12212.857837816537
-11101.96560487173
-13949.665428012846
-11099.90880753866
-13006.404955480095
-13800.10074344664
-13838.914370739303
-13107.015677377805
-13854.275394355427
-13642.158460980454
-13854.318031304132
-11214.587853748948
-12380.528967596572
-12470.469872079864
-12377.10001359531
-10579.459094896985
-12987.473680311212
-11581.26732166535
-12672.829626340474
-12575.733609962528
-13091.904791993353
-12294.761559832341
-10383.053590026604
-12997.03439062337
-12680.306500520714
-13400.62975678575
-12688.628239523952
-10604.541653135708
-10010013.524769614
-11421.677801355567
-12601.91192421174
-12508.270989769282
-13099.817274043093
-12803.49505051117
-13404.019064040307
-11427.576410660799
-10604.842966088638
-11294.355824319482
-12580.940844949173
-13215.136568931735
-12370.393928611644
-12369.715283907162
-12577.45766183478
-13120.066286639301
-12397.920984199929
-13609.716957225903
-12897.14768605209
-13725.144614667086
-13629.56411031631
-12295.83188696068
-12202.04966495559
-11111.381978622492
-13422.315341850353
-13950.622905140148
-13717.995299197195
-11952.254244942582
-11865.822280097871
-13705.401057945202
-13708.3106451463
-12516.946709057354
-12680.098433236362
-13107.12385098501
-13921.69507326134
-13728.782871243598
-12996.35473462485
-12893.935334492062
-13278.376257362897
-11712.246008424527
-13108.59750259169
-12894.616585212309
-12686.313260607792
-13014.580644328369
-13211.109581595887
-13109.905505408984
-14266.896702858949
-12705.70498419154
-12691.497614745958
-13010.832031527038
-13124.685652660617
-12884.013475510868
-11909.43670664324
-12013.075561227946
-13007.326781096534
-12494.07963960652
-10474.849837107624
-12804.269246820919
-12917.073419540156
-11809.937505446494
-12707.062250671792
-13225.10736243638
-12810.412426795709
-13017.60237635469
-12226.179572226294
-14360.137348682661
-12002.968521716515
-13201.283051627437
-11199.490290289192
-12004.993633713882
-11091.665089560465
-13307.217110440288
-14030.116685464505
-12235.190941073808
-14026.936653200733
-13019.817146974867
-13032.187928844845
-13624.95705722898
-12803.299880239989
-12808.536111506643
-13413.01695163523
-13304.205657437702
-12803.87651562031
-12580.468515951246
-11482.056617532146
-10700.077171090792
-13938.320054098307
-12006.1242922046
-12905.373582467046
-13214.16626713551
-11792.210083408578
-12809.710099512791
-12695.558537077359
-10991.20489048428
-10692.486309831947
-11478.087864732335
-12686.70194946878
-10698.736325840686
-11929.599174607421
-12596.555538214909
-12805.446390330426
-12802.17506608357
-8491.946188031776
-12174.655541121569
-15306.527964839248
-18447.280455504027
-12678.774746695663
-16980.353100643308
-10164.94292481703
-11796.573072015608
-12481.171638924357
-12477.548744502952
-12479.213620420496
-13096.820591648568
-10581.120515007065
-13107.31008924455
-11102.977495856783
-13003.373092527878
-13314.812623149248
-12182.632013677998
-12484.775064189722
-12593.974097366123
-10580.071254875344
-13100.502772775917
-13292.006922554114
-12580.2169337853
-12663.442334897698
-10560.441485091098
-11687.061949152729
-10575.003578006985
-12585.559438318433
-11202.847277882855
-12885.922669162146
-11772.595583751432
-10173.165924619563
-12587.24610835094
-11685.873934661537
-12877.116033563265
-13200.685779459414
-12382.66906152124
-12275.642025012727
-10279.885835151163
-16601.196970667253
-16505.302920656748
-17540.389231516772
-12087.375308554489
-11016.930748332516
-18054.914731201352
-12503.18749786531
-12616.416055578326
-12590.297225982513
-12691.328213702183
-12489.031541168548
-13505.98643434212
-13205.051322572683
-12596.514941875026
-12585.557779253862
-12593.008535541128
-10672.680733010648
-13010.078381285395
-12577.095091827905
-12104.140294485813
-11095.555290259652
-11559.31672823627
-13384.720635660324
-11272.010257836213
-11279.200625072983
-12559.733992499581
-12465.211542342857
-11567.00870090679
-12359.05900439392
-12542.634541655048
-9656.001478548675
-17841.923968665116
-12448.88824502692
-12464.362786075711
-12461.846902230523
-12457.047895917764
-12466.861090161634
-12456.803058540527
-10557.444360251975
-10463.563581873677
-10336.26134207723
-12450.89370911247
-10010377.287166718
-12447.854762326928
-10009760.504022043
-10666.776088132146
-20527.836057174132
-22494.624477364203
-17613.814193234033
-19071.84729939132
-11266.937518506176
-12374.808913431018
-12362.895082317062
-19397.83236844002
-18249.946636323286
-21571.81534037772
-19274.77095422395
-10009866.595006531
-10009534.746378709
-10010160.331175277
-10010475.42662418
-10007657.897753038
-14428.873030017485
-10010064.705811447
-10094.117118595374
-10009452.777816936
-13195.081100385874
-16974.455862055198
-10009463.390605925
-10009964.864898825
-12265.972746091657
-12285.579605143434
-12578.849587650246
-11377.313427234236
-11581.563788521333
-11566.334377592204
-12566.96910600565
-12684.22581934165
-10802.628517963025
-12485.324362050675
-12459.953530877492
-13293.42368570618
-12566.20367103921
-12477.975617613909
-12475.574340615272
-12380.724263698168
-12554.151228668614
-10361.397875368217
-12468.048247079314
-11196.276216272026
-13090.348491968782
-12577.682298027239
-10458.338027390737
-17417.613424562674
-12270.39932327683
-11474.671087634648
-17050.066094506838
-18466.330505863698
-11491.767044103855
-13407.304011778037
-16164.535110307312
-10704.456897046477
-12171.916564909501
-17742.351835238005
-10382.076763893609
-12451.695068735215
-12479.290961704759
-13083.678109933007
-13183.619722216927
-13286.697550882853
-13289.878306544397
-12401.659329575376
-11768.857661365546
-13590.658918590463
-11882.790597080395
-12567.758232547121
-12475.104293693916
-11771.413023753119
-12562.10131680531
-12682.931468614155
-12346.512503548822
-12564.764738542206
-10457.268568962385
-11546.460695302925
-11188.85088743729
-13069.722309893017
-12643.938272670186
-12540.148342300343
-12577.30051763582
-14489.826640516123
-12909.166574347475
-12909.427431214688
-12577.342542134958
-13200.313916182311
-11536.409519695193
-12476.130103939202
-14096.18924993099
-13077.625625390585
-11159.331369218571
-12558.104656907117
-10673.222206833358
-11174.77098452998
-12670.131170152756
-12784.119271139582
-12563.155766136393
-12992.659094786517
-11684.493608995708
-12993.435906640403
-12579.807901543478
-11772.586986802036
-12977.701734728016
-10569.435122618714
-13300.720671935658
-13180.336833062327
-11992.26947206655
-10778.6489559932
-12461.10696976729
-12443.813500929766
-12357.319692091272
-13760.671882983039
-11670.39499578191
-10466.643436540115
-11548.619477138383
-12554.577404985983
-12948.607934679076
-12281.013880944862
-13079.653892523573
-13278.33837515538
-13382.179947387585
-12163.3777822627
-13182.586243158812
-12767.376066414692
-13053.39947334549
-13287.02821019851
-10777.513613493762
-13592.311896152723
-12845.370676689745
-11065.86540680909
-12015.2075452067
-13710.275548032694
-12378.628171738448
-13164.3201986126
-13166.995938759075
-13470.646078969467
-12385.857196805118
-11795.114317977144
-13975.571257080212
-12975.783188193664
-12101.584429271683
-12084.788763727374
-13449.390330906364
-12451.971173143433
-13899.445174391765
-11066.416313734444
-13465.798360427843
-11263.754961874782
-13909.194348063495
-13322.711188073072
-13243.65152922707
-12295.232298485449
-11471.522040992097
-14660.286350988554
-13972.973527791853
-14102.58601974032
-12953.212515702033
-12653.949896637341
-13154.128502963937
-13682.828632473278
-13361.833088221601
-11582.642559317275
-13765.071762845224
-13050.835100964738
-11637.336312989057
-14056.28447706561
-13479.03586823203
-12773.943396235298
-13370.850127659167
-12864.12078283761
-13550.911301820795
-13579.203751037514
-13267.448090015385
-13374.16377207736
-11891.717891446311
-12759.20950209885
-11272.740242021937
-13484.613107818914
-13664.18838433471
-13353.550895901199
-11764.889430793148
-13563.329656415415
-13661.966173295408
-13267.003383488429
-13480.675132911703
-11671.611518259044
-13361.541452062715
-13874.358898385994
-12855.43759472358
-13871.522184991334
-13370.318680990102
-13559.988378827282
-13449.968438492257
-13358.70365071584
-11659.67613201833
-13239.317848458923
-13660.65071665586
-13298.794176517962
-13894.449390062888
-11998.824493239199
-11564.575735715338
-12785.40886689957
-13011.873078257619
-11475.322990410494
-14103.63598639819
-13575.54028795951
-14089.950021831486
-13376.905336448008
-13181.497769561456
-11879.165431207002
-12658.438527807164
-13166.398582487249
-12073.743990703784
-12668.174262241364
-13575.078728655722
-13789.316049817815
-10378.60583647676
-13478.68675047295
-13675.918339273425
-12156.905240374123
-13876.306910036146
-13380.219939642468
-13591.912031027974
-14440.688541170028
-14382.452247187302
-13175.219867349173
-13804.39421964816
-13490.943202326886
-14117.588424056763
-13684.520300338918
-11588.71916182071
-12563.949783456424
-14381.096327041047
-13974.096327801984
-13991.349027396991
-13667.923595392866
-13908.31488130775
-11870.662647294115
-10882.158718135337
-13882.132695363522
-12886.437918004447
-13372.24134458328
-13973.615693105728
-13469.25837610808
-13141.169557079565
-11996.778026831369
-14171.256053506815
-14530.712278958861
-13893.176418450972
-13647.536049589167
-11964.532292398593
-11663.497250727976
-11764.602220395082
-12753.24973137759
-14291.128215019922
-13676.348237883876
-11997.589041144161
-11552.580637698597
-12683.77878785302
-13975.293989131802
-12416.451905904296
-13961.044363321711
-13439.953554962023
-14074.87314292863
-13758.77420285197
-13999.764553193014
-13921.625281551867
-12384.546987370273
-14624.384196939589
-13809.709365081446
-13303.061793465227
-11274.920919983848
-11871.005766388875
-14074.65524102128
-14324.004304863127
-12551.57115302836
-11761.734062421972
-14088.677575240812
-13555.934934296502
-12556.394089611978
-13150.429267498772
-12157.624524840097
-12478.059125236425
-13260.466812420664
-13303.243769400518
-10011487.945777286
-11162.223866986491
-10009216.737091064
-10749.684990953458
-12676.739694970534
-10427.887452782039
-10724.120355661395
-10848.554165593596
-10810.409241062214
-10004065.104309011
-10004066.82064344
-10004062.36741441
-10003961.645812554
-10004066.089446146
-10004156.881396221
-10003946.667528471
-10004045.988194676
-10003947.646932222
-10004048.141644316
-10004047.754940344
-10003948.276369814
-10004047.141421678
-10004046.05472085
-10004049.338584818
-10004047.396250026
-10003946.874602646
-10004046.459431596
-10004045.945421614
-10003946.771891095
-10003947.539405907
-10003947.846407346
-10003947.076793352
-10003946.46465999
-10004046.620116597
-10003947.803291284
-10003947.046093473
-10004048.057831107
-10004048.800435394
-10004047.182429174
-10004046.77440264
-10004046.35884626
-10003947.486668903
-10003945.407606518
-10003946.723456578
-10004047.755813304
-10003946.437737063
-10003946.489084624
-10004046.8435245
-10004045.78225053
-10004045.267496133
-10004046.145548802
-10004045.85658029
-10004046.951527074
-10004047.530925037
-10003946.726143349
-10004048.851179948
-10004048.184904063
-10004047.775521152
-10004047.06420435
-10004046.721450746
-10003946.344487753
-10003949.00110923
-10004049.474005125
-10004047.740732677
-10003947.341700623
-10004047.31920777
-10002047.454708116
-10003947.983133664
-10004048.59048105
-10004046.621969597
-10004046.235561892
-10004046.463541709
-10003946.44085295
-10004146.890845533
-10003947.03097624
-10004046.76163536
-10004048.808370164
-10004243.053195823
-10004138.579375993
-10006748.092281984
-10187.606467785232
-7889.624579543417
-9994.852889091888
-9206.68820445509
-8108.70039891207
-10012.696153266534
-10109.868791551982
-9901.041661362504
-8004.326583792266
-10001.718889795871
-9998.633931710257
-8001.761888300588
-10003.508796408025
-7998.047013393893
-9992.692531794064
-9891.233572198515
-9993.886240684673
-9893.416755533557
-9995.304458775925
-9989.435104889442
-9986.337778963256
-9096.938439131478
-9100.305234596719
-10092.12856963806
-10099.653169540628
-10100.280020595517
-9990.600327332786
-8993.881530950128
-9683.650241317975
-10098.26711739917
-9476.959309308773
-9895.50962484219
-9096.137083668313
-9067.101826809987
-9168.308813318552
-6967.992091750242
-9480.941566641917
-10206.378143987167
-10204.946802962422
-10202.714403754273
-10305.404931359179
-9401.14023184685
-7882.156985199243
-9881.572567169545
-8979.18529767305
-7186.2666148061135
-7983.880428216521
-9983.403445505293
-7670.383018545311
-9364.45170780654
-9465.553282889512
-9466.186895174447
-6671.588480811545
-8370.885659538922
-8160.258384086866
-9365.656241055865
-5238.14181064438
-9566.769795500975
-9363.975686794201
-9055.482846832623
-9564.43872698692
-9767.7624298472
-9257.418418515968
-9870.609821703372
-9562.676805631545
-9259.932379745766
-7040.9638099241965
-8763.387727938903
-6564.450583348174
-8863.063426485473
-9265.621956533363
-7040.577748865225
-9060.312345794935
-7039.652192268715
-9264.344672146422
-9365.758296290545
-8671.268512024622
-9566.873397012843
-9465.823207567415
-7242.5023962681325
-7243.2807317975585
-7248.730878174664
-9373.285944322035
-6300.482164600061
-7346.3466060889805
-7244.025090060974
-9363.784133128866
-9154.752601769242
-9765.771813926198
-7438.404774411628
-7643.077288718852
-9667.784967316822
-6155.043806828011
-7640.752199177285
-7744.754182019854
-7852.021654155346
-7035.389418634509
-9258.342409905079
-7854.830389135319
-7853.375239292959
-9673.078601806796
-7647.388803280737
-9155.87558449585
-7340.488984870166
-9157.326934084904
-6936.610104890103
-9056.950831724644
-6732.650968665083
-7135.673948471901
-7236.3339797839135
-7136.43198239713
-7747.998353073833
-9563.915914854115
-9470.386728723204
-7339.18418081921
-6934.023305145716
-9156.227270241501
-7337.686463675049
-9561.114933307774
-7338.371013253815
-9056.607996375797
-9054.452074493702
-9055.139236742863
-7441.202469020082
-6933.404342536276
-7649.314375656831
-9054.041676278624
-9156.806656929575
-6933.533272894348
-9460.803018704783
-9762.639284113508
-7438.204909893178
-7440.304245769023
-7236.681158382281
-7235.801404874325
-7236.55796202317
-9461.698999452268
-9664.35488042104
-9980.602025634205
-7851.13550651565
-7954.042299342369
-6054.270721888939
-7854.335751663818
-9664.63330237787
-9662.386047239626
-7337.649670451656
-7338.700622883741
-7135.378011143959
-9764.441076751578
-9258.170862874944
-9664.52215521409
-7978.854839092141
-9979.770406051772
-9874.508923780284
-7237.934760603227
-7438.556339207602
-7441.310858423796
-9081.788979870948
-9978.753945799286
-5981.049374692017
-7442.050656974676
-9561.499114003536
-7239.286087855602
-9264.86574684377
-5981.535964668279
-7440.713661298449
-8182.783206987171
-7081.21417891622
-7439.586442754408
-10080.258283342344
-9981.320462567108
-9987.317780586509
-9985.604525438639
-10082.359189691457
-5539.062581822358
-10075.853666950741
-8983.88478389043
-7440.119442828769
-7337.350816213644
-7442.859326956793
-9981.529920889818
-7142.704934734477
-9873.207907357428
-9986.484491663165
-9675.377952725303
-9985.982204759257
-10087.111691453843
-9776.623325263998
-5345.813172679616
-10087.036643108655
-5649.726741199243
-10088.25932693427
-10086.356732414402
-5347.443914884866
-10087.940409999952
-5346.8004929821645
-8089.161368129331
-7646.216137583597
-5447.451994804514
-10192.12495227795
-9994.43680944878
-7244.027333119928
-10190.854514463148
-9290.378718261822
-6848.877783937318
-7747.81463634802
-6848.403582254233
-7544.427409464446
-6086.4765914225145
-6851.125509356698
-5647.5221892532
-7749.569139224886
-7748.396911484561
-10190.546597111093
-8187.264235780043
-5950.796548861426
-10185.729948218783
-10385.882214273333
-10187.469075317265
-8187.665162335877
-8187.8162247698065
-7644.14744507334
-9386.164429942453
-10182.923923485107
-6749.032020253434
-9287.736426252457
-7243.406908461711
-9461.59050354551
-7284.545734800149
-7645.489480359772
-7543.23517106921
-7643.004918093292
-8385.066643680659
-9765.027801659291
-7291.540000921834
-9872.382785580523
-9284.987255546836
-7647.218952500505
-10287.878350692674
-8389.922117670523
-9968.308576984198
-6284.267586363457
-8186.07536815027
-8585.310735945543
-9385.969542656801
-5646.379808102432
-9286.713650431982
-7344.85717638805
-10187.893743267068
-10494.00848894108
-8287.694026828542
-10290.915817757395
-9495.77535763702
-5876.284354514687
-8599.010843497703
-10897.23479685616
-8597.052687053298
-9181.69094194738
-8179.585934234897
-10178.950431375491
-10383.935975787952
-10100.332657204975
-10095.615209692412
-10009111.116300711
-10009316.891638108
-11359.35236380173
-11363.152225820973
-11261.058735765884
-11370.32764209576
-11472.119518070944
-11260.912559134145
-11263.732072838051
-10563.475860643412
-11363.594107391596
-11467.240715350092
-10113.35307670894
-10569.458828662995
-9273.31818958289
-10500.71527311932
-10908.983314562998
-11563.790455329587
-11474.377182481443
-11364.82797510296
-8706.540067374308
-11529.390700803935
-9023.986829114412
-11119.582079631402
-11121.94788784544
-10919.833200273348
-9370.223250487043
-10501.911439343194
-11376.134941068105
-11528.35026312564
-11014.908005255058
-11012.021972198381
-11425.837690437864
-7527.624921724822
-9017.692486667982
-10517.993677449957
-11370.053964041452
-11368.037843673763
-10136.397852915212
-11568.531298267148
-11366.545241503904
-11366.153849685357
-11570.302444488787
-11674.22726516612
-9268.961698730078
-9814.086038339932
-12123.932270247953
-11461.105213503988
-9362.658739777395
-11363.27841837122
-11451.546707235879
-11359.59329358712
-11457.520017594426
-10018.66839456073
-10354.763732049683
-12126.89720493284
-9364.043787237706
-11462.757826889107
-11225.003544929075
-11461.684808100343
-10449.372988467327
-11558.360868854983
-11351.512533395215
-11461.81050475322
-12426.406366042345
-11457.75079958728
-11349.112385968296
-11350.71744030228
-12231.77861698862
-11999.744635254054
-9616.037150595326
-11539.070059173775
-9447.97776514814
-11137.830745667046
-10128.653687258964
-12014.79309123848
-11695.64744667779
-11803.378013175095
-11806.45861355081
-12009.475026781534
-9704.891998187652
-12014.284890600236
-11900.438681025265
-12007.264236761588
-11807.186085022136
-12208.085986547301
-7414.45977488082
-12105.262813760302
-11100.437855731065
-12212.434868528277
-11302.07456285783
-10106.487640296831
-9209.685361891272
-12206.569105135422
-9895.812607580057
-12206.41656517221
-11918.93534788332
-11926.468649626295
-12816.93789210279
-10500.6296807246
-12406.044630206427
-12605.253657589876
-12401.797850823397
-10610.640886575851
-12722.471049929374
-12399.523936245963
-12503.36818803887
-12298.095604987167
-12402.97016488308
-12298.389157315942
-12091.574066152469
-12398.234308411926
-12508.71443423725
-12406.335288035025
-12403.120820613834
-12504.410539380298
-12705.145410213152
-12401.397660913623
-12812.533595422827
-11602.475962411898
-12299.912368130854
-10405.507153088298
-12303.49583117835
-12398.945458908162
-12816.061980383438
-12715.605760811246
-12922.934581902267
-13020.3991495917
-10913.326297444879
-12703.175069112343
-12909.89753560554
-13013.321674640032
-12812.300827727098
-12808.522491951957
-12919.600220901719
-13017.28145657902
-12802.579312054195
-13009.366994769896
-13316.383802535416
-12908.850167061024
-13216.359706683128
-13116.885682731041
-13428.991264479322
-13121.675430813935
-13828.334550966236
-13529.04821682733
-10010580.998805027
-11221.664671253515
-13120.04299391569
-13232.589641568009
-13125.278737849816
-13218.70494307913
-13321.540584926703
-13319.473141019176
-12920.992060337498
-13225.639969671898
-13514.37922880952
-13211.562232800914
-13218.416536881488
-13112.69427603507
-13314.865412431758
-13417.178335011235
-12617.046350852335
-13313.776469565606
-13514.560751464798
-13515.610356955336
-13619.353336277705
-13413.718403363191
-13109.980146196327
-12904.844926549886
-13309.990316400164
-13517.655004709559
-12722.524742679907
-13518.092532901703
-13514.325031294296
-13920.456067119763
-13309.622972672982
-13614.561323361026
-13212.345517334581
-13613.24921209129
-13104.850718946083
-13616.36529450194
-13715.318042448218
-12905.866942692242
-13514.498654788762
-13614.276758422006
-13819.192479206598
-14029.402211926004
-13415.079693303744
-13931.251188386235
-13726.359711788655
-13519.384116297088
-12825.240344959084
-13930.966525670205
-13310.34642711091
-13410.51269359227
-13721.89968308374
-13519.936665813424
-13630.957836882442
-13530.95178885509
-13624.665258781464
-13938.202538365162
-14243.423555146383
-13626.582734642217
-11624.770024026697
-13528.66383612532
-13327.722046237312
-13421.436082774322
-13420.306685858704
-13115.887632911074
-13528.086833441797
-13728.258083943349
-13017.760379913203
-13017.281143772241
-13115.762246096223
-13526.500399949675
-13524.337407699262
-13524.150888514154
-13217.950161212426
-12813.392028767343
-12915.57251492732
-13011.963064250704
-12117.942291625868
-11118.406386287608
-12110.896646877914
-9117.452968224263
-8405.272642127911
-12509.353871346268
-12613.636245991147
-8709.813265653564
-11016.894728279409
-11806.60928280252
-13018.735693540571
-11113.198096369098
-12139.761268800494
-10843.646361808549
-10947.903349143986
-13039.915629585343
-10045.032444761324
-13526.165526167186
-13337.470209128272
-13328.328096793457
-10012230.970692232
-13524.61294038207
-10012328.05641779
-12920.824079435803
-12813.490597275017
-11118.863623935533
-13317.891393487971
-13216.431148296371
-13016.159130264956
-11117.326448821232
-10111.688822194397
-10106.079208248268
-12902.156525699493
-12802.592090224585
-12901.351632309512
-12999.917932039696
-12897.589420732009
-12495.599350126486
-12000.328655182884
-12802.571485583598
-12595.155102561353
-10496.006822332429
-12902.121031223694
-12699.968528883557
-12498.657153743832
-12592.916738795082
-10392.91483529832
-12493.336479753578
-12393.387692416944
-12493.211834519325
-11799.731998534638
-10703.642293118854
-11699.225561648493
-10699.127990467774
-11592.495123349816
-12700.560603529293
-11106.794263747473
-12601.414869711954
-10601.762510706287
-9011.572495078595
-11703.283856013226
-12806.04971906473
-10606.333110397614
-12912.340329018587
-8395.487864252507
-10913.737687742314
-12811.822311577715
-12409.814481376447
-12611.220967030922
-11813.501037147593
-11910.66204882593
-11010.613891463949
-10711.865722061886
-12816.13232970521
-12815.134772417536
-12708.848590655634
-9610.676309660032
-12713.850801800123
-11711.892885883792
-11617.426944946495
-12920.238865411502
-12509.300200353813
-12811.789771224852
-12513.279447978095
-12607.22858448982
-12615.24762657723
-12711.820405338816
-12013.456976639118
-10612.670936523671
-11711.895083507174
-12608.670816422255
-12713.48010190383
-12309.96284775724
-11714.789560785508
-11611.796508433481
-12411.531514326558
-12205.235460781643
-11410.144415572913
-12616.97036463072
-12413.656075657578
-11626.169080698548
-11612.895157675062
-13031.49555112255
-13025.703212138387
-10013130.76893178
-12225.626228846731
-13024.064803794228
-11337.005554856894
-13055.850242011324
-12642.39053380575
-13041.829776866565
-10639.855673687935
-12940.031717106023
-12855.3153125473
-11147.976164695132
-11162.145928135553
-8962.24168591317
-11850.957848809372
-12857.913573313259
-11755.457745098382
-10012442.124048438
-12759.879001916046
-12755.606027305812
-13438.789431717503
-11646.361871307698
-8435.982012401357
-10960.07651927585
-9257.7291202826
-11968.309521723235
-10966.147353871029
-10966.109440505292
-13063.758972994665
-11759.5218516024
-13067.848756917316
-10012860.522989945
-10864.880496052912
-12054.28948621463
-11861.538215123812
-10012650.904099055
-8860.41994200344
-10012848.673255248
-10012856.091200702
-10012747.798093908
-13166.897209067938
-10012843.686081868
-10013047.075368281
-10011842.126829125
-10013349.761078682
-10012943.145346424
-10013048.247152386
-10013042.414478693
-10012945.474300183
-13257.222427927369
-10012046.580467422
-12165.457344025212
-13262.604774847434
-11066.818235903102
-11165.19580125003
-10012850.751635652
-13065.818628434234
-10013157.266705943
-13370.122761310668
-10013259.960705413
-13470.798781132376
-13368.34124873212
-13777.145348057482
-14770.29387976883
-14077.111082986166
-13878.285720805963
-14865.216361379542
-13565.460524799228
-10012847.350626383
-13467.567016818437
-10013761.511136524
-10012560.60730838
-10013052.097201912
-10011849.895531228
-10012947.125256188
-10012847.910148099
-10013054.424642013
-10014468.898900706
-10013868.50767679
-10014368.028791258
-13879.210829225054
-12670.776476734532
-14274.513832500908
-10013358.862020405
-10013062.59931324
-13976.925122372733
-13571.683313698506
-15078.41259464343
-14180.670559573025
-14082.129247332547
-14280.923779363398
-15071.513128613498
-10013460.054312978
-13878.128850072944
-13464.836368647251
-14077.34003199568
-10013354.526688075
-10011051.674631413
-10012950.858806541
-10013159.381554749
-10013255.851491557
-15063.888556446014
-13577.730722514047
-14666.989410121752
-13779.817170532864
-10011558.087223884
-12872.595008731854
-10013857.989477254
-13981.163726232462
-10013965.14330249
-14184.030906022444
-13976.922188226768
-14083.58922697301
-13171.95091575255
-13770.621447770867
-14278.483822021744
-13971.567646070045
-14773.524439026653
-14581.487855254081
-10973.23579502174
-14778.232579716778
-12979.394806667857
-14783.768461668644
-14285.11701833164
-14087.994383852165
-14382.80706794189
-10014270.31931048
-14095.632620194603
-10013980.116092516
-13293.227343366812
-14504.324415367286
-13883.369072314525
-14286.61448862458
-14086.853531047946
-14390.523464173571
-14600.992729927346
-14497.744107338605
-12400.090034448476
-14592.9022466528
-14294.4222979533
-13699.374604409748
-12290.74431164855
-14596.007704733225
-14605.576323016116
-14808.061866454289
-14598.567489143605
-12604.568840088876
-14812.553586082222
-14702.011622124553
-14601.14985030618
-14816.858056347442
-15017.202597797665
-14701.90429084128
-15003.866844114518
-15002.513204990679
-13917.605463989552
-14917.229258059502
-13118.913474855779
-15001.33625710227
-15198.566070959443
-15005.41718388083
-14688.815818497686
-14681.561493770085
-14005.237048322746
-12698.398196135204
-13800.162985429315
-15008.033874385737
-15115.43504395997
-15211.281780503583
-15004.489219082654
-15110.851932124451
-14911.393562388823
-12924.40569313052
-15439.927976222989
-15217.990539809121
-15343.807087995967
-15329.987670701155
-14045.642459102444
-15326.089169261211
-15542.217035136278
-15423.611083431597
-16241.518567467616
-16660.405100643187
-16899.54355875155
-16864.6227153911
-16775.126559263663
-17048.425498054952
-17062.872372640293
-17150.193336101693
-14325.651716456136
-15909.026693960197
-15700.606797818116
-13709.090689153762
-15289.499727820896
-15499.936238170152
-15292.624111717876
-14984.065289154789
-14885.770504809549
-14677.394541079646
-14976.83499903201
-15091.450093098281
-14194.512679780551
-15001.16129728659
-15201.768622569369
-15196.595568277278
-15509.5474840268
-16225.60227692347
-15818.878668517433
-15490.719881124804
-15199.145663984827
-13408.877902819115
-15486.202260152766
-15290.352674633623
-15089.472575685506
-14187.858278833632
-14787.183614294117
-15396.85134694448
-15197.255465291442
-14978.199134946346
-15506.069150308795
-15395.760284246448
-14990.122668942133
-15186.502112526683
-14885.957266352107
-14982.42213648839
-14991.019223516432
-15402.641694485195
-15403.544703859276
-15197.411227658775
-15803.774913990459
-16017.470117756118
-15101.864218892228
-14706.721094117995
-15090.613265791506
-14676.649524459614
-15087.411818366578
-14784.540333536286
-12587.351692999377
-14583.56822142785
-14282.775613884016
-14474.428073937659
-14584.383984367938
-14178.277083841227
-14478.929314770408
-14574.673280727331
-14578.827871484165
-13685.243719795504
-14583.631921970595
-14382.793285256463
-14678.932618255149
-14589.08104901431
-14383.79616079473
-14482.104664813138
-14577.618118107941
-15084.188030500563
-14574.29715015744
-14066.011343700406
-14271.698469823486
-14268.483032002136
-14583.638041883492
-14374.401173625069
-14368.875730739717
-14572.599710671688
-15199.064379150332
-15607.774161384812
-15609.553394581397
-15201.838912129782
-15496.540367890053
-15819.853006443987
-15321.358882977996
-15001.477086485378
-12376.760657334271
-14982.157033731704
-13803.727371108089
-14397.628167855637
-12775.555486654606
-14685.509479704117
-14474.085761600549
-14782.319300964946
-14366.55483957831
-14363.799220500088
-14569.238254058495
-14475.602442143863
-14467.518149958112
-14576.02370255889
-14267.297967303626
-14179.057463796946
-14380.408275179112
-13571.81198827536
-14373.825040224692
-14475.47080460494
-15294.73353096794
-14485.740659541494
-14789.618385817417
-15104.028569605514
-15413.208218203383
-16037.686101342844
-15201.44696495521
-15812.359018846037
-15106.21468873009
-14268.654310251353
-13599.600331322577
-14262.983761234551
-14165.648743463538
-14471.397603021018
-14266.296374619347
-14568.481376707683
-14364.340654089237
-14103.288780159955
-14459.53090016675
-14370.456359799517
-14164.966951898177
-14468.328395149141
-14056.090782752322
-14565.387671573471
-14471.177984401405
-12370.449733945446
-15102.546646517965
-14071.670086752645
-14585.079180788543
-14161.769527984878
-14381.29450872863
-14266.340797916444
-14069.554133907193
-15202.868632354308
-12511.648710633854
-13504.822689676803
-14198.626608588589
-14083.270141304385
-12391.991073407904
-14676.948841676824
-14274.576370463794
-14487.768027531656
-15303.962286556729
-10014820.688458253
-13913.163344093831
-10010923.012828015
-13311.088779584206
-13202.10360051127
-13201.325670218048
-13296.458602577592
-10011149.627809582
-10010525.242389817
-10010320.178717509
-10010414.368428694
-10009518.588741869
-10010423.474886818
-10010421.064122181
-10008326.940354362
-10010534.652221799
-10010537.464163013
-10010426.555960122
-10010130.809149737
-10010644.00092124
-10010029.431290815
-10010732.234747969
-10010230.906502584
-10010330.889917774
-10010121.18376906
-10010208.104976522
-13281.2280212859
-10013765.843889663
-10013496.237119509
-10013791.623339595
-10010315.84077587
-10013787.463342523
-10010414.237795923
-10010400.476393811
-10010211.771515513
-10010411.282345677
-10010322.525630195
-10010111.045140484
-10010212.457507487
-10014193.974550854
-13774.08907035435
-13865.59180823505
-14066.47618525169
-14061.490729214558
-10014089.446486061
-13892.974074461972
-10013672.61208779
-13581.808181143457
-13473.858000752512
-13465.639580617057
-13559.676783166386
-10010003.212549593
-13357.450449904101
-12961.448630856165
-11552.765480421305
-13440.58317003263
-13133.81281912805
-11441.477620694006
-13540.664031949635
-13729.39089517107
-13336.503354575849
-13438.219049066172
-13531.651564424026
-13736.80512681884
-13739.052437031723
-13235.94934307848
-13325.869125347466
-13237.843233677146
-6229.272977388761
-11123.640669841434
-12542.004580127346
-13245.857666675975
-13744.94499676751
-13337.892719328405
-13340.22538998568
-12538.765858154431
-7642.209496832257
-13237.970231808229
-8743.348871164093
-13547.180766800184
-11433.407879257216
-13231.255648289887
-13435.882681355999
-13642.766908484431
-11739.010655503842
-12343.62439562951
-12240.260873620455
-11339.302681127847
-13232.788065842376
-11441.728954074724
-6648.481076978415
-11023.033412126058
-13540.721803917655
-13638.73241621538
-13644.089988019681
-13646.522223944503
-11554.201445396115
-13847.113141026557
-13746.593866993471
-11850.473678925973
-13664.826127248523
-13956.005666648778
-11760.933247548113
-14261.936179565677
-13842.76087125434
-13065.622460234541
-13949.253717403091
-13542.968504682525
-14044.032703763238
-13946.487991498587
-13849.978681678524
-11746.084349047196
