-5577.0
-6895.0
-10840.0
-10881.0
-11768.0
-13560.0
-12750.0
-13462.0
-18232.0
-15238.0
-19144.0
-21328.0
-21541.0
-20320.0
-24070.0
-23591.0
-27232.0
-28037.0
-22665.0
-30428.0
-32045.0
-30879.0
-33218.0
-34826.0
-33826.0
-38862.0
-38674.0
-38719.0
-40885.0
-44211.0
-42083.0
-45047.0
-45389.0
-48110.0
-44477.0
-50516.0
-53237.0
-54029.0
-43999.0
-52349.0
-53723.0
-54988.0
-57689.0
-58359.0
-58011.0
-57182.0
-58814.0
-65479.0
-65022.0
-68882.0
-66686.0
-68320.0
-66514.0
-67429.0
-68944.0
-69496.0
-73948.0
-76263.0
-72293.0
-74906.0
-76351.0
-78261.0
-75500.0
-78868.0
-82378.0
-85588.0
-78288.0
-83523.0
-85056.0
-90425.0
-88474.0
-85306.0
-90367.0
-94508.0
-96877.0
-93890.0
-91816.0
-96239.0
-91605.0
-98004.0
-102236.0
-104772.0
-98871.0
-114363.0
-105315.0
-105185.0
-105881.0
-107775.0
-108732.0
-111019.0
-113373.0
-106376.0
-108309.0
-118730.0
-109386.0
-116952.0
-121116.0
-113001.0
-109889.0
-112969.0
-118514.0
-113939.0
-123397.0
-119836.0
-130288.0
-130170.0
-131338.0
-128518.0
-129187.0
-128960.0
-134553.0
-136921.0
-133866.0
-136237.0
-133532.0
-139287.0
-141590.0
-147330.0
-154182.0
-142349.0
-140864.0
-147375.0
-145689.0
-151854.0
-147078.0
-155395.0
-146440.0
-151447.0
-155015.0
-156707.0
-155544.0
-155465.0
-165228.0
-157002.0
-167993.0
-177248.0
-164800.0
-172109.0
-159786.0
-163793.0
-166744.0
-185234.0
-164085.0
-179057.0
-175280.0
-178958.0
-173760.0
-175581.0
-186089.0
-182463.0
-185080.0
-172762.0
-200153.0
-172193.0
-184378.0
-178622.0
-190714.0
-188903.0
-198247.0
-190514.0
-184137.0
-200136.0
-185875.0
-192864.0
-196986.0
-194027.0
-186259.0
-205883.0
-207317.0
-209122.0
-193580.0
-213715.0
-209726.0
-213191.0
-208401.0
-221655.0
-209876.0
-205384.0
-207713.0
-221490.0
-210460.0
-212452.0
-221227.0
-214902.0
-233520.0
-221130.0
-218567.0
-234278.0
-222769.0
-221426.0
-226369.0
-232373.0
-227031.0
-226944.0
-232481.0
-10152598.0
-227189.0
-229988.0
-250802.0
-234307.0
-253493.0
-243208.0
-237462.0
-241232.0
-254576.0
-246307.0
-251904.0
-247227.0
-259172.0
-257057.0
-241304.0
-250241.0
-256570.0
-254670.0
-249678.0
-254731.0
-252406.0
-255664.0
-254218.0
-258659.0
-266800.0
-271196.0
-255325.0
-264561.0
-254843.0
-256986.0
-273667.0
-265663.0
-264978.0
-283294.0
-276272.0
-267210.0
-271170.0
-284323.0
-271794.0
-271701.0
-281109.0
-306387.0
-273811.0
-275065.0
-283328.0
-277047.0
-282237.0
-293954.0
-281359.0
-282431.0
-294268.0
-286900.0
-296992.0
-298798.0
-303268.0
-313820.0
-282130.0
-307940.0
-300741.0
-302767.0
-323425.0
-300833.0
-298452.0
-306537.0
-303081.0
-300528.0
-330393.0
-302117.0
-303875.0
-317135.0
-307993.0
-313303.0
-309105.0
-311930.0
-322751.0
-322966.0
-310873.0
-329812.0
-317398.0
-327939.0
-335938.0
-326728.0
-327000.0
-316693.0
-320814.0
-317139.0
-340489.0
-321654.0
-320634.0
-333735.0
-332076.0
-327802.0
-333922.0
-339996.0
-341445.0
-333822.0
-331039.0
-349153.0
-345474.0
-327206.0
-370381.0
-348385.0
-359776.0
-366091.0
-361923.0
-358540.0
-354696.0
-355883.0
-356903.0
-358581.0
-357770.0
-369380.0
-378717.0
-362696.0
-368785.0
-364182.0
-380073.0
-356959.0
-360854.0
-398215.0
-381333.0
-365172.0
-382220.0
-383161.0
-394456.0
-374017.0
-377266.0
-372099.0
-356526.0
-368676.0
-378732.0
-391366.0
-403449.0
-392669.0
-383851.0
-377153.0
-386809.0
-362382.0
-395402.0
-380317.0
-394091.0
-385280.0
-398719.0
-406201.0
-389599.0
-395546.0
-392015.0
-416600.0
-420939.0
-385990.0
-391689.0
-408116.0
-422328.0
-408082.0
-400982.0
-413709.0
-417525.0
-391162.0
-436394.0
-419200.0
-424764.0
-450323.0
-416045.0
-378336.0
-418335.0
-428525.0
-419443.0
-422716.0
-438311.0
-387349.0
-428362.0
-403779.0
-406641.0
-433570.0
-422244.0
-425866.0
-443509.0
-452760.0
-423701.0
-438996.0
-437411.0
-444761.0
-421216.0
-447143.0
-454495.0
-454346.0
-433275.0
-427211.0
-451852.0
-434872.0
-457474.0
-441942.0
-485080.0
-426170.0
-476430.0
-446387.0
-434227.0
-454211.0
-439357.0
-459254.0
-442194.0
-473535.0
-469149.0
-469900.0
-490712.0
-439505.0
-466895.0
-454264.0
-449375.0
-468522.0
-468684.0
-449581.0
-472746.0
-462440.0
-490231.0
-450076.0
-457284.0
-441880.0
-465508.0
-485389.0
-448003.0
-461402.0
-507119.0
-481931.0
-464321.0
-484876.0
-464777.0
-492544.0
-458188.0
-472328.0
-469642.0
-502204.0
-478960.0
-499549.0
-477941.0
-495767.0
-484841.0
-485274.0
-486586.0
-486257.0
-515231.0
-502028.0
-509697.0
-523016.0
-498726.0
-506220.0
-513804.0
-506018.0
-508931.0
-525391.0
-532888.0
-512833.0
-519241.0
-516382.0
-496368.0
-504428.0
-511257.0
-511872.0
-528820.0
-545182.0
-539245.0
-540744.0
-548400.0
-496956.0
-515487.0
-523009.0
-532028.0
-497135.0
-519055.0
-513830.0
-537291.0
-558563.0
-561204.0
-525324.0
-556198.0
-527130.0
-535158.0
-563475.0
-546244.0
-554705.0
-541817.0
-534790.0
-528424.0
-534415.0
-546121.0
-562818.0
-563781.0
-534416.0
-563735.0
-566516.0
-550634.0
-567807.0
-545786.0
-550402.0
-561878.0
-554943.0
-548552.0
-563833.0
-548683.0
-603438.0
-560364.0
-567817.0
-569600.0
-599148.0
-558322.0
-574039.0
-551944.0
-552770.0
-583330.0
-585161.0
-611255.0
-574688.0
-583065.0
-615816.0
-623594.0
-555059.0
-571974.0
-565687.0
-573560.0
-597961.0
-596812.0
-599336.0
-585412.0
-570373.0
-571883.0
-579455.0
-557354.0
-548851.0
-598293.0
-591647.0
-553395.0
-610037.0
-645349.0
-589839.0
-607320.0
-600370.0
-591449.0
-611400.0
-625749.0
-603578.0
-606009.0
-581879.0
-615043.0
-642143.0
-643333.0
-635109.0
-620539.0
-578448.0
-614623.0
-641015.0
-651361.0
-625101.0
-590975.0
-651737.0
-631667.0
-643016.0
-629789.0
-639583.0
-600199.0
-609062.0
-650949.0
-611601.0
-637999.0
-613385.0
-639598.0
-657139.0
-678506.0
-668334.0
-646789.0
-637159.0
-719312.0
-667773.0
-625057.0
-634792.0
-677658.0
-625757.0
-646773.0
-655335.0
-667331.0
-657971.0
-663283.0
-643570.0
-671345.0
-689902.0
-672229.0
-654849.0
-691751.0
-658522.0
-657991.0
-668556.0
-681089.0
-662474.0
-717510.0
-655976.0
-709947.0
-627217.0
-714149.0
-641431.0
-660971.0
-678613.0
-663960.0
-664300.0
-646662.0
-692622.0
-719914.0
-656377.0
-675619.0
-714067.0
-676426.0
-697027.0
-687033.0
-679721.0
-725022.0
-682868.0
-684095.0
-710763.0
-674184.0
-677755.0
-650147.0
-707980.0
-671269.0
-690886.0
-709283.0
-703322.0
-682940.0
-653574.0
-704401.0
-742859.0
-677576.0
-714623.0
-717507.0
-719674.0
-693610.0
-675954.0
-685059.0
-723953.0
-709502.0
-716417.0
-719946.0
-731926.0
-691161.0
-725925.0
-727176.0
-718943.0
-729178.0
-779980.0
-721126.0
-722390.0
-713295.0
-703847.0
-695106.0
-705277.0
-756493.0
-717064.0
-10548728.0
-738011.0
-739666.0
-739385.0
-730808.0
-762405.0
-723177.0
-742957.0
-723937.0
-715493.0
-738612.0
-779386.0
-710945.0
-752050.0
-753910.0
-796103.0
-797161.0
-778108.0
-767537.0
-770436.0
-750328.0
-10690105.0
-803736.0
-734869.0
-797341.0
-776551.0
-757953.0
-748676.0
-811776.0
-757406.0
-802278.0
-698625.0
-751651.0
-776044.0
-820251.0
-756391.0
-757507.0
-792061.0
-782729.0
-762571.0
-764144.0
-795936.0
-806599.0
-786950.0
-810707.0
-789874.0
-811402.0
-791501.0
-770741.0
-800883.0
-814788.0
-10688339.0
-806780.0
-830140.0
-764248.0
-811302.0
-781050.0
-845799.0
-815889.0
-774513.0
-830527.0
-797098.0
-755402.0
-10712749.0
-778845.0
-792279.0
-836850.0
-10592265.0
-837889.0
-804631.0
-808395.0
-776833.0
-777550.0
-823130.0
-757464.0
-833837.0
-799420.0
-928420.0
-862156.0
-829338.0
-837902.0
-863780.0
-809838.0
-798572.0
-822360.0
-824707.0
-881557.0
-847404.0
-838365.0
-827851.0
-848545.0
-830022.0
-876022.0
-832096.0
-808502.0
-856696.0
-834652.0
-896812.0
-834963.0
-860833.0
-803189.0
-896383.0
-863178.0
-854184.0
-877297.0
-843435.0
-845519.0
-869455.0
-870379.0
-857474.0
-837385.0
-882911.0
-898256.0
-910604.0
-847588.0
-843086.0
-866299.0
-903400.0
-881881.0
-868489.0
-848378.0
-801911.0
-824106.0
-861031.0
-911273.0
-842215.0
-10844470.0
-856631.0
-821179.0
-869906.0
-858049.0
-893101.0
-906877.0
-883710.0
-894621.0
-912562.0
-912943.0
-863324.0
-879349.0
-915186.0
-916845.0
-890057.0
-847656.0
-918811.0
-909951.0
-921302.0
-866370.0
-879564.0
-916256.0
-944198.0
-941061.0
-934370.0
-946149.0
-936090.0
-913895.0
-903283.0
-928744.0
-893583.0
-932259.0
-944117.0
-918210.0
-859967.0
-882143.0
-947886.0
-963179.0
-901687.0
-989752.0
-903550.0
-918312.0
-965698.0
-917174.0
-984930.0
-910648.0
-934658.0
-923837.0
-965300.0
-906150.0
-937873.0
-940653.0
-928084.0
-892630.0
-906424.0
-935172.0
-907457.0
-10835294.0
-950451.0
-939462.0
-953291.0
-977727.0
-967510.0
-942600.0
-942428.0
-969615.0
-906955.0
-998428.0
-979463.0
-897151.0
-937065.0
-1028167.0
-950325.0
-926564.0
-963444.0
-940031.0
-969890.0
-996867.0
-999550.0
-974008.0
-1014293.0
-974330.0
-923167.0
-990965.0
-991902.0
-936862.0
-925644.0
-950376.0
-956405.0
-997030.0
-930951.0
-983799.0
-1012044.0
-985915.0
-988255.0
-973536.0
-1053726.0
-1054276.0
-990705.0
-1032548.0
-1008802.0
-1037078.0
-1038571.0
-985017.0
-1026722.0
-986558.0
-1027167.0
-988474.0
-1016513.0
-1004234.0
-989235.0
-10624937.0
-1033286.0
-1022780.0
-994580.0
-1009540.0
-971767.0
-1008466.0
-1028051.0
-1042493.0
-1015122.0
-991187.0
-1032979.0
-1055431.0
-1007631.0
-1022671.0
-982667.0
-957353.0
-1025305.0
-1042529.0
-1015523.0
-1003567.0
-1032637.0
-991302.0
-978210.0
-1007911.0
-1036882.0
-1008343.0
-1068873.0
-1014014.0
-1057274.0
-1015322.0
-1001250.0
-1073282.0
-1002213.0
-1100467.0
-1007097.0
-1064820.0
-1038266.0
-995541.0
-1096778.0
-1037781.0
-1095065.0
-1056280.0
-1070405.0
-1113362.0
-1059423.0
-1045722.0
-1088035.0
-1032761.0
-1031898.0
-990158.0
-1090531.0
-1048623.0
-1051815.0
-1065895.0
-1023308.0
-1055116.0
-1026385.0
-1054931.0
-1073689.0
-1014175.0
-987444.0
-1046982.0
-1034019.0
-1048814.0
-1108878.0
-1092481.0
-1106357.0
-1066285.0
-1050970.0
-1128214.0
-1084751.0
-1043569.0
-1118490.0
-1119256.0
-1119178.0
-1102750.0
-1047834.0
-1043638.0
-1079046.0
-1124232.0
-1108237.0
-1067337.0
-1084258.0
-1100050.0
-1115391.0
-1082249.0
-1102670.0
-1103782.0
-1115531.0
-1103984.0
-1091617.0
-1091555.0
-1077006.0
-1078001.0
-1110445.0
-1063553.0
-1094474.0
-1082993.0
-1129648.0
-1086028.0
-1100363.0
-1161364.0
-1117569.0
-1120076.0
-1119467.0
-1150705.0
-1107908.0
-1123905.0
-1125235.0
-1171870.0
-1080392.0
-1158302.0
-1146033.0
-1084891.0
-1161966.0
-1118874.0
-1157923.0
-1106183.0
-1183387.0
-1169482.0
-1077641.0
-1126497.0
-1174019.0
-11082860.0
-1145788.0
-1175750.0
-1160189.0
-1102647.0
-1134654.0
-1150847.0
-1104544.0
-1183494.0
-1105315.0
-1168619.0
-1139589.0
-1170906.0
-1220600.0
-1127918.0
-1160770.0
-1114827.0
-1146917.0
-1209932.0
-1145298.0
-1195233.0
-1120968.0
-1216557.0
-1155136.0
-1139651.0
-11044473.0
-1171090.0
-1221928.0
-1126072.0
-1190911.0
-1208819.0
-1115700.0
-11148874.0
-1165127.0
-1166549.0
-1165965.0
-1135255.0
-1169051.0
-1186729.0
-1235143.0
-1187823.0
-1203202.0
-1205117.0
-1142121.0
-1239891.0
-1305917.0
-1144399.0
-1115606.0
-1213926.0
-1150062.0
-1135442.0
-1152098.0
-1234433.0
-1073670.0
-1234868.0
-1189087.0
-1206767.0
-1207527.0
-1209173.0
-1175210.0
-1191910.0
-1193166.0
-1246416.0
-1181363.0
-1215441.0
-1264246.0
-1167999.0
-1267374.0
-1235644.0
-1270056.0
-1220846.0
-1190453.0
-1191075.0
-1225045.0
-1240250.0
-1206442.0
-1193175.0
-1211299.0
-1229246.0
-1212924.0
-1215365.0
-1215834.0
-1268058.0
-1202453.0
-1219536.0
-1286742.0
-1288628.0
-1239488.0
-1142023.0
-1203901.0
-1194153.0
-1227183.0
-1244134.0
-1263191.0
-1266092.0
-1299608.0
-1265730.0
-1266341.0
-1320104.0
-10830965.0
-1202445.0
-1154558.0
-1254888.0
-1256580.0
-1206424.0
-1274840.0
-1241455.0
-11193140.0
-1244864.0
-1157808.0
-1295746.0
-1367174.0
-1283535.0
-1182174.0
-1233280.0
-1218060.0
-1200079.0
-1215413.0
-1236068.0
-1222864.0
-1259185.0
-1225155.0
-1293748.0
-1243721.0
-1313867.0
-1277803.0
-1245880.0
-1229079.0
-1283296.0
-1214069.0
-1321047.0
-1267057.0
-1285627.0
-1285759.0
-1307038.0
-1273425.0
-1291281.0
-1257892.0
-1329055.0
-1330919.0
-1311694.0
-1332898.0
-1228595.0
-11089794.0
-1319931.0
-1319724.0
-1286843.0
-1288183.0
-1324733.0
-1270026.0
-1325954.0
-1256840.0
-1293780.0
-1257490.0
-1277397.0
-1312613.0
-1277167.0
-1314040.0
-1314313.0
-1296992.0
-1353689.0
-1334962.0
-1336618.0
-1355973.0
-10911485.0
-1321801.0
-1317555.0
-1355953.0
-1288397.0
-1291304.0
-1364068.0
-1365131.0
-1312466.0
-1240843.0
-1295344.0
-1349386.0
-1278416.0
-1296216.0
-1313620.0
-1406784.0
-1350045.0
-1336713.0
-1319681.0
-1356944.0
-1250588.0
-1356967.0
-1358152.0
-1435490.0
-1235352.0
-1290917.0
-1364022.0
-1294413.0
-1276778.0
-1370298.0
-1335521.0
-1407688.0
-1337152.0
-1320455.0
-1411979.0
-1393386.0
-1433632.0
-1284929.0
-1323533.0
-1325153.0
-1455831.0
-1381663.0
-1325545.0
-1274131.0
-1456634.0
-1313258.0
-1406349.0
-1406160.0
-1352663.0
-1317338.0
-1391675.0
-1355094.0
-1319005.0
-1395963.0
-1377731.0
-1317481.0
-1380385.0
-1360774.0
-1381660.0
-1401142.0
-1290404.0
-1363999.0
-1419391.0
-1405008.0
-1387606.0
-1482221.0
-1389636.0
-1371411.0
-1371428.0
-1314841.0
-1412733.0
-1375200.0
-1318860.0
-1433087.0
-1416394.0
-1473186.0
-1375833.0
-1399554.0
-1381942.0
-1367106.0
-1400721.0
-1481681.0
-1407199.0
-1406188.0
-1428758.0
-1430450.0
-1393612.0
-1336445.0
-1354648.0
-1374414.0
-1473316.0
-1360829.0
-1453224.0
-1438130.0
-1440076.0
-1362458.0
-1423064.0
-1385599.0
-1385872.0
-1426078.0
-1446355.0
-1390910.0
-1392459.0
-1393965.0
-1413294.0
-1412894.0
-1415434.0
-1396479.0
-1378088.0
-1474609.0
-1398839.0
-1416875.0
-1439134.0
-1436410.0
-1461460.0
-1420669.0
-1443607.0
-1403201.0
-1406251.0
-1388389.0
-1467259.0
-1408141.0
-1448505.0
-1472975.0
-1452213.0
-1356946.0
-1375511.0
-1456040.0
-1458421.0
-1480143.0
-1441539.0
-1520310.0
-1482610.0
-1403464.0
-1445655.0
-1447603.0
-1428376.0
-1471036.0
-1549927.0
-1410391.0
-1475165.0
-1454288.0
-1477945.0
-1435994.0
-1460109.0
-1540475.0
-1482656.0
-1399204.0
-1537622.0
-1485568.0
-1505204.0
-1449217.0
-1429756.0
-1468166.0
-1472255.0
-1573922.0
-1413546.0
-1535298.0
-1493818.0
-1533198.0
-1496293.0
-1417847.0
-1517970.0
-1521825.0
-1481946.0
-1462440.0
-1461275.0
-1585904.0
-1404892.0
-1508446.0
-1466289.0
-1530655.0
-1491506.0
-1512990.0
-1452631.0
-1494424.0
-1554995.0
-1554954.0
-1456294.0
-1475804.0
-1479750.0
-1520320.0
-1541206.0
-1521865.0
-1499610.0
-1545570.0
-1567219.0
-1505665.0
-1609300.0
-1506309.0
-1632449.0
-1467850.0
-1489892.0
-1570483.0
-1549769.0
-1448905.0
-1493426.0
-1452956.0
-1493054.0
-1516775.0
-1517734.0
-1539839.0
-1520512.0
-1541886.0
-1541678.0
-1503048.0
-1482875.0
-1502696.0
-1442408.0
-1463106.0
-1422137.0
-1486007.0
-1529862.0
-1547719.0
-1528846.0
-1445895.0
-1490441.0
-1534200.0
-1595671.0
-1577383.0
-1472499.0
-1555961.0
-1559754.0
-1433837.0
-1582874.0
-1586328.0
-1563673.0
-1650058.0
-1522045.0
-1484192.0
-1481940.0
-1549348.0
-1613590.0
-1572641.0
-1596232.0
-1573942.0
-1531130.0
-1575586.0
-1579774.0
-1686222.0
-1557680.0
-1455313.0
-1670134.0
-1585034.0
-1519808.0
-1629250.0
-1482272.0
-1633265.0
-1591055.0
-1549517.0
-1570460.0
-1616421.0
-1553076.0
-1596804.0
-1554979.0
-1578297.0
-1556291.0
-1536793.0
-1602148.0
-1579655.0
-1623281.0
-1649589.0
-1560351.0
-1584583.0
-1562582.0
-11348332.0
-11393890.0
-1654457.0
-1591003.0
-1502707.0
-1504648.0
-1614556.0
-1572879.0
-11310904.0
-1552087.0
-1619656.0
-1574958.0
-1573775.0
-10876985.0
-1600783.0
-1558093.0
-1689656.0
-1687657.0
-1628021.0
-1651004.0
-1607900.0
-1630118.0
-1609060.0
-1763443.0
-1613063.0
-1658274.0
-1611649.0
-1569398.0
-1611812.0
-1617868.0
-1619903.0
-1599873.0
-1688288.0
-1618557.0
-1647942.0
-1692037.0
-1669163.0
-1628277.0
-1628950.0
-1540287.0
-1631454.0
-1542491.0
-1699948.0
-1722970.0
-1698894.0
-1565110.0
-1568328.0
-1793466.0
-1752193.0
-1572559.0
-1573278.0
-1708656.0
-1574584.0
-1620797.0
-1666399.0
-11398094.0
-1734149.0
-1597816.0
-1624842.0
-1628010.0
-1698014.0
-1654411.0
-1656334.0
-1655125.0
-11610803.0
-1682435.0
-1637014.0
-1660769.0
-1706903.0
-1663341.0
-1708272.0
-1641616.0
-1779402.0
-1621343.0
-1687575.0
-1555735.0
-1688699.0
-1786667.0
-1644791.0
-11443851.0
-1810702.0
-1647848.0
-1676174.0
-1629535.0
-1815907.0
-1630161.0
-1631322.0
-1703108.0
-1727914.0
-1774723.0
-1729626.0
-1684001.0
-1658588.0
-1707767.0
-1706280.0
-1711126.0
-1689163.0
-1689832.0
-1645414.0
-1715545.0
-1714241.0
-1577953.0
-1765809.0
-1760223.0
-1699549.0
-1724497.0
-1725311.0
-1702396.0
-1702718.0
-1773544.0
-1633083.0
-1682716.0
-1681595.0
-1612442.0
-1729318.0
-1757951.0
-1711023.0
-1707987.0
-1736539.0
-1687521.0
-1667819.0
-1619349.0
-1740699.0
-1692446.0
-1672601.0
-1744512.0
-1768976.0
-1771430.0
-1701444.0
-1795135.0
-1701925.0
-1752322.0
-1700613.0
-1658620.0
-1635329.0
-1734013.0
-1686505.0
-1899704.0
-1687579.0
-1784831.0
-1715331.0
-1716340.0
-1807147.0
-1766890.0
-1744224.0
-1793001.0
-1722095.0
-1770616.0
-1673566.0
-1701033.0
-1702651.0
-1680103.0
-11128532.0
-1730636.0
-1800895.0
-1683458.0
-1733834.0
-1781813.0
-1805232.0
-1808647.0
-1710694.0
-1738081.0
-1831212.0
-11716295.0
-1691204.0
-1766147.0
-1718178.0
-1720085.0
-1770399.0
-1723229.0
-1821134.0
-1796976.0
-1747240.0
-1751097.0
-1728748.0
-1727855.0
-1755350.0
-1752329.0
-1781264.0
-1826755.0
-1758240.0
-1808115.0
-1858371.0
-1833706.0
-1739043.0
-11250490.0
-1815803.0
-1815034.0
-1889935.0
-1838178.0
-1622771.0
-1869742.0
-1897442.0
-1749996.0
-1824843.0
-1775831.0
-1802574.0
-1829019.0
-1827709.0
-1904998.0
-1808111.0
-1708973.0
-1832216.0
-1883833.0
-1735880.0
-1860588.0
-1837600.0
-1762424.0
-1865079.0
-1866408.0
-1892706.0
-1768398.0
-1892174.0
-1869904.0
-1795840.0
-1847969.0
-1747778.0
-1874283.0
-1798240.0
-1725183.0
-1797974.0
-1950829.0
-1850447.0
-1804126.0
-1877976.0
-1806246.0
-1955350.0
-1884139.0
-1909624.0
-1684817.0
-1788144.0
-1915699.0
-1891216.0
-1891536.0
-1843758.0
-1843878.0
-1789049.0
-1770852.0
-1846503.0
-1823108.0
-1848444.0
-1899120.0
-1799974.0
-1928880.0
-1803426.0
-1830179.0
-1855316.0
-1856318.0
-1885540.0
-1783739.0
-1856694.0
-1836834.0
-1863636.0
-1915965.0
-1841561.0
-1862267.0
-1714967.0
-11869635.0
-1845789.0
-1897781.0
-1871426.0
-1871604.0
-1771107.0
-1872026.0
-1824051.0
-1822325.0
-1852351.0
-1825548.0
-1931094.0
-1880095.0
-1878131.0
-1830619.0
-1960656.0
-1932752.0
-1990089.0
-1962953.0
-1836047.0
-1994009.0
-1914763.0
-1891773.0
-1920124.0
-1970566.0
-1843645.0
-1923279.0
-2002137.0
-1924957.0
-1924417.0
-1848666.0
-1929494.0
-1877582.0
-1956587.0
-1931840.0
-2013149.0
-1881009.0
-1936501.0
-1912241.0
-2071787.0
-1835349.0
-1942161.0
-1915584.0
-1891152.0
-1915493.0
-11604189.0
-1866934.0
-1975454.0
-1870192.0
-1845521.0
-1951665.0
-1950912.0
-2005662.0
-1979476.0
-2009625.0
-1904228.0
-1906723.0
-1951704.0
-1880499.0
-1934887.0
-2147471.0
-1884577.0
-1992085.0
-1808155.0
-1912523.0
-1863427.0
-1890791.0
-1783856.0
-1946361.0
-1840321.0
-1946622.0
-1921161.0
-1845576.0
-1952091.0
-2008436.0
-11554161.0
-1953812.0
-1956647.0
-1959273.0
-1932518.0
-2068097.0
-2036624.0
-2070573.0
-2040567.0
-1991066.0
-1994754.0
-1939495.0
-1994394.0
-1862585.0
-2026678.0
-1975048.0
-2002974.0
-1998868.0
-1977277.0
-1871090.0
-1980899.0
-1928387.0
-1847582.0
-1789924.0
-2011808.0
-2040318.0
-1930370.0
-1960831.0
-2014680.0
-2072368.0
-2073349.0
-1883141.0
-2103128.0
-1995997.0
-1969451.0
-2163117.0
-2026873.0
-2082949.0
-2028753.0
-2001735.0
-2057267.0
-11590071.0
-2031620.0
-2088412.0
-2007306.0
-2009414.0
-2089768.0
-2120415.0
-1956626.0
-1986254.0
-1984397.0
-2016726.0
-1960729.0
-1991904.0
-1992662.0
-2020950.0
-2049255.0
-1881307.0
-2135065.0
-2106385.0
-2027109.0
-2138675.0
-2085802.0
-1946963.0
-1976377.0
-2005194.0
-2117482.0
-1977460.0
-1979249.0
-2064347.0
-2039900.0
-2095868.0
-2097274.0
-2097273.0
-2041034.0
-1987066.0
-2073447.0
-2211071.0
-2130779.0
-2103956.0
-2187728.0
-2073665.0
-11348334.0
-2051521.0
-1995605.0
-2111134.0
-2110926.0
-2029638.0
-2001868.0
-2088687.0
-2005308.0
-2119052.0
-2176773.0
-2177558.0
-2037344.0
-2007774.0
-1922952.0
-2152997.0
-2042996.0
-2184612.0
-2015250.0
-2100956.0
-2160188.0
-2045109.0
-2103807.0
-2045005.0
-2163550.0
-2108914.0
-2167018.0
-2137115.0
-2111103.0
-2170332.0
-2056761.0
-2057003.0
-2088627.0
-2060592.0
-2032577.0
-2032751.0
-2092410.0
-2123026.0
-2092614.0
-2155780.0
-2242704.0
-2185296.0
-2129583.0
-2072824.0
-2187895.0
-2103634.0
-2103423.0
-2133563.0
-2165033.0
-1992361.0
-1907538.0
-2162353.0
-2081125.0
-2197536.0
-2025916.0
-2085491.0
-2231043.0
-2027626.0
-11564292.0
-2174793.0
-2234918.0
-2120628.0
-2150966.0
-2209080.0
-2151699.0
-2066308.0
-2212106.0
-11689268.0
-2096695.0
-2096832.0
-2155745.0
-2185808.0
-2100281.0
-2184414.0
-2101343.0
-2161788.0
-2134561.0
-2016895.0
-2078081.0
-2196555.0
-2285459.0
-2140292.0
-2110208.0
-2113170.0
-2172127.0
-2203808.0
-2029013.0
-2263637.0
-2236945.0
-2237972.0
-2120773.0
-2061046.0
-2182202.0
-2094304.0
-2154168.0
-2095154.0
-2300811.0
-2095214.0
-2124345.0
-2126335.0
-2127679.0
-2216898.0
-2100915.0
-2247868.0
-2251166.0
-2132413.0
-2245661.0
-2313888.0
-2225477.0
-2107321.0
-2047344.0
-2228771.0
-2258595.0
-2170327.0
-2196070.0
-2141066.0
-2111391.0
-2113425.0
-2172064.0
-2056555.0
-2056824.0
-2238174.0
-2177339.0
-2119108.0
-2330743.0
-2181022.0
-2242479.0
-2062889.0
-2123648.0
-2149747.0
-2216405.0
-2247907.0
-2190440.0
-2159826.0
-2221939.0
-2250834.0
-2103078.0
-2193705.0
-2192981.0
-2165047.0
-2104242.0
-2046818.0
-2167753.0
-2225899.0
-2319977.0
-2259283.0
-2171932.0
-2172141.0
-2112858.0
-2231748.0
-2236329.0
-2176273.0
-2237230.0
-2146492.0
-2149256.0
-2301204.0
-2120243.0
-11575345.0
-2303172.0
-2301794.0
-2270997.0
-2275343.0
-2183971.0
-2123867.0
-2156931.0
-2307682.0
-2342536.0
-2371458.0
-2221848.0
-2192958.0
-2377214.0
-2286581.0
-2256090.0
-2197232.0
-2260826.0
-2323653.0
-2294302.0
-2199573.0
-2356656.0
-2207150.0
-2266740.0
-2208132.0
-2238576.0
-2119632.0
-2151370.0
-2276328.0
-2337830.0
-2400662.0
-2280597.0
-2187091.0
-2374461.0
-2372949.0
-2375940.0
-2191590.0
-2129404.0
-2254161.0
-2225527.0
-2258005.0
-2227570.0
-2258959.0
-2258753.0
-12168098.0
-2228883.0
-2234316.0
-2203608.0
-2297452.0
-2205557.0
-2359728.0
-2362812.0
-2362682.0
-2270776.0
-2301352.0
-11928832.0
-2148598.0
-2274381.0
-2337865.0
-2370266.0
-2246979.0
-2247995.0
-2218001.0
-2282261.0
-2281704.0
-2276756.0
-2252086.0
-2254168.0
-2192159.0
-2223343.0
-2289110.0
-2225613.0
-2255705.0
-2292598.0
-2293334.0
-2325444.0
-2296435.0
-2296144.0
-2264347.0
-2361548.0
-2237601.0
-2269873.0
-2364544.0
-2272079.0
-2368523.0
-2432907.0
-2338781.0
-2308161.0
-2275466.0
-2277106.0
-2404128.0
-2218001.0
-2437097.0
-2283206.0
-2441988.0
-2283488.0
-2221637.0
-2287472.0
-2288337.0
-2256865.0
-2194767.0
-2355160.0
-2386998.0
-2320594.0
-2356948.0
-2295697.0
-2359190.0
-2423442.0
-2297068.0
-2266607.0
-2360939.0
-2327898.0
-2270511.0
-2367561.0
-2303043.0
-2241303.0
-2240180.0
-2243418.0
-2243635.0
-2276364.0
-2374520.0
-2310918.0
-2504274.0
-11799807.0
-2377753.0
-2284633.0
-2381698.0
-2284537.0
-2414980.0
-2449635.0
-2290478.0
-2322270.0
-2487196.0
-2294221.0
-2327832.0
-2360127.0
-2232127.0
-2297488.0
-2298136.0
-2299702.0
-2365371.0
-2300855.0
-2369087.0
-2337264.0
-2273968.0
-2303411.0
-2373890.0
-2374426.0
-2180200.0
-2371518.0
-2340999.0
-2378091.0
-2510634.0
-2445878.0
-2316192.0
-2447862.0
-2318203.0
-2416735.0
-2384507.0
-2517119.0
-2420142.0
-2388405.0
-2486968.0
-2293410.0
-2392348.0
-2395091.0
-2427764.0
-2429063.0
-2364464.0
-2496457.0
-2398891.0
-2300894.0
-2468040.0
-2333706.0
-2400358.0
-2336131.0
-2439527.0
-2373728.0
-2338976.0
-2442237.0
-2475347.0
-2446079.0
-2313609.0
-2348631.0
-2447275.0
-2380422.0
-2413205.0
-2383520.0
-2419027.0
-2352337.0
-2320187.0
-2587111.0
-2421692.0
-2456848.0
-2388745.0
-12324922.0
-2391119.0
-2421486.0
-2528450.0
-2424447.0
-2461484.0
-2398266.0
-2595246.0
-2334326.0
-2531568.0
-2402939.0
-2301534.0
-2537634.0
-2504614.0
-2440603.0
-2407032.0
-2405751.0
-2374525.0
-2441651.0
-2445631.0
-2378667.0
-2448787.0
-2416103.0
-2416125.0
-2318216.0
-2486293.0
-2521569.0
-2423952.0
-2526351.0
-2560105.0
-2358691.0
-2561127.0
-2394112.0
-2426172.0
-2430045.0
-2498916.0
-2466336.0
-2399787.0
-2529882.0
-2535594.0
-2402499.0
-2437400.0
-2438014.0
-2439309.0
-2575738.0
-2407834.0
-2407698.0
-2543499.0
-12308205.0
-2548899.0
-2615705.0
-2549726.0
-2450051.0
-2413664.0
-2416800.0
-2586256.0
-2487969.0
-2591689.0
-2524476.0
-2524188.0
-2491711.0
-2422985.0
-2423694.0
-2459846.0
-2494346.0
-2495960.0
-2462423.0
-2425231.0
-2669729.0
-2496313.0
-2604414.0
-2537434.0
-2263731.0
-2368095.0
-2437310.0
-2507867.0
-2508506.0
-2576914.0
-2511098.0
-2477097.0
-2544903.0
-2616025.0
-2513438.0
-2548787.0
-2342903.0
-2651468.0
-2310173.0
-2549956.0
-2381589.0
-2520152.0
-11898503.0
-2486468.0
-2522328.0
-2490927.0
-2455563.0
-2424326.0
-2494543.0
-2530357.0
-2495698.0
-2567170.0
-2532207.0
-2532308.0
-2395954.0
-2360700.0
-2429201.0
-2538572.0
-2642202.0
-12260446.0
-2505739.0
-2473157.0
-2508646.0
-2507438.0
-2616468.0
-2581784.0
-2513691.0
-2548428.0
-2619361.0
-2375170.0
-2623850.0
-2550809.0
-2729666.0
-2520828.0
-2523854.0
-2454334.0
-2490948.0
-2594171.0
-2492500.0
-2562187.0
-2598817.0
-2461118.0
-2636633.0
-2530804.0
-2639761.0
-2707855.0
-12325933.0
-2537396.0
-2642422.0
-2606837.0
-12222872.0
-2575642.0
-2577004.0
-2541611.0
-2541332.0
-2474923.0
-12263295.0
-2441364.0
-2545930.0
-2618790.0
-2478003.0
-2514641.0
-2547144.0
-2443384.0
-2512262.0
-2484873.0
-2627879.0
-2486797.0
-2660782.0
-2524432.0
-2631560.0
-2562879.0
-2527105.0
-2744447.0
-2565705.0
-2640162.0
-2498157.0
-2533559.0
-2642915.0
-11714328.0
-2644916.0
-2573798.0
-2647058.0
-2505146.0
-2609229.0
-2686301.0
-2723067.0
-2577619.0
-2578448.0
-2618998.0
-2654335.0
-2657262.0
-2550606.0
-12408353.0
-2551299.0
-2586642.0
-2444270.0
-2700093.0
-2484740.0
-2629462.0
-11728706.0
-2632383.0
-2560265.0
-2634632.0
-2737558.0
-2672138.0
-2781691.0
-2602528.0
-2568055.0
-2569320.0
-2496996.0
-2571650.0
-2643628.0
-2500626.0
-2611157.0
-2573948.0
-2536552.0
-2542446.0
-2611312.0
-2616356.0
-2618915.0
-2654353.0
-2655057.0
-2767024.0
-2695868.0
-2587248.0
-2659803.0
-2734144.0
-2625787.0
-2554950.0
-2738816.0
-2593016.0
-2666743.0
-2740328.0
-2742312.0
-2597681.0
-2703024.0
-2777838.0
-2563737.0
-2711591.0
-2676318.0
-2674744.0
-2567695.0
-2751881.0
-2753739.0
-2677763.0
-2678118.0
-2720554.0
-2721441.0
-2796341.0
-2758042.0
-2577104.0
-2762498.0
-2616302.0
-2617174.0
-2654375.0
-2618120.0
-2726979.0
-2804539.0
-2506366.0
-2692055.0
-11810115.0
-2511722.0
-2512394.0
-2771492.0
-2661430.0
-2768711.0
-2886822.0
-2740468.0
-2778817.0
-2815295.0
-2813403.0
-2632960.0
-2634954.0
-2635792.0
-2709994.0
-2746681.0
-2561920.0
-2825782.0
-2641349.0
-2605273.0
-2753809.0
-2792084.0
-2716888.0
-2943671.0
-2908521.0
-2721273.0
-2648293.0
-2572999.0
-2650941.0
-2689706.0
-2690785.0
-2691153.0
-2688932.0
-2807175.0
-2659167.0
-2810074.0
-2773339.0
-2734982.0
-2662812.0
-2777606.0
-2851771.0
-2665843.0
-2777982.0
-2629879.0
-12667904.0
-2744974.0
-2632322.0
-2786182.0
-2712023.0
-2787177.0
-2675555.0
-2715850.0
-2603184.0
-2866843.0
-2720336.0
-2796566.0
-2645148.0
-2759417.0
-2758356.0
-2687367.0
-11400892.0
-2728052.0
-2689661.0
-2764548.0
-2728149.0
-2655450.0
-2694735.0
-2692136.0
-2884949.0
-2695801.0
-2811276.0
-2584783.0
-2776088.0
-3081286.0
-2700445.0
-2625473.0
-2701701.0
-2742101.0
-2781884.0
-2820027.0
-2746065.0
-2975924.0
-2787808.0
-2940098.0
-2748579.0
-2904646.0
-2865119.0
-2754046.0
-2832770.0
-2718741.0
-2911836.0
-12068696.0
-12108133.0
-2872103.0
-2876724.0
-2877080.0
-2763245.0
-2800563.0
-2801756.0
-2726065.0
-2804084.0
-2883011.0
-2921783.0
-2923894.0
-2887154.0
-2805337.0
-12540331.0
-2735295.0
-2775225.0
-2777874.0
-2741128.0
-2779770.0
-2859805.0
-2781943.0
-2745346.0
-2629354.0
-2590039.0
-2785843.0
-2941379.0
-2751389.0
-2868874.0
-2669723.0
-2871789.0
-2871114.0
-2834914.0
-12833690.0
-2758031.0
-2758186.0
-2641921.0
-2758466.0
-2722101.0
-2681888.0
-2761039.0
-2842714.0
-2843299.0
-2726828.0
-2726344.0
-2766830.0
-2845605.0
-2807296.0
-2808531.0
-2810135.0
-2770058.0
-2928371.0
-2656491.0
-3049117.0
-2735127.0
-2855289.0
-2815661.0
-2737407.0
-2857234.0
-2817080.0
-2860364.0
-2783098.0
-2741492.0
-3017278.0
-2863483.0
-2825397.0
-2984559.0
-2749535.0
-2788729.0
-2907998.0
-2673228.0
-2791453.0
-2832060.0
-2791142.0
-2991780.0
-2872259.0
-3031970.0
-2756487.0
-2909264.0
-2798205.0
-2838385.0
-2878657.0
-2801164.0
-2922041.0
-2725220.0
-2766439.0
-2725876.0
-2926387.0
-12927541.0
-2808361.0
-2887892.0
-2968302.0
-2971274.0
-2972252.0
-2890262.0
-2815573.0
-2815904.0
-2895739.0
-2977127.0
-2900165.0
-2941141.0
-2782452.0
-2938171.0
-2744100.0
-2903651.0
-2863379.0
-2665383.0
-2826985.0
-2906471.0
-2824772.0
-2989946.0
-2870269.0
-2949277.0
-2985396.0
-2873653.0
-2991942.0
-2913677.0
-2956618.0
-2715814.0
-12799116.0
-3080091.0
-2920798.0
-2921524.0
-2964317.0
-3044457.0
-2806830.0
-2888093.0
-2928241.0
-2888443.0
-2850916.0
-2892062.0
-2970920.0
-2890101.0
-2975994.0
-3096330.0
-2696263.0
-2818004.0
-12938968.0
-3019885.0
-3064321.0
-2903931.0
-2823305.0
-2825422.0
-2985327.0
-3027645.0
-3029811.0
-2909652.0
-2909605.0
-2952602.0
-3074714.0
-2793671.0
-11458446.0
-3037046.0
-2918194.0
-2918781.0
-2918482.0
-3042087.0
-2840201.0
-2999976.0
-3003509.0
-2922560.0
-2964228.0
-3128389.0
-2884358.0
-2919073.0
-2886291.0
-12643449.0
-2969254.0
-2931117.0
-3052111.0
-2931833.0
-2928707.0
-3139039.0
-3018299.0
-2897998.0
-3140265.0
-12695921.0
-2819120.0
-2819924.0
-2984742.0
-3068292.0
-3027922.0
-3151587.0
-3028195.0
-2949401.0
-2948740.0
-3075323.0
-2912096.0
-2954750.0
-2955309.0
-2833878.0
-3039982.0
-12588416.0
-3165972.0
-2879518.0
-2879446.0
-3048302.0
-2965863.0
-2844272.0
-2925305.0
-3214600.0
-2968775.0
-12722751.0
-2806239.0
-12846845.0
-3012513.0
-2892131.0
-2893798.0
-2935361.0
-3019084.0
-3019011.0
-2979011.0
-2982802.0
-3065978.0
-2982415.0
-3021374.0
-2985750.0
-2860530.0
-2985498.0
-2988242.0
-2863499.0
-2948829.0
-2949698.0
-2950964.0
-3159396.0
-2993365.0
-11580724.0
-2953202.0
-3037149.0
-2954784.0
-2958596.0
-3043202.0
-3002223.0
-2961177.0
-3086382.0
-11962067.0
-2965294.0
-12840477.0
-3131158.0
-2925729.0
-3010248.0
-3136219.0
-2969011.0
-2887298.0
-3138599.0
-2930773.0
-3012850.0
-3141855.0
-3016409.0
-3059634.0
-3061393.0
-3105524.0
-3022515.0
-3065686.0
-2981371.0
-2983307.0
-3110703.0
-2985283.0
-3070569.0
-3026760.0
-2944718.0
-3156656.0
-2948149.0
-3201424.0
-3162030.0
-3078796.0
-2908764.0
-3038767.0
-2997405.0
-2871586.0
-3083091.0
-3252941.0
-3084797.0
-3084749.0
-2916953.0
-3087600.0
-2917744.0
-3004463.0
-3089191.0
-3217424.0
-3047251.0
-3177765.0
-3094104.0
-3265258.0
-3097279.0
-2843499.0
-12927807.0
-3267925.0
-3139164.0
-3101378.0
-3102292.0
-2933573.0
-3230610.0
-3020691.0
-3149733.0
-2979821.0
-3066929.0
-3066926.0
-3105973.0
-3027987.0
-3198445.0
-3157307.0
-3200951.0
-3031789.0
-3114942.0
-3030635.0
-3117178.0
-3249375.0
-3122498.0
-3079399.0
-3080084.0
-3210610.0
-3041396.0
-2958477.0
-3085231.0
-3045682.0
-3133232.0
-3176614.0
-3176961.0
-3307604.0
-2964381.0
-3007929.0
-3181918.0
-3013233.0
-3142591.0
-3143664.0
-3103568.0
-3190317.0
-3193322.0
-3149866.0
-3324224.0
-3068245.0
-3069335.0
-3328828.0
-2941424.0
-3112723.0
-3203107.0
-3030814.0
-3247119.0
-3205081.0
-3250403.0
-3118855.0
-3252263.0
-3209663.0
-3036388.0
-3124132.0
-3214829.0
-3128602.0
-3260502.0
-3302605.0
-3132173.0
-3177071.0
-3046833.0
-3221007.0
-3002245.0
-3048942.0
-3224378.0
-3095183.0
-3133548.0
-3317443.0
-12007721.0
-3012740.0
-3098947.0
-3058585.0
-3188505.0
-12885376.0
-3237536.0
-3150016.0
-12495169.0
-3152945.0
-3064981.0
-3108227.0
-3067977.0
-3199880.0
-3288841.0
-3244672.0
-3247965.0
-3291582.0
-3205062.0
-3250001.0
-12989718.0
-3298846.0
-3388117.0
-3298216.0
-3168623.0
-12422712.0
-3039861.0
-3348967.0
-3217330.0
-3086171.0
-3263440.0
-3219792.0
-3133399.0
-3046093.0
-3090699.0
-3268308.0
-3312798.0
-3226492.0
-3226376.0
-3185544.0
-3141427.0
-3054188.0
-3230099.0
-2965934.0
-3280024.0
-3323304.0
-3104350.0
-3237961.0
-3369926.0
-3150892.0
-3109610.0
-3243441.0
-3290546.0
-3157800.0
-3114275.0
-3158810.0
-3116718.0
-3206667.0
-3339781.0
-3074334.0
-3251764.0
-3298594.0
-3120621.0
-3166435.0
-3346640.0
-3212343.0
-3168142.0
-3304003.0
-3171917.0
-3306644.0
-3172818.0
-3308213.0
-3175537.0
-3040172.0
-3131032.0
-3175364.0
-3133137.0
-3358078.0
-3315313.0
-3180813.0
-3225794.0
-13004322.0
-3136023.0
-3319669.0
-3273774.0
-3096636.0
-3273514.0
-3233246.0
-3189364.0
-3188937.0
-3234844.0
-3189804.0
-3147304.0
-3147636.0
-3099462.0
-3236286.0
-3377362.0
-3334277.0
-3244635.0
-3289461.0
-3201557.0
-3383646.0
-3336342.0
-3115169.0
-3251620.0
-3206375.0
-3207837.0
-3299660.0
-3390312.0
-3209977.0
-3484580.0
-3167654.0
-3120499.0
-3125589.0
-3259214.0
-3263950.0
-12765588.0
-3309831.0
-3037413.0
-3171753.0
-13127059.0
-3266180.0
-3178747.0
-3269031.0
-3315226.0
-12590076.0
-3407053.0
-3319748.0
-3362763.0
-13321285.0
-3368042.0
-3230593.0
-3416533.0
-3372616.0
-3144489.0
-3192358.0
-3147242.0
-3193897.0
-3149079.0
-3238296.0
-3286438.0
-3241954.0
-3426572.0
-3381257.0
-3335345.0
-3244227.0
-12515473.0
-3293605.0
-3335247.0
-3568552.0
-3203535.0
-3207573.0
-3299126.0
-3527661.0
-3348080.0
-3441001.0
-3167701.0
-3121035.0
-3352983.0
-3216623.0
-3355487.0
-3265119.0
-3173051.0
-3220013.0
-3175718.0
-3405110.0
-3268371.0
-3271203.0
-3364113.0
-3180535.0
-3318466.0
-3365650.0
-3228283.0
-3368154.0
-3368346.0
-3275987.0
-3324221.0
-3232261.0
-3327164.0
-3374725.0
-3373647.0
-3330051.0
-3331792.0
-3470991.0
-3287366.0
-3242057.0
-3197019.0
-3430505.0
-3427020.0
-3290251.0
-3432776.0
-3248524.0
-3338148.0
-3204651.0
-3483929.0
-3206729.0
-3254427.0
-3255226.0
-3441173.0
-3208281.0
-3211216.0
-3307294.0
-3586454.0
-3542900.0
-3544644.0
-3312032.0
-13172633.0
-3128296.0
-3409610.0
-3222336.0
-3271807.0
-3412638.0
-3413226.0
-3274194.0
-3414024.0
-3413128.0
-3462858.0
-3276709.0
-3466073.0
-3607715.0
-3233389.0
-3282647.0
-3376547.0
-3659672.0
-3470360.0
-3379617.0
-3287443.0
-3381353.0
-3288614.0
-3428039.0
-12491644.0
-13102712.0
-3338829.0
-3433965.0
-3575520.0
-3295775.0
-12590172.0
-3203085.0
-3155646.0
-3345467.0
-3252310.0
-3489263.0
-3300951.0
-12217141.0
-3300086.0
-3442555.0
-3493911.0
-3494048.0
-3447643.0
-3205700.0
-3447100.0
-3261706.0
-3639757.0
-3264030.0
-3452980.0
-3267526.0
-3266793.0
-3315919.0
-3551993.0
-3221759.0
-3221633.0
-3363628.0
-3510655.0
-3463311.0
-3320564.0
-3369320.0
-3702688.0
-3419933.0
-3657205.0
-3469271.0
-3566842.0
-3568278.0
-3472454.0
-3426628.0
-3427696.0
-3429800.0
-3383753.0
-3384917.0
-3526682.0
-3579408.0
-3341278.0
-3580635.0
-3581429.0
-3391123.0
-3440995.0
-3440635.0
-3394933.0
-3536639.0
-3398349.0
-3351120.0
-3399796.0
-3401354.0
-3546618.0
-3403102.0
-3404745.0
-3596467.0
-3500178.0
-3454674.0
-3505597.0
-3357931.0
-3601417.0
-3553886.0
-3413674.0
-3654145.0
-3462820.0
-3368121.0
-3562558.0
-3417620.0
-3515490.0
-3468373.0
-3565941.0
-3613243.0
-3375028.0
-3425416.0
-3619916.0
-3428070.0
-3474505.0
-3477909.0
-3768892.0
-3482498.0
-3531973.0
-3675106.0
-3339475.0
-3485871.0
-3631806.0
-3343280.0
-3389458.0
-3491540.0
-3436916.0
-3493154.0
-3688976.0
-3301565.0
-3496512.0
-3449538.0
-3403011.0
-3599115.0
-3696103.0
-3550017.0
-3552076.0
-3455849.0
-3700289.0
-3310039.0
-3505939.0
-3557157.0
-3606042.0
-3359989.0
-3462429.0
-13268700.0
-3511452.0
-3709532.0
-3516169.0
-3562143.0
-3565900.0
-3519629.0
-3617566.0
-3618041.0
-3668839.0
-3572453.0
-3523585.0
-3769146.0
-3623956.0
-3625825.0
-3530796.0
-3629473.0
-3532120.0
-3384740.0
-3434326.0
-3536022.0
-3537297.0
-3391531.0
-3540103.0
-3491271.0
-3442994.0
-3494951.0
-3446449.0
-3594869.0
-3645803.0
-3646444.0
-3696825.0
-3597090.0
-13156458.0
-3448603.0
-3751131.0
-3751367.0
-3706786.0
-3509680.0
-3756404.0
-3658810.0
-3561942.0
-3612547.0
-13365606.0
-13465703.0
-3765685.0
-3716327.0
-3565972.0
-3765341.0
-3820462.0
-3573938.0
-3723407.0
-3574634.0
-3769103.0
-12830865.0
-3477466.0
-3528078.0
-3429750.0
-3478744.0
-3582298.0
-3733667.0
-3585641.0
-3683934.0
-3834528.0
-3539503.0
-3438486.0
-3540642.0
-12793911.0
-3343083.0
-3891996.0
-3843696.0
-3645600.0
-3796443.0
-3497688.0
-3444669.0
-3545936.0
-3799738.0
-3848527.0
-3600884.0
-3602717.0
-3602791.0
-3602715.0
-3450802.0
-3406439.0
-3607418.0
-3754413.0
-3509610.0
-3559333.0
-3812191.0
-3662518.0
-3613164.0
-3513649.0
-3461969.0
-3615399.0
-3815073.0
-3717835.0
-3466620.0
-3568935.0
-3416343.0
-3621102.0
-3570738.0
-3721982.0
-3623498.0
-12766037.0
-3675915.0
-3677589.0
-3728753.0
-3677428.0
-3577914.0
-3581185.0
-3579027.0
-3629652.0
-3634722.0
-3584489.0
-3635981.0
-3435385.0
-3687431.0
-3585642.0
-3640093.0
-3590742.0
-3742018.0
-3694288.0
-3640377.0
-3392153.0
-3645644.0
-3544131.0
-3699516.0
-3545166.0
-13751960.0
-3600987.0
-3753269.0
-3704046.0
-3652849.0
-3655277.0
-12437326.0
-3605564.0
-3705404.0
-3506456.0
-3405867.0
-3711828.0
-3610945.0
-3816176.0
-3764541.0
-3511767.0
-3715980.0
-3760427.0
-3614831.0
-3821997.0
-3413042.0
-3671135.0
-3569421.0
-3673299.0
-3724242.0
-3724152.0
-3625227.0
-3778223.0
-3779504.0
-3627121.0
-3680220.0
-3782199.0
-3783511.0
-3580252.0
-3782621.0
-3583499.0
-3581165.0
-3533965.0
-3636935.0
-3690640.0
-3741299.0
-3691470.0
-3794558.0
-3642288.0
-3746284.0
-13335599.0
-3542026.0
-3697563.0
-3593314.0
-3906448.0
-3905856.0
-3547861.0
-3652027.0
-3855579.0
-3653256.0
-3809295.0
-3758418.0
-3759298.0
-3757014.0
-3658794.0
-3915155.0
-3609634.0
-3659656.0
-3714774.0
-3610094.0
-3870457.0
-3871818.0
-3561748.0
-3666785.0
-3564343.0
-3876425.0
-3774021.0
-3878800.0
-3722439.0
-3724806.0
-3985179.0
-3727453.0
-3625053.0
-3833959.0
-3730503.0
-3784692.0
-3888515.0
-3888612.0
-3839826.0
-3581206.0
-3892427.0
-12229132.0
-3739675.0
-12908930.0
-3945790.0
-3639119.0
-3847194.0
-3848178.0
-3693870.0
-3643578.0
-3696814.0
-4060678.0
-3855498.0
-3491311.0
-3958986.0
-3804467.0
-3702496.0
-3912444.0
-3702730.0
-3705777.0
-3757917.0
-3811444.0
-3761595.0
-3709357.0
-3553164.0
-4076648.0
-3659625.0
-3765149.0
-3766384.0
-3611176.0
-3926623.0
-3770940.0
-3981473.0
-3773024.0
-3510994.0
-3565780.0
-3776620.0
-3826863.0
-3725189.0
-3673141.0
-3464643.0
-3517781.0
-3676201.0
-3888058.0
-3783637.0
-3889200.0
-3729019.0
-3626848.0
-3786319.0
-3838840.0
-3946795.0
-3736968.0
-3686694.0
-3949819.0
-3844664.0
-3952074.0
-3953201.0
-3794989.0
-3639241.0
-3744225.0
-3851591.0
-3955837.0
-3591562.0
-3803954.0
-3909034.0
-3962810.0
-13013793.0
-3859965.0
-4180019.0
-4129012.0
-3811883.0
-3708167.0
-3812639.0
-3867996.0
-3709464.0
-3870769.0
-12492519.0
-3872893.0
-3980047.0
-3927873.0
-3609483.0
-3873077.0
-3610722.0
-3559264.0
-3666518.0
-3558335.0
-4038419.0
-3881903.0
-3777125.0
-3671990.0
-3885748.0
-3780169.0
-3888533.0
-4046527.0
-4156072.0
-3784200.0
-3839616.0
-3680520.0
-3895800.0
-4002639.0
-3738640.0
-3792293.0
-3841078.0
-3792730.0
-4061071.0
-3846870.0
-3851710.0
-3958896.0
-3906417.0
-3748052.0
-3746448.0
-4015628.0
-3803545.0
-3643789.0
-3967268.0
-3969714.0
-3701923.0
-3864104.0
-13436445.0
-3974275.0
-3866965.0
-3707481.0
-3709265.0
-3926469.0
-3873205.0
-3712788.0
-3766597.0
-3713591.0
-3769532.0
-3984486.0
-3987774.0
-3772559.0
-3880831.0
-3718309.0
-3827821.0
-3884512.0
-3992542.0
-3886641.0
-3887677.0
-3781409.0
-3728555.0
-3783657.0
-3944999.0
-4002992.0
-3786638.0
-4002504.0
-4059403.0
-4060109.0
-3680158.0
-3898966.0
-3735511.0
-4061863.0
-3738983.0
-3792732.0
-3902960.0
-3902509.0
-4228570.0
-4010657.0
-3851140.0
-4125007.0
-3961658.0
-3853728.0
-3749076.0
-3803322.0
-3859547.0
-3969915.0
-3808946.0
-3643931.0
-4081505.0
-3865074.0
-3867398.0
-3919683.0
-3869470.0
-3760825.0
-3761922.0
-4035025.0
-3872792.0
-3979953.0
-4037570.0
-4091963.0
-4038666.0
-4037910.0
-3877680.0
-3715584.0
-3989490.0
-3935219.0
-3992868.0
-4102557.0
-3720792.0
-3776291.0
-4050981.0
-3994435.0
-3778475.0
-3998433.0
-3943770.0
-4054322.0
-4161794.0
-4056786.0
-3782173.0
-3838426.0
-4004198.0
-4115423.0
-4277197.0
-3788785.0
-4062225.0
-13074997.0
-3955516.0
-4011577.0
-4011990.0
-3958664.0
-4181491.0
-4126134.0
-3798482.0
-3964277.0
-3855783.0
-3962775.0
-3800900.0
-3857773.0
-3962853.0
-3969467.0
-3909199.0
-4192116.0
-4193287.0
-3917185.0
-3863919.0
-4140809.0
-3810061.0
-4307710.0
-3920520.0
-4143369.0
-3923405.0
-3924487.0
-4201325.0
-4204176.0
-3762021.0
-4093548.0
-3873224.0
-3763558.0
-3930200.0
-3822102.0
-3987203.0
-3936104.0
-4270109.0
-3937780.0
-4272283.0
-3939440.0
-4107626.0
-3942465.0
-4163913.0
-3999654.0
-3777142.0
-4001329.0
-4002226.0
-4114814.0
-4116363.0
-4117038.0
-4005837.0
-3784512.0
-4118815.0
-4232676.0
-4122528.0
-4068060.0
-4065108.0
-3957088.0
-4181154.0
-3958688.0
-4183841.0
-4130578.0
-3795834.0
-3907587.0
-4076639.0
-4188530.0
-3965174.0
-4246277.0
-4304749.0
-3802160.0
-4025867.0
-4026987.0
-4195115.0
-4308289.0
-4028499.0
-3861696.0
-4255471.0
-4033537.0
-3922477.0
-3921362.0
-12354034.0
-3981172.0
-4039661.0
-4096135.0
-4040479.0
-4097630.0
-3928452.0
-4155574.0
-3990329.0
-4103547.0
-3991760.0
-4386837.0
-4108074.0
-4167099.0
-4055209.0
-4393859.0
-4283621.0
-3832547.0
-4172513.0
-4286714.0
-4175467.0
-4059971.0
-4120167.0
-4008272.0
-4008530.0
-13953285.0
-4012125.0
-3955641.0
-4068262.0
-4183839.0
-3954601.0
-4015259.0
-4129927.0
-3903266.0
-4018474.0
-4131490.0
-4303020.0
-3908520.0
-4134503.0
-4193661.0
-4138799.0
-3964967.0
-4137773.0
-4141111.0
-4141782.0
-4029148.0
-3974775.0
-4198448.0
-4034620.0
-4035466.0
-4035177.0
-4036672.0
-4150658.0
-4266464.0
-3926455.0
-4210820.0
-4212337.0
-4098893.0
-4153254.0
-4044755.0
-4330267.0
-4045382.0
-4042971.0
-4048003.0
-4162811.0
-4392625.0
-4050937.0
-4223021.0
-4166159.0
-4168230.0
-13483964.0
-3998083.0
-3999552.0
-4109430.0
-4457781.0
-4231002.0
-4056588.0
-4174089.0
-4234137.0
-4063047.0
-4006693.0
-4122721.0
-4066602.0
-4067409.0
-3953063.0
-4064044.0
-4069651.0
-12465070.0
-4359315.0
-4188786.0
-4017275.0
-4017204.0
-4076820.0
-4190842.0
-4131630.0
-4250923.0
-4133453.0
-3962173.0
-4369921.0
-4081544.0
-4368918.0
-4083933.0
-4029986.0
-4087898.0
-3916462.0
-4146854.0
-4319923.0
-4208113.0
-3978942.0
-4152404.0
-4095269.0
-4441273.0
-4269913.0
-4324857.0
-4100237.0
-4216736.0
-4100067.0
-4219082.0
-4276648.0
-4104233.0
-4163845.0
-4217505.0
-4108266.0
-4047660.0
-4168698.0
-4224827.0
-4112999.0
-3998060.0
-13071946.0
-4058414.0
-4115341.0
-4119232.0
-4119165.0
-3886888.0
-4116602.0
-4121725.0
-4354046.0
-4240658.0
-4008869.0
-4009130.0
-4239986.0
-4531787.0
-4301940.0
-4358929.0
-4125873.0
-4125718.0
-4072646.0
-4072835.0
-4074925.0
-4250132.0
-4365785.0
-4368040.0
-4137807.0
-4372853.0
-4139798.0
-4199323.0
-4082197.0
-3965928.0
-4318231.0
-4493783.0
-4139967.0
-4145826.0
-4263299.0
-4085601.0
-4266194.0
-4207193.0
-4386696.0
-4208907.0
-4326475.0
-4156857.0
-4215471.0
-4215458.0
-4213569.0
-4276982.0
-3983736.0
-4161218.0
-4280408.0
-4222488.0
-4100729.0
-4279873.0
-4166700.0
-4520209.0
-4226646.0
-4462739.0
-4348351.0
-4465662.0
-4525495.0
-4172845.0
-4115550.0
-4113037.0
-4467131.0
-4352190.0
-4408089.0
-3943192.0
-12768024.0
-4416573.0
-4300868.0
-4360245.0
-4125144.0
-4481356.0
-4187073.0
-4009911.0
-4366499.0
-4014816.0
-4015891.0
-4370346.0
-4370548.0
-4253530.0
-4192891.0
-4373938.0
-4315735.0
-4313994.0
-4496967.0
-4320618.0
-4320916.0
-4260487.0
-4439387.0
-4381833.0
-4205297.0
-4443927.0
-4207941.0
-4209201.0
-4209382.0
-4269722.0
-4270881.0
-4211775.0
-4087835.0
-4272746.0
-4213663.0
-4273104.0
-4275521.0
-13385439.0
-4157565.0
-4274634.0
-4160500.0
-4696531.0
-4400142.0
-4221640.0
-4104387.0
-4402185.0
-4225263.0
-4161135.0
-4047921.0
-4168805.0
-4230822.0
-4411243.0
-4232616.0
-4293674.0
-4351112.0
-4414997.0
-4233331.0
-4235557.0
-4357499.0
-4417946.0
-4239390.0
-4415650.0
-4239813.0
-4240888.0
-4302173.0
-4361792.0
-4423462.0
-4302075.0
-4484274.0
-4246803.0
-4186233.0
-4546748.0
-4248382.0
-4488630.0
-4371025.0
-4489935.0
-4189157.0
-4433410.0
-4436400.0
-4314762.0
-4136942.0
-4319475.0
-4439751.0
-12940569.0
-4319247.0
-4322874.0
-4623494.0
-4503851.0
-4564842.0
-3964928.0
-4267533.0
-4448797.0
-4449646.0
-4148899.0
-4391915.0
-4210041.0
-4453805.0
-4267749.0
-4515370.0
-4516180.0
-4095981.0
-4520150.0
-4217962.0
-13919441.0
-4521060.0
-4462041.0
-4044213.0
-4585756.0
-4228366.0
-4350049.0
-4231469.0
-4051170.0
-4535707.0
-4234935.0
-4054348.0
-4298107.0
-4235120.0
-4539671.0
-4239016.0
-4177805.0
-4302032.0
-4727679.0
-4299357.0
-4488120.0
-4425111.0
-14369860.0
-4249586.0
-4554330.0
-4191336.0
-4252717.0
-4374235.0
-4498176.0
-4560267.0
-4318491.0
-4440630.0
-4319092.0
-4136899.0
-4383168.0
-4565986.0
-4262182.0
-4263491.0
-4383408.0
-4447954.0
-4203806.0
-4266499.0
-4694383.0
-4512439.0
-4754775.0
-4083803.0
-4392439.0
-4456367.0
-4519056.0
-4335403.0
-4397065.0
-4214954.0
-4340201.0
-4340049.0
-4282025.0
-4404444.0
-4466702.0
-4406996.0
-4221840.0
-4405662.0
-4226681.0
-4596072.0
-4532562.0
-4475660.0
-4721027.0
-4231601.0
-4599034.0
-4661542.0
-4480048.0
-4786692.0
-4542156.0
-4235121.0
-4664517.0
-4482117.0
-4424186.0
-4240574.0
-4673049.0
-4117432.0
-4366989.0
-14732545.0
-4432403.0
-4432593.0
-4310364.0
-4310802.0
-4681917.0
-4497993.0
-4435919.0
-4374777.0
-4560767.0
-4377018.0
-4193189.0
-4380394.0
-4442726.0
-4567586.0
-4382584.0
-4504837.0
-4507439.0
-4570000.0
-4449061.0
-4505965.0
-4388164.0
-4388069.0
-4327548.0
-4451634.0
-4453642.0
-4578604.0
-4267719.0
-4519660.0
-4333869.0
-4701134.0
-4582479.0
-4213384.0
-13779911.0
-4338770.0
-4277096.0
-4340936.0
-4465979.0
-4589575.0
-4468969.0
-4468575.0
-4221704.0
-4781517.0
-4347856.0
-4777661.0
-4351054.0
-4351669.0
-4353698.0
-4227022.0
-4415873.0
-4539651.0
-4543643.0
-4359053.0
-4669828.0
-4672331.0
-4672140.0
-4486419.0
-4735939.0
-4674654.0
-4361807.0
-4426832.0
-4614887.0
-4428979.0
-4554701.0
-4366641.0
-4680400.0
-4243771.0
-4495887.0
-4498253.0
-4312463.0
-4500911.0
-4624449.0
-4440023.0
-4753666.0
-4185345.0
-4688506.0
-4443273.0
-4131596.0
-4632014.0
-4445184.0
-14383624.0
-4388395.0
-4453414.0
-4452073.0
-4580652.0
-4393224.0
-4269323.0
-4583721.0
-4646057.0
-4584890.0
-4523858.0
-4713587.0
-4651384.0
-4526529.0
-4653666.0
-4654550.0
-4654408.0
-4464573.0
-4720407.0
-4657231.0
-4471671.0
-4346208.0
-14536946.0
-4600946.0
-4598245.0
-4476826.0
-4794707.0
-4732321.0
-4544548.0
-4482329.0
-4164673.0
-4356389.0
-4480694.0
-4359444.0
-4423200.0
-4167898.0
-4550365.0
-4548396.0
-4616002.0
-4617437.0
-4555019.0
-4553662.0
-4368215.0
-4493425.0
-4367915.0
-4815046.0
-4498049.0
-4309004.0
-4624411.0
-4439661.0
-4377838.0
-4630466.0
-4634085.0
-4509019.0
-4508276.0
-4573422.0
-4444720.0
-4827773.0
-4574506.0
-4512103.0
-4449064.0
-4831365.0
-4641532.0
-4643183.0
-4517162.0
-4453852.0
-4517361.0
-4712058.0
-4584791.0
-4394930.0
-4778146.0
-4334893.0
-4462272.0
-4527522.0
-4592873.0
-4464096.0
-4658835.0
-4468249.0
-4851732.0
-4658908.0
-4535680.0
-4535065.0
-4345110.0
-4410507.0
-4475467.0
-4540173.0
-4603616.0
-4733909.0
-4414673.0
-4352577.0
-4481473.0
-4545140.0
-4611341.0
-4611647.0
-4353674.0
-4675631.0
-4870545.0
-4743203.0
-4804992.0
-4490349.0
-4361353.0
-4491864.0
-4555677.0
-5069769.0
-4495311.0
-4561258.0
-4626000.0
-4434477.0
-4433144.0
-4500888.0
-4629296.0
-4759296.0
-4503662.0
-4504506.0
-4571558.0
-4635767.0
-4507699.0
-4703004.0
-4704530.0
-4641602.0
-4577151.0
-4639042.0
-4706897.0
-4580160.0
-4645395.0
-4516411.0
-4711339.0
-4646559.0
-13937891.0
-4453825.0
-4714328.0
-4652187.0
-4650912.0
-13361107.0
-4459461.0
-4526100.0
-4526525.0
-4464263.0
-4658817.0
-4529772.0
-4530683.0
-4661389.0
-4275175.0
-4534962.0
-4469591.0
-4532765.0
-4407051.0
-4278814.0
-4537978.0
-4863344.0
-4406652.0
-4671213.0
-4802624.0
-4477940.0
-4738088.0
-4610612.0
-4610758.0
-4612281.0
-4546225.0
-4678197.0
-4549258.0
-4678324.0
-4615850.0
-4357159.0
-4419866.0
-4552725.0
-4553337.0
-4554347.0
-4621111.0
-4492755.0
-4688658.0
-4494352.0
-4624443.0
-4755971.0
-4561237.0
-4561649.0
-4432888.0
-4694172.0
-4564118.0
-4823702.0
-4955914.0
-4438950.0
-4766139.0
-4825686.0
-4637992.0
-4705493.0
-4771525.0
-4511481.0
-4314897.0
-4384203.0
-5037610.0
-4450136.0
-4775779.0
-4518170.0
-4779736.0
-5045201.0
-4783093.0
-4783818.0
-4720082.0
-4655104.0
-4459258.0
-4460761.0
-4787388.0
-4658818.0
-4725211.0
-5054702.0
-4858631.0
-4794910.0
-4597825.0
-4468707.0
-4599378.0
-4863295.0
-4799118.0
-4797485.0
-4538026.0
-4998487.0
-4474482.0
-4606883.0
-4806128.0
-4804929.0
-4543741.0
-4609646.0
-4875553.0
-4744270.0
-4812931.0
-4748208.0
-4617672.0
-4816877.0
-13430151.0
-4686931.0
-4754672.0
-4557690.0
-4756735.0
-4559517.0
-4757168.0
-4758852.0
-4626309.0
-4761490.0
-4628960.0
-4630414.0
-4632151.0
-4765711.0
-4766009.0
-5164633.0
-4835014.0
-4504125.0
-4568067.0
-4969449.0
-4703191.0
-5039826.0
-4776990.0
-4576588.0
-4571600.0
-4645783.0
-4646255.0
-4646100.0
-4844509.0
-4847957.0
-4782643.0
-4717825.0
-4913388.0
-4516705.0
-4652949.0
-4853440.0
-4920158.0
-4722925.0
-4856749.0
-4853576.0
-4726873.0
-4794350.0
-4661888.0
-4995635.0
-4863579.0
-4860982.0
-4598461.0
-4865394.0
-4666545.0
-4601537.0
-4735653.0
-4737379.0
-4937553.0
-4602201.0
-4939682.0
-4608217.0
-4741286.0
-4475851.0
-4677507.0
-4679134.0
-4545098.0
-5013644.0
-4941895.0
-4818662.0
-4681372.0
-4817282.0
-4821138.0
-4818439.0
-4955182.0
-4758347.0
-4625391.0
-4760841.0
-4962471.0
-4764089.0
-4630416.0
-4698858.0
-4767325.0
-4634971.0
-4770217.0
-4972900.0
-4703876.0
-4840247.0
-4977294.0
-4641501.0
-4907136.0
-4711151.0
-4777865.0
-4912932.0
-4778069.0
-5051226.0
-5049835.0
-4919440.0
-4718043.0
-4852315.0
-4854005.0
-4784203.0
-4990383.0
-4992074.0
-4720151.0
-4989190.0
-4858963.0
-4655929.0
-4455234.0
-4996502.0
-4930432.0
-4863642.0
-4930570.0
-4799065.0
-4935614.0
-4936678.0
-4798018.0
-4600957.0
-4872320.0
-4940747.0
-4600855.0
-5145564.0
-4537538.0
-4807570.0
-4742233.0
-4743680.0
-4744367.0
-4813901.0
-4882033.0
-4746717.0
-4544841.0
-4681607.0
-5226508.0
-5292045.0
-4957036.0
-5026258.0
-5026872.0
-5030291.0
-5026380.0
-4827961.0
-4760788.0
-4829424.0
-4761452.0
-4826780.0
-4696690.0
-4833320.0
-4631647.0
-5041688.0
-4974698.0
-5041603.0
-4771882.0
-4907668.0
-4637166.0
-4706064.0
-4909902.0
-5044738.0
-4844382.0
-4641095.0
-5189172.0
-5188998.0
-4712527.0
-4782018.0
-4851417.0
-4712212.0
-5124675.0
-4854958.0
-4923982.0
-4582388.0
-4852174.0
-5133026.0
-4928535.0
-4860826.0
-4792107.0
-5065039.0
-5068887.0
-4865328.0
-5003076.0
-4936648.0
-4935801.0
-4664204.0
-4938143.0
-5215889.0
-4735767.0
-4944511.0
-5013630.0
-14739408.0
-4946733.0
-5084532.0
-4812307.0
-4674985.0
-4951290.0
-5227660.0
-5226591.0
-14679816.0
-5093317.0
-5093821.0
-5026760.0
-5302940.0
-4820326.0
-4754361.0
-4961106.0
-4958874.0
-5032281.0
-5303605.0
-4897140.0
-5105334.0
-4969897.0
-4833025.0
-5041356.0
-4902403.0
-5250907.0
-5181174.0
-4631516.0
-4908148.0
-4769193.0
-4905454.0
-4910808.0
-5118844.0
-4841098.0
-5116016.0
-4912883.0
-5185529.0
-4913502.0
-4916693.0
-4987492.0
-4781512.0
-5124159.0
-4853617.0
-5129466.0
-4925670.0
-4924764.0
-4921714.0
-4789711.0
-14720991.0
-4999329.0
-4791728.0
-4793003.0
-4790486.0
-4656097.0
-5351560.0
-4932034.0
-4935395.0
-14520239.0
-4799130.0
-4938816.0
-4937572.0
-4938832.0
-4872592.0
-5012695.0
-5083957.0
-5015666.0
-5016750.0
-5015597.0
-4949137.0
-4880612.0
-5090495.0
-5160448.0
-5087632.0
-5232009.0
-4954341.0
-4955538.0
-5165262.0
-5026759.0
-4954878.0
-5307406.0
-4960604.0
-4890602.0
-4961472.0
-4823162.0
-4824972.0
-4615592.0
-4964461.0
-4897381.0
-4687509.0
-4828482.0
-4758693.0
-5039737.0
-5040695.0
-4830126.0
-4900893.0
-4903267.0
-5043546.0
-4972880.0
-5112224.0
-5396607.0
-5118805.0
-5187886.0
-4908337.0
-4911062.0
-5052537.0
-4772045.0
-4770718.0
-5336221.0
-5057006.0
-5056384.0
-5130126.0
-4988237.0
-5131765.0
-4779541.0
-4993922.0
-5133612.0
-4993532.0
-5066592.0
-4855377.0
-4858296.0
-5069681.0
-4860163.0
-5352779.0
-5425527.0
-4791330.0
-4794809.0
-4937295.0
-4656379.0
-5150710.0
-5082901.0
-4942400.0
-5224813.0
-5224883.0
-5087822.0
-5154578.0
-4875140.0
-4877261.0
-5230625.0
-5163048.0
-5164795.0
-5159052.0
-5166273.0
-4884914.0
-5027488.0
-5238226.0
-5095810.0
-5171808.0
-4958919.0
-5032849.0
-4890951.0
-5034415.0
-5035774.0
-5103063.0
-5317954.0
-5323180.0
-4968445.0
-4827155.0
-4686444.0
-4899918.0
-5042634.0
-5398014.0
-4972222.0
-4972116.0
-5189265.0
-5047030.0
-5048243.0
-4908246.0
-4908536.0
-5122068.0
-5123493.0
-4910292.0
-5126437.0
-5271945.0
-5058812.0
-5130017.0
-5130590.0
-5130012.0
-5203253.0
-4990060.0
-4849158.0
-5136140.0
-5207060.0
-4922348.0
-5281107.0
-5068162.0
-4923018.0
-4997833.0
-5284576.0
-4928032.0
-5001183.0
-5074278.0
-5004333.0
-5146276.0
-5146565.0
-5002800.0
-5007348.0
-4936085.0
-5081193.0
-5082784.0
-5155704.0
-4939834.0
-5371734.0
-5229499.0
-4729047.0
-4798610.0
-5157604.0
-4946467.0
-5163218.0
-4947110.0
-5308188.0
-4951003.0
-5167620.0
-5167021.0
-5169207.0
-5023861.0
-5027463.0
-5097670.0
-5315426.0
-4669895.0
-5100955.0
-4599849.0
-5033446.0
-5248769.0
-4890969.0
-5178730.0
-4964749.0
-5037150.0
-5038388.0
-5040590.0
-5041142.0
-4969577.0
-5042132.0
-4824125.0
-5117653.0
-5190773.0
-4832375.0
-5049499.0
-4905629.0
-5050066.0
-5123861.0
-4835552.0
-5342728.0
-4980639.0
-4983277.0
-5274580.0
-4842479.0
-4986270.0
-4915348.0
-5132313.0
-5062230.0
-4918285.0
-4848131.0
-5138068.0
-4992338.0
-4995604.0
-4996880.0
-5287368.0
-4997263.0
-5213647.0
-5070605.0
-13043495.0
-5145284.0
-5073013.0
-5219338.0
-5148550.0
-5075994.0
-5150377.0
-5224865.0
-4859118.0
-5153941.0
-4938297.0
-4859588.0
-5083823.0
-5086325.0
-5011924.0
-5013551.0
-5089406.0
-5015688.0
-5163571.0
-4871039.0
-4874374.0
-5093925.0
-5022569.0
-5021766.0
-5315091.0
-5097793.0
-4953855.0
-5316188.0
-4810084.0
-5321931.0
-4884478.0
-5104287.0
-5252717.0
-5251539.0
-5326416.0
-5108601.0
-5105862.0
-5182853.0
-4965032.0
-4820001.0
-5476625.0
-5186726.0
-4967508.0
-5188215.0
-5185574.0
-4897577.0
-4899180.0
-5266914.0
-4899661.0
-4828582.0
-5121848.0
-5050794.0
-5197890.0
-5052098.0
-4760688.0
-5125253.0
-5275091.0
-4907330.0
-4910068.0
-5057564.0
-5131016.0
-4909829.0
-5351450.0
-5132877.0
-5207482.0
-4914589.0
-4914905.0
-4989636.0
-5210002.0
-4990344.0
-5138035.0
-5137370.0
-5359701.0
-5214691.0
-14995485.0
-5070610.0
-5070670.0
-5072218.0
-5146586.0
-4855524.0
-5224481.0
-5074204.0
-14557389.0
-5151981.0
-5006774.0
-5300167.0
-5154763.0
-5155066.0
-5082871.0
-4863804.0
-5308465.0
-5013275.0
-5161372.0
-4793996.0
-5164052.0
-5238281.0
-5164814.0
-5092562.0
-5388662.0
-5167519.0
-5241223.0
-5315735.0
-5391324.0
-5023260.0
-5319446.0
-4947568.0
-5321978.0
-4953368.0
-5100944.0
-5324947.0
-5178360.0
-5104381.0
-5174840.0
-4884652.0
-5180127.0
-5180013.0
-5105533.0
-4962132.0
-5036176.0
-5181461.0
-5261338.0
-5037317.0
-5336292.0
-5189640.0
-5338454.0
-5192236.0
-5044661.0
-5342005.0
-4968602.0
-4899033.0
-5194763.0
-5198214.0
-5199908.0
-5200982.0
-5275996.0
-4830572.0
-5054505.0
-5128749.0
-5131182.0
-5354505.0
-5354725.0
-5058927.0
-5129695.0
-5210272.0
-5210676.0
-5211127.0
-5062736.0
-4991078.0
-5289011.0
-5141678.0
-5138524.0
-4992636.0
-4920647.0
-5293789.0
-5144390.0
-5146518.0
-5147472.0
-5445308.0
-5374133.0
-5449656.0
-5151484.0
-5152546.0
-5150682.0
-4930911.0
-5155370.0
-4857528.0
-5456119.0
-5159623.0
-5383868.0
-5160700.0
-5383655.0
-5462518.0
-4940749.0
-5090750.0
-5242046.0
-5014847.0
-5093245.0
-5090921.0
-5096104.0
-5095972.0
-5471422.0
-5173250.0
-5248859.0
-4945297.0
-5026692.0
-5026405.0
-4727919.0
-5254509.0
-5179817.0
-4805617.0
-5179684.0
-4957731.0
-5105746.0
-5034180.0
-5033908.0
-5410301.0
-5260328.0
-5262235.0
-5187666.0
-5038730.0
-5113192.0
-5189665.0
-5191160.0
-5418829.0
-5343981.0
-5269172.0
-5045079.0
-5423570.0
-5122470.0
-5274935.0
-5050149.0
-5352298.0
-5051361.0
-5124053.0
-5127530.0
-5204876.0
-5431143.0
-5130528.0
-5205150.0
-5506009.0
-5508182.0
-4982367.0
-5133961.0
-4909597.0
-4986573.0
-5211440.0
-5289266.0
-5292592.0
-5369024.0
-5519523.0
-5219814.0
-5143552.0
-5145872.0
-5222472.0
-5221574.0
-5374613.0
-5375761.0
-5301801.0
-5224458.0
-5228950.0
-5455540.0
-5304780.0
-4926196.0
-5158189.0
-5159679.0
-5387644.0
-5085256.0
-5542012.0
-5316049.0
-5163532.0
-5546167.0
-5243832.0
-5320046.0
-5321221.0
-5322329.0
-5246913.0
-5625845.0
-5250093.0
-5402134.0
-5175391.0
-4946179.0
-5404205.0
-5330604.0
-5332681.0
-5409224.0
-5257381.0
-5715553.0
-5336312.0
-5485484.0
-5338586.0
-5341083.0
-13587065.0
-5114124.0
-5343355.0
-5344174.0
-5342933.0
-5193189.0
-5422258.0
-5422757.0
-4965921.0
-5194413.0
-5348563.0
-5120353.0
-5198406.0
-13211587.0
-5428810.0
-5351759.0
-5354810.0
-5202619.0
-5353326.0
-5204534.0
-4975685.0
-5431780.0
-4898511.0
-5667508.0
-5514065.0
-5362169.0
-5516609.0
-5439870.0
-4904996.0
-5137789.0
-5521846.0
-4986608.0
-5370196.0
-5370944.0
-5217696.0
-5445158.0
-5220878.0
-4991354.0
-5223218.0
-5220190.0
-5378620.0
-5225472.0
-5147586.0
-5381777.0
-5227699.0
-5229764.0
-5307764.0
-5462604.0
-5463822.0
-5386614.0
-5465687.0
-5311467.0
-5390307.0
-5699505.0
-5083304.0
-5469659.0
-5471906.0
-5241623.0
-5087976.0
-5627670.0
-5321341.0
-5323007.0
-5475754.0
-5324017.0
-5245535.0
-5171114.0
-5327067.0
-5405942.0
-5327484.0
-5793935.0
-5020730.0
-5178478.0
-5565429.0
-5486634.0
-5412889.0
-5182821.0
-5028436.0
-5493260.0
-5494694.0
-5496205.0
-4876958.0
-5264388.0
-5188716.0
-5190112.0
-5268595.0
-5345925.0
-12787878.0
-5115444.0
-5582376.0
-5506699.0
-5197316.0
-5507853.0
-5276290.0
-5429629.0
-5509313.0
-5200915.0
-5432915.0
-5514768.0
-5436759.0
-5361392.0
-5203856.0
-5519176.0
-5285449.0
-5443274.0
-5599351.0
-5210857.0
-5443985.0
-5526319.0
-5292819.0
-5369850.0
-5527845.0
-4905413.0
-5296455.0
-5372361.0
-5374709.0
-5297058.0
-5300241.0
-5143498.0
-5380532.0
-5694094.0
-5382679.0
-5382454.0
-5540694.0
-5228296.0
-5075682.0
-5310347.0
-5312139.0
-5308413.0
-5391312.0
-5315346.0
-5314888.0
-5312576.0
-5316936.0
-5318595.0
-5318167.0
-5554025.0
-4928303.0
-5242589.0
-5318648.0
-5476879.0
-5163069.0
-5168430.0
-5795391.0
-5560410.0
-5482042.0
-5405136.0
-5172511.0
-5330663.0
-5723216.0
-5095393.0
-5334135.0
-5098277.0
-5335693.0
-5258228.0
-5570907.0
-5495100.0
-5414237.0
-5181295.0
-5417976.0
-5184571.0
-5263443.0
-5342945.0
-5185030.0
-5656764.0
-5422853.0
-5659026.0
-5504630.0
-5661973.0
-5349376.0
-5506504.0
-5272444.0
-5586453.0
-5116101.0
-5195823.0
-5196534.0
-5433002.0
-5355513.0
-5358805.0
-5832176.0
-5200677.0
-5518120.0
-5282857.0
-5362492.0
-5284437.0
-5364268.0
-5366730.0
-5210090.0
-5367904.0
-5369160.0
-5291309.0
-4976213.0
-5295174.0
-5454508.0
-5375974.0
-5612996.0
-5615021.0
-5221238.0
-5539307.0
-5459834.0
-5223648.0
-5700062.0
-5700112.0
-5618749.0
-5386874.0
-5307790.0
-5229224.0
-5150597.0
-5307403.0
-5310896.0
-5866934.0
-5311894.0
-5550640.0
-5153750.0
-5392809.0
-5552273.0
-5473793.0
-5393918.0
-5157596.0
-5079891.0
-5397539.0
-5159188.0
-5082101.0
-5559992.0
-5083307.0
-5320831.0
-5325007.0
-5246192.0
-5641006.0
-5327408.0
-5485238.0
-5487144.0
-5408342.0
-5085791.0
-5647664.0
-5411677.0
-15173467.0
-5253179.0
-5493366.0
-5256078.0
-5255873.0
-5416759.0
-5413757.0
-5339228.0
-5179865.0
-5817439.0
-5579308.0
-5102051.0
-5422947.0
-5423902.0
-5424390.0
-5503330.0
-5505076.0
-5508837.0
-5668053.0
-5430090.0
-5190322.0
-5431113.0
-13994912.0
-5832157.0
-5195534.0
-5276570.0
-5116300.0
-5515783.0
-5438539.0
-5520767.0
-5519841.0
-5361883.0
-5281743.0
-5603861.0
-5445792.0
-5366347.0
-5445528.0
-5127575.0
-5526352.0
-5769952.0
-5531141.0
-5690577.0
-5930922.0
-5612572.0
-5774819.0
-5375507.0
-5371939.0
-5696459.0
-5379348.0
-5540898.0
-5298883.0
-5140504.0
-5542998.0
-5380605.0
-5462604.0
-5546030.0
-5547505.0
-5706315.0
-5628563.0
-5548983.0
-5228182.0
-5469327.0
-5550854.0
-5630998.0
-5388142.0
-5230444.0
-5393146.0
-5393126.0
-5555645.0
-5475736.0
-5393247.0
-5557783.0
-5800811.0
-5637240.0
-5479122.0
-5400277.0
-5319277.0
-5560347.0
-5482730.0
-5234697.0
-5403713.0
-5483547.0
-5727096.0
-5566744.0
-5486299.0
-5407816.0
-5486879.0
-5489275.0
-14117235.0
-5654147.0
-5492671.0
-5735779.0
-5575515.0
-5656596.0
-5495667.0
-5577278.0
-5498297.0
-5336985.0
-5579434.0
-5581842.0
-5339767.0
-5419217.0
-5664251.0
-5583723.0
-5666016.0
-5587911.0
-5426055.0
-5426273.0
-5909650.0
-5508791.0
-5185433.0
-5184635.0
-5836337.0
-5431748.0
-5431722.0
-5758578.0
-14865680.0
-5434227.0
-5596652.0
-5436280.0
-5193213.0
-5438152.0
-5438196.0
-5601477.0
-5521174.0
-5928595.0
-5604042.0
-5684693.0
-5443591.0
-5364120.0
-5689205.0
-5690591.0
-5609084.0
-5528728.0
-5287038.0
-5287891.0
-5612141.0
-5614646.0
-5938582.0
-5453753.0
-5451938.0
-14886181.0
-5783031.0
-5702340.0
-5702689.0
-5295406.0
-5376046.0
-6031152.0
-5461280.0
-5462136.0
-5545210.0
-5789571.0
-5627339.0
-5303849.0
-5468394.0
-5385803.0
-5710846.0
-5797097.0
-5389148.0
-5635206.0
-5390863.0
-5390423.0
-5555107.0
-5474794.0
-5637513.0
-5802853.0
-5476751.0
-5642268.0
-5396106.0
-5808412.0
-5563643.0
-5237675.0
-5808800.0
-5319564.0
-5565986.0
-5649571.0
-5402029.0
-5486943.0
-5487775.0
-5898894.0
-5490109.0
-5568147.0
-5410423.0
-5490455.0
-5575175.0
-5495523.0
-5495433.0
-5413027.0
-5660937.0
-5493546.0
-5743932.0
-5417459.0
-5664424.0
-5748723.0
-5504224.0
-5751279.0
-5587979.0
-5589550.0
-5753979.0
-5341732.0
-5426821.0
-5674039.0
-5590926.0
-5587008.0
-5672833.0
-5594592.0
-5678149.0
-5675262.0
-5677871.0
-5844487.0
-5351803.0
-5761672.0
-5763396.0
-5435762.0
-5600737.0
-5437442.0
-5601837.0
-5522682.0
-5771870.0
-5936503.0
-5691087.0
-5773879.0
-5362412.0
-5611767.0
-5446901.0
-6020500.0
-5695992.0
-5365797.0
-5450107.0
-5615452.0
-15369459.0
-5535006.0
-5783625.0
-5535608.0
-5867169.0
-5785410.0
-5372872.0
-5539555.0
-5623187.0
-5623735.0
-5791083.0
-5708446.0
-5461638.0
-5710135.0
-5792656.0
-5794973.0
-5216276.0
-5297460.0
-5382830.0
-5630508.0
-5716275.0
-5716034.0
-5302673.0
-5635469.0
-5635820.0
-5636849.0
-5553536.0
-5720797.0
-5722550.0
-5308474.0
-5391841.0
-5558016.0
-5557543.0
-5892383.0
-5561076.0
-5561156.0
-5644317.0
-5979268.0
-5814300.0
-5648589.0
-5400539.0
-5900307.0
-5567503.0
-5734547.0
-5487315.0
-5570836.0
-5654493.0
-5657138.0
-5904055.0
-5492591.0
-5492829.0
-5659710.0
-5911521.0
-5662586.0
-5746393.0
-5579571.0
-5581175.0
-5581846.0
-5666587.0
-5667823.0
-5417440.0
-5586687.0
-5920694.0
-5755704.0
-5670887.0
-5842061.0
-5425784.0
-5675751.0
-5594565.0
-5425421.0
-5929267.0
-5678243.0
-5679908.0
-5511995.0
-5681201.0
-6099626.0
-5594091.0
-5851215.0
-5852044.0
-5933121.0
-5518106.0
-5937604.0
-5937134.0
-5436029.0
-5354588.0
-5438660.0
-5519941.0
-5441565.0
-5944448.0
-5778241.0
-5527875.0
-5193146.0
-6032744.0
-5697835.0
-5696157.0
-5615743.0
-5952309.0
-5448940.0
-5702870.0
-5618358.0
-6040284.0
-5453139.0
-5789574.0
-6121907.0
-6127744.0
-5959652.0
-5960779.0
-5457937.0
-5625529.0
-5375874.0
-5544900.0
-5376731.0
-5715559.0
-5969641.0
-6054198.0
-5717825.0
-5635651.0
-5890956.0
-5639599.0
-5554247.0
-5723923.0
-5557922.0
-5726516.0
-5474520.0
-5728498.0
-5897793.0
-5562716.0
-5563227.0
-5648294.0
-5564882.0
-5987035.0
-5733439.0
-5735600.0
-5904637.0
-13122018.0
-5654260.0
-14134542.0
-5654128.0
-5822785.0
-5403621.0
-5573285.0
-5827178.0
-5659301.0
-5829402.0
-5915262.0
-5746473.0
-5746348.0
-5664156.0
-5495806.0
-5243080.0
-5412018.0
-5581694.0
-5582156.0
-5668437.0
-5838949.0
-5672164.0
-6010419.0
-5418000.0
-5756938.0
-5672994.0
-15588513.0
-5675842.0
-5591210.0
-6103106.0
-5680288.0
-5849556.0
-5512327.0
-5936261.0
-5935754.0
-5514164.0
-5855268.0
-5600111.0
-5516833.0
-5685922.0
-5772798.0
