-1009
798995
398994
398995
400997
2798997
398997
998996
398996
-1008
1998997
-1005
798997
-1007
398999
398994
398995
-1005
398994
-1003
798994
398996
398993
-1009
-1008
-1008
398996
398997
-1009
-1009
-1007
1198996
398993
1999000
1198997
398996
1398994
398992
-1006
1598998
398998
-1004
398993
-1007
398993
-1005
-1007
1398997
-1006
-1007
-1007
-106
-1008
1198998
-1005
398995
798993
-1007
398993
1398998
398992
398995
398994
-1004
398993
-1006
798998
798994
798997
-1010
-1009
798999
398995
-1007
-1005
-1003
-1007
600995
-1008
1799000
398996
398998
-1008
-1007
-1008
-1009
398992
398997
1198998
1198994
798998
1998998
798996
798996
398994
798998
-1007
-1007
1198998
798997
398996
398997
398995
1598999
398996
798997
398994
398996
398994
398997
398999
398995
1598996
1398994
998997
-1004
1199000
-1006
1598997
398992
1398996
398994
398994
1598997
598995
398994
-1007
398997
398995
1599000
398994
1198994
398993
-1006
398995
-1006
-1009
798998
398996
798999
1198995
-1005
-1008
798997
398995
798996
-1009
398992
398994
398996
398994
-1008
1998997
-1006
-1007
1598997
398993
-1009
-1008
398994
1198997
398995
800996
398997
-1004
600996
2198997
398995
398996
798996
798995
-1006
1198997
-1007
-1006
398995
-1009
-1006
-1007
398998
1598997
398999
-1008
398993
-1007
-1006
398996
-1005
-1006
-1003
1598999
398992
-1006
-1008
798994
398997
1798995
-1005
798995
1198997
398995
-1009
798997
398993
398994
398991
-1006
-1001
-1008
398993
-1003
-1005
-1007
-1008
-1005
398996
1198993
-1006
-1008
398997
-1005
-1010
398995
-1008
-1004
1198999
398992
1198998
598995
798994
798998
-1005
-1006
398996
1198995
-1007
-1007
-1002
-1006
1198998
-1009
398996
1598998
798997
-1008
1198996
398992
-1009
-1006
398997
398995
599896
398996
398996
1198996
1198993
-1008
398996
398998
-1005
-1008
798997
-1004
-1009
1198997
1998996
798996
398992
-1004
798999
398998
1598999
-1007
798994
398994
798995
-1007
398996
1400997
398994
1198996
-1009
-1007
798997
-1008
-1007
1798998
-1005
399895
-1006
-1006
398996
798995
1598995
398997
-1007
398995
-1006
-1006
398994
-1004
398996
-1010
-1006
-1008
-1004
398996
998997
398993
-1005
1198997
-1006
398993
-1006
1800997
1598996
798994
-1009
-1003
-1004
398994
-1009
398996
-1007
-1010
1200997
798995
798996
398996
398995
798995
2600996
-1004
-1005
398994
398994
598994
398992
798995
-1003
-1002
1198998
2998998
-1008
-1006
-1006
1798995
798997
798994
798997
-1007
-1009
1198995
798996
-1008
398995
2198999
-1008
-1007
398994
-1005
-1009
398996
398992
798995
999893
-1005
995
398994
998996
398996
398993
400995
1198999
-1006
1198997
398993
1998998
599000
-1007
1200799
798997
398997
398993
398996
800994
1198995
398994
-1007
398996
-1008
-1007
-1007
600993
1198998
798996
-1004
-1007
-1005
1399896
-1006
1598995
-1006
798996
398997
798997
398997
-1004
798995
-1006
-1008
398993
798996
-1005
398998
1598997
-1007
-1007
1198998
798993
398993
398994
398996
398993
-1005
-1005
398994
-1007
-1006
-1006
1198998
-1005
798996
398994
398995
-1005
1198999
398996
-1003
598992
398997
398998
998994
1198999
398994
-1008
-1004
398998
-1008
798995
1398995
-1003
1699898
-1006
798994
398996
1398998
-1006
-1006
798997
-1005
398993
-1005
998995
1798998
-1005
-1008
398994
-1006
1598999
-1006
-1008
-1007
-1004
-1010
2198998
-1008
798996
600994
398995
-1006
-1005
-1008
798996
-1007
798995
1198997
1598994
398997
998999
799000
-1005
2399000
-1005
1198995
798994
2599000
798994
398995
-1010
1198998
-1009
-1007
1798996
-1008
1398999
-1007
398996
398994
798993
998994
398999
1598998
798995
798993
-1008
-1005
-1004
798998
-1007
1198999
-1010
1598997
398997
-1005
998995
798997
1198999
598997
398997
-1005
398997
-1004
598996
-1006
-1006
398994
-1008
1598996
398994
798995
-1007
798997
1198999
798994
998994
398997
398996
999900
-1009
-1010
-1004
1598999
-1006
-1004
398994
398996
798994
398998
398996
-1006
798995
-1005
798998
1598997
798995
798996
-1004
-1010
999896
-1008
-1008
1198997
398998
-1007
398998
-1003
398995
-1007
-1005
398994
398993
598997
798995
-1007
798995
798995
798993
-1007
798996
-1006
-1005
-1003
398998
398998
-1009
-1005
-1002
-1004
398992
398996
398996
-1008
-1004
-1005
1398996
-1008
-1008
-1004
2598996
-1006
798993
-1007
398993
398994
798999
598997
398993
1398996
398995
398996
-1008
-1006
-1003
398993
-1006
599893
-1003
1198998
-1009
599899
-1003
398998
-1004
398994
-1008
398995
-1010
1000997
798995
-1008
398998
398998
398992
398998
798998
1398996
398994
398996
-1005
1198997
398993
-1009
-1007
-1009
398998
398996
-1007
398998
-1008
398995
-1009
-1008
-1003
-1007
-1007
-1006
-1009
-1006
1398994
-1009
398993
-1009
398995
1198995
398995
-1007
-1005
-1006
1798996
998996
398997
398999
1198998
398994
398993
798996
798998
-1003
399897
398995
398992
-1007
1598997
-1006
1998996
-1009
798995
1198999
-1007
-1003
-1003
-1008
-1010
-1005
398992
398996
-1005
398994
-1010
398995
398996
-1008
398996
-1010
1999899
1198995
-1007
-1006
-1008
-1007
-1007
398995
-1009
1198994
598995
-1004
398995
-1006
398997
-1005
398992
-1003
-1009
398994
1199000
-1006
398996
798997
798993
-1004
-1009
-1007
-1006
798995
798994
800997
-1008
1998996
1198996
798996
-1007
398994
1200998
-1008
-1007
1598994
-1005
798997
-1009
-1008
1598997
-1005
798998
398995
798996
398994
1198997
398995
398992
-1003
398997
-1008
998996
1198998
-1004
-1008
398995
398994
398996
398996
398995
398994
-1005
-1008
798995
1598997
398996
798998
1198997
998997
798998
-1007
398996
-1010
-1005
798993
-1008
-1007
-1009
-1006
-1010
398994
-1006
798996
-1007
-1009
398998
1198995
1798995
-1007
-1008
-1003
-1010
398992
598995
2598998
798996
1399000
798997
-1009
-1005
398993
-1006
398998
398993
-1005
1398995
398994
2798999
-1009
-1003
1598998
398994
398995
398993
398995
398995
398994
3398999
398995
1598998
398998
1000995
1598999
1998998
798994
1198996
798994
798999
398993
1198998
-1003
1798998
1998998
398992
798995
398999
398995
398995
-1005
998995
398997
1198999
398996
-1010
798995
-1010
798995
-1004
1998998
398994
398999
398997
-1004
798992
-1002
798995
1798997
398995
998997
-1006
-1003
1798997
398997
398995
-1003
1198997
798996
798997
-1008
398996
-1007
-1007
798993
1598998
398998
1198997
-1007
398993
-1005
798994
-1004
-1008
-1006
-1010
-1008
398998
-1004
798999
1798995
-1008
-1005
-1006
-1005
-1007
-1007
-1008
-1003
998993
-1003
-1004
398995
398998
398996
398994
1598998
-1008
1198995
798997
1398997
398996
398996
998998
398997
-1010
2198998
-1008
-1007
398996
398998
1198994
-1006
800995
-1008
-1004
398995
-1007
-1007
-1005
398995
-1005
-1004
398995
-1009
798995
798995
-1007
798998
1198996
1198997
1598994
-1007
-1006
-1009
-1008
398996
1998998
-1010
1200996
1598998
1598996
1798998
2198998
1398996
398999
798995
398998
-1005
-1007
-1004
-1006
398995
1399000
1398998
798996
398994
1398994
-1004
-1007
1598997
398992
-1007
398996
-1005
798996
398993
-1007
598995
1398997
-1007
798995
798996
-1006
798993
1198997
798994
798996
398994
1798998
798995
798994
398994
-1007
398991
398998
1398997
999894
398994
1598998
398996
-1005
798995
-1007
-1007
1599000
398993
998996
398994
-1005
1198995
-1010
1198999
1198996
798994
1598997
798997
798996
1198999
-1003
798996
398993
798996
2101000
798995
-1006
-1008
998995
-1005
993
398995
-1006
398996
398997
1598995
-1008
-1009
398994
-1006
-1005
-1006
-1005
-1009
1000994
-1003
798993
1398997
398996
-1006
398997
-1005
998993
-1008
-1008
398996
-1008
-1008
798994
-1002
398996
2799898
1198993
-1006
1198997
1598997
398994
-1006
-1007
398994
-1009
1198997
-1008
398994
-1006
-1006
798999
398995
999896
-1005
-1008
-1006
-1003
798997
1198997
2798997
798996
598996
398998
-1007
1599000
398998
1598995
-1006
-1004
798996
-1008
1200997
-1009
798999
-1009
398997
398996
798996
1199000
398997
1598994
1398995
-1006
1598998
-1008
-1008
-1005
398995
-1006
798997
-1007
398997
1299897
798994
-1002
2398999
798997
798998
2001897
1201895
398996
-1006
-1005
798996
1398998
798994
1798997
-1010
398996
1598998
-1004
1198997
-1008
798995
-1007
798993
1398999
-1009
1598996
-1002
-1007
398998
398992
-1006
-1009
-1007
398992
998995
2100998
798994
398996
1198997
398995
1598999
398998
1398994
601896
1198997
398996
-1004
-1006
1198994
398999
-1004
798998
-1003
-1007
998995
-1007
-1006
398994
398995
398997
798999
-1008
1398997
-1005
998995
1398998
-1004
398994
398997
398993
398995
-1006
398994
-1006
398996
798995
398997
798996
-1009
-1010
1598998
398997
398994
1398995
398996
-1005
-1008
400995
1198998
-1008
-1009
-1005
-1003
-1005
1799897
600994
1198995
799000
798994
2600999
-1009
398998
398998
-1006
798995
-1006
398995
-1003
-1005
798996
997
-1006
398995
398995
798994
798996
-1007
998997
798995
-1006
1998999
-1005
-1006
398995
-1004
1198994
-1004
398998
798997
798995
-1004
1198997
-1009
398993
998995
398997
398993
-1005
-1008
398995
-1007
1198998
-1007
-1005
-1003
-1006
-1002
-1004
-1005
1198996
998
398998
-1007
-1007
-1008
-1010
798997
-1006
398992
398991
-1005
-1007
799897
398994
-1010
398991
-1006
1798999
-1006
-1006
-1007
1399896
-1004
798994
1598997
1598996
398992
398994
1198996
398993
-1008
398996
398994
398995
798999
398994
398995
398996
598994
-1002
398994
398995
798997
-1006
-1008
398997
-1007
998997
398996
798995
1198997
-1002
398993
-1009
-1005
798994
798996
-1006
-1007
398994
398998
2199000
1198997
599895
-1005
398994
398995
798995
798997
398995
1598996
-1007
398996
1398995
1198997
-1006
398997
-1007
-1001
598995
1598995
-1005
-1010
1598999
1198996
798996
-1007
398993
398996
1399896
998996
-1006
994
-1005
-1009
-1006
-1008
798998
798998
1998998
398997
1198997
1398995
-1007
398992
-1005
798995
1198998
398998
398995
398997
398998
398998
598993
-1008
398993
-1009
398995
-1006
-1006
1198997
-1006
398994
-1008
-1007
798995
-1008
398995
398997
1598994
-1010
1198998
-1005
-1003
-1007
1198998
798996
398993
798998
798995
998996
-1007
399894
398995
-1006
-1005
1198994
-1007
398994
1598995
798994
-1005
998996
398996
1398998
-1007
-1009
-1004
-1008
398995
798995
798995
1599893
398994
798996
1198997
398996
600995
1398995
800999
-1005
2399000
-105
398997
798998
398996
599897
798995
-1006
398994
398995
-1007
398997
-1007
-1001
-1006
798996
1198996
398993
798993
-1006
-1007
-1006
-1006
798998
-1007
398998
398998
-1007
398994
398995
-1008
398995
1399000
398995
-1007
-1002
598993
1198999
-1006
398999
-1006
-1008
398995
-1007
1598998
398993
-1009
-1003
-1008
398996
798994
1198998
-1007
1598996
1598996
2399898
398996
-1002
-1006
-1007
-1005
398995
398995
1398999
-1007
398997
-1007
-1009
1198997
798997
398994
798998
-1010
-1004
798997
398994
-1007
398995
398993
398995
998995
398997
1398997
-1004
798998
398996
-1002
798995
-1009
398994
-1005
-1009
-1009
-1009
-1004
-1004
2198999
-1008
-1007
1198995
398994
398996
-1008
-1007
-1009
998996
-1009
-1008
-1006
-1009
-1006
1598996
-1009
1198997
398998
998996
398997
798995
-1007
599894
999893
398994
-1008
-1008
398994
-1006
798996
398993
398993
398994
398994
398995
-1001
398998
1198999
-1005
1198996
398994
1999000
798997
-1003
-1006
398995
-1004
398998
398995
1699898
1198998
-1006
-1006
-1004
398999
398993
798998
398996
398992
1301897
798994
-1009
398996
1598998
-1003
398996
398996
-1007
-1005
-1005
600994
398993
-1007
798996
398997
-1004
-1010
798994
-1008
1198997
-1002
-1008
-1007
1598998
-1006
398996
-1006
398994
-1003
-1005
798997
1398996
-1006
-1008
398997
1998997
798996
-1006
1198998
-1008
-1008
398995
899894
398996
-1006
1798996
-1006
398993
398994
598998
398992
-1006
798995
1198999
1798998
1599000
-1008
1198996
-1009
-1008
798998
398996
598994
-1008
-1006
-1008
1198998
398992
-1006
1998997
398995
798995
-1003
-1007
398996
-1005
1198996
798997
-1007
1599897
-1007
-1006
-1009
-1006
798995
398996
998993
-1007
1198995
398994
-1006
-1006
-1006
-1004
-1002
1598998
1199000
398999
398993
-1007
398993
1598995
-1007
398997
-1008
-1006
798995
398996
1198997
998995
1998999
398995
1198996
398997
398994
398995
798995
-1004
-1008
998998
400994
-1004
798994
398991
798997
-1006
798997
1398998
-1007
-1010
398996
-1002
-1007
798996
998998
1198999
-1008
-1009
398995
798995
-1004
398992
-1006
1198998
398992
-1007
-1004
798995
-1004
-1002
398992
398995
1398999
-1007
2999898
999897
2199000
398996
1998995
398996
-1010
1198998
398996
900995
1600995
-1006
1598997
598997
-1009
-1007
800995
1398994
-1006
-1006
398993
398995
398997
-1008
398994
398995
398991
398994
-1003
-1007
1798994
-1003
1798997
1894
398998
398996
-1007
398995
398994
-1006
-1004
398996
-1008
-1003
-1005
398996
-1007
2198998
-1006
-1007
-1005
398995
-1008
-1005
398993
-1003
999898
1598994
1198996
798994
798994
398997
798998
398996
-1008
398992
-107
-103
-1006
798994
2300998
398994
398998
1198998
1998998
-1008
798995
1198995
798998
1598998
-1009
-1009
998995
-1005
398994
1198997
398993
-1006
1598997
1998995
-1006
-1008
-1006
-1007
398994
1198997
-1008
798994
398996
-1009
798995
-1008
-1002
798996
-1008
1198995
-1009
-1005
398994
-1006
-1005
398995
2099895
398994
398994
798998
798998
798997
1398997
798995
-1005
2198998
-1009
-1007
998998
398997
798995
-1008
398998
398994
-1006
598996
798996
-1003
-1005
599892
998999
2798997
1198997
398997
399896
1599000
1598997
-1010
-1008
-1008
1798999
800998
1598994
1598995
-1007
-1005
-1005
398997
398994
2398997
398995
398994
-1005
398992
398993
-1004
1598998
598993
-1006
598994
-1008
398992
798997
-1008
-1004
-1004
1198997
-1010
-1007
-1006
798996
-1007
-1005
-1006
-1004
1798999
1198999
398997
-1003
398996
899893
1398996
-1008
798999
398994
398995
-1008
998994
-1006
-1008
798998
-1008
798997
-1005
1598998
798997
398997
-1007
798997
798994
398994
798995
398995
398994
798994
398994
-1008
-1006
-1004
398994
-1005
1198998
998995
798994
1998998
1198996
398996
1598995
798995
-1007
398992
-1001
-1004
1998995
-1005
398995
398994
-1006
398993
-1003
-1007
798997
398996
398994
1198993
398997
798993
-1008
398994
-1008
1198999
-1010
398994
-1004
-1005
1998999
-1005
-1003
798996
-1005
-1004
-1007
-1006
-1007
1798998
398996
1198997
-1008
998999
398997
798998
-1008
-1009
-1005
398994
798994
398997
398995
1798999
998995
-1004
-1006
1198996
398993
598994
-1006
398995
-1005
-1006
-107
1198996
-1007
-1008
-1007
998999
-1009
-1005
598993
798995
998996
2798998
798999
2000996
1803896
798996
398997
-1006
-1009
398995
999599
-1003
398997
798994
1798996
-1005
-1005
-1006
398995
-1008
398992
-1008
798996
798995
-1003
798994
-1008
-1007
798996
398996
-1009
1798997
398996
398998
-1003
398993
398992
-1009
398994
-1009
-1003
-1005
-1003
2198999
798993
-1009
1598997
-1006
1601899
398994
-1006
798995
-1005
-1008
398993
598996
398993
1198999
-1008
798997
-1004
398994
399894
-1010
1299896
398996
1398996
-1006
398997
798994
-1006
2200998
-1006
-1004
-1008
798996
-1004
-1008
1198995
398994
798995
398996
1798998
398994
-1006
398995
2398999
398996
398996
398995
398997
798996
798998
-1003
398996
-1007
-1007
-1008
398994
798994
798999
398996
2198999
798996
398994
598996
-1007
398997
-1005
398998
-1007
-1004
-1008
-1008
400995
-1007
-1008
-1007
798997
798996
998995
398994
-1006
398996
398996
2398999
-1005
398995
1798997
2199898
398997
-1002
398994
-1006
-1006
398997
-1009
-1005
398993
398997
1798997
-1007
398992
1200998
-1008
-1004
398995
-1002
-1009
-1007
-1004
398993
398994
398993
-1008
-1008
798998
1198998
398993
398996
-1008
600996
798996
-1010
-1008
1398995
-1005
-1008
-1006
1598998
-1005
398996
-1004
798995
-1006
600995
1198998
-1008
798996
-1005
1198997
798996
-1007
-1008
398996
-1006
598996
1398996
-1004
1198997
798995
-1004
598993
-1007
398998
398997
1998998
-1007
398995
-1008
798995
599893
-1004
1998998
1598997
-1004
398996
-1008
398994
798998
-1001
398996
-1004
-1009
398995
-1009
398994
1798997
398994
398996
-1005
-1007
798994
-1008
798996
398994
1198997
-1007
398997
-1006
-1004
-1008
-1005
-1007
-1005
598995
-1008
-1002
-1006
398997
398994
-1010
798998
-1004
398995
-1006
1198997
798996
-1007
798998
998996
1398997
-1008
798996
-1006
798995
798997
398998
-1007
1198996
-1005
998998
398994
798996
-1005
1598997
-1009
-1005
798996
899893
-1002
798994
-1003
-1006
-1006
1398994
398996
-1005
-1006
1598998
398996
398994
798995
-1007
-1006
-1008
-1006
-1007
-1003
-1005
798992
1798996
399896
-1005
798993
398992
-1008
-1003
398995
398996
798995
1199000
1199000
-1003
1198999
-1007
1398999
-1008
798997
1399899
-1006
2301900
398991
-1005
1598997
-1009
-1009
398995
-1009
1998999
398996
398995
-1007
398997
1998999
-1004
1198998
1598999
-1009
398994
1198997
398998
-1007
398996
-1010
-1007
798994
-1009
-1009
-1001
398995
1198996
398998
398992
398994
2598997
-1008
899898
-1009
1598999
-1009
2598998
1598996
798997
1198997
398995
798996
-1009
398995
-1010
-1006
798996
-1007
-1006
798997
-1006
-1008
-1008
398992
798998
-1003
398995
600998
-1006
798996
1198998
-1005
398995
-1006
-1007
599895
-1007
-1005
798994
398999
-1006
-1002
-1003
-1009
1198995
1798997
-1005
798995
-1005
-1007
998997
798996
398993
-1005
1198999
798994
398996
-1009
799898
-1003
-1006
398997
-1008
-1004
398997
398993
-1009
-1005
1198998
-1004
-1007
-1005
398992
398994
1198996
1199000
398994
1598997
398995
-1008
-1005
798996
-1004
398998
798994
798998
398996
-1008
-1007
398996
-1008
-1007
-1004
-1009
1598997
1198994
-1009
-1006
798997
-1004
-1005
398993
-1005
-1006
599893
-1003
398997
398996
398997
-1006
994
398994
1198994
998999
-1009
-1008
398993
1198998
-1004
798994
-1004
798995
1400996
-1006
798997
1598995
998998
-1005
798996
-1004
-1009
-1005
1398995
-1005
-1005
1300998
-1008
398994
-1004
398995
1198996
-1006
598996
798996
1198996
1998999
2500998
398995
398998
600995
-1003
798994
-1004
-1005
-1004
-1008
398996
398997
-1005
-1003
-1009
798996
398996
1198994
398993
398995
599894
398994
398995
1398998
398996
-1004
-1006
-1005
-1007
398993
-1004
998997
-1008
1198997
398994
398993
1198995
1198999
-1007
1198996
2198998
398998
-1009
1998998
1399000
398993
2398998
-1008
-1006
-1005
398994
1198995
998998
999896
398994
-1007
-1005
-1004
398997
798995
599892
398995
-1006
-1003
-1005
-1006
-1007
1598997
-1006
398999
398998
398995
398994
-1009
-1007
798994
-1009
998995
1398995
-1009
-1010
398994
-1007
398996
398993
-1007
-1008
1198997
798993
2198999
-1008
398993
-1005
2198999
1198999
798995
798994
798999
-1010
-1007
-1003
1198996
1000996
-1006
-1007
398997
1598996
398996
-1004
-1006
-1008
-1008
798998
-1007
598994
-1003
-1007
999897
798995
-1005
-1002
798998
1798998
-1006
-1005
1198996
1198995
1198999
398994
1798996
-1005
400995
-1006
1198997
2499899
798994
-1003
-1005
398996
-1010
398997
798999
998998
798995
-1008
-1008
398994
-1005
998995
1198996
798999
-1007
598996
-1005
398993
398995
398997
398995
398993
-1005
398993
798995
1198998
798997
-1010
-1008
398997
-1008
398993
-1005
1598995
398995
-1006
-1006
1799899
798994
-1009
798995
398998
398994
899894
-1003
798995
1398996
798995
398995
-1008
398992
398994
398997
398994
598996
398994
798994
-1007
798997
398995
-1006
-1007
398995
398995
798996
-1006
398993
798996
1798996
398996
598999
999897
1598999
1398997
398996
-1002
-1007
798997
-1006
2198997
398993
398994
398996
-1005
798995
398996
398996
-1007
-1005
-1005
398995
1798997
-1008
398995
1198999
398992
1598995
-1010
-1008
398998
1998998
398995
398995
-1009
398994
798993
-1007
-1005
798998
398994
798996
-1005
398995
-1009
-1003
-1006
398995
398994
398996
1198996
-1004
-1001
1798998
-1007
398993
-1004
-1009
-1008
1798998
-1004
-1002
798997
-1001
-1003
-1006
398995
-1002
-1010
1198996
399000
-1007
1198998
398993
798995
398993
-1007
798999
-1004
798997
998997
398993
-1005
2399899
798996
-1008
798995
798998
599896
1198995
998997
-1008
398994
1198996
1598997
998998
398991
398996
798997
398994
998997
398993
-1008
398996
-1009
398997
-1005
1400998
398995
-1005
398994
-1010
1398995
798998
-1008
1198997
-1005
-1007
598996
-1009
998997
-1007
1398997
2100995
398993
798997
-1007
1198996
-1007
1598996
-1009
398994
398995
-1006
398995
1798999
-1009
798996
-1007
1399000
398992
-1007
398996
-1007
398995
600995
398994
-1009
398999
-1007
600992
2598997
798998
598994
899896
-1009
-1006
-1008
1598997
1399896
798995
798997
998995
1198997
798994
-1008
-1008
598998
1598998
398994
398991
798998
398995
-1005
798994
1198997
798994
-1004
-1006
-1009
-1008
-1008
-1008
-1005
-1007
398997
-1009
-1008
-1007
398994
1998998
398995
798997
1198996
-1010
-1009
398997
-1006
398995
-1007
398996
398993
998995
798995
798997
-1005
1198998
398998
-1008
398997
-1009
-1008
-1004
1799000
398996
-1008
-1009
-1005
-1008
2398999
398996
1398995
798996
-1006
-1006
-1008
-1005
798993
398997
-1007
-1004
-1005
-1007
598996
-1006
398995
-1008
-1004
1001000
1598998
398996
398996
798997
-1008
-1009
598996
798994
-1005
-1006
798996
398997
1598997
-1004
798997
398996
-1004
1198999
398997
2999899
398997
398995
-1005
998997
798995
1398995
398995
398996
398994
-1003
1798995
398994
798996
-1009
1198995
1998997
-1007
398998
398992
-1007
398994
-1003
398994
-1005
398994
1798998
-1006
-1009
599895
1798995
-1006
398995
398997
799000
398995
398995
-1005
598993
798997
-1005
398992
398997
398994
598993
1598997
-1005
-1007
-1005
798997
-1005
-1004
-1004
1398995
398995
398994
398995
798996
398998
-1003
398992
-1008
798993
798996
-1009
-1006
-1004
1198998
398993
-1007
398994
2199000
1198994
1198998
398993
-1002
-1006
798997
-1007
398995
398998
398994
-1007
1198994
798998
-1007
398995
798995
1398998
398994
398994
1598998
-1005
-1004
798997
-1008
398995
-1009
1398998
1198997
-1007
-1008
398994
599896
398995
-1006
-1004
398992
798995
398994
798993
-1009
-1007
-1009
398993
798998
798997
1400996
1398996
798993
998997
-1004
398995
1798997
-1006
798998
999895
1400997
398998
-1006
-1008
-1007
398995
-1009
398998
798997
798995
599896
-1006
1198997
-1004
-1009
798993
-1005
599893
1198998
-1006
798997
-1008
-1007
398996
-1009
798995
398998
-1007
398995
-1001
1198996
998996
-1007
-1010
-1004
400995
798996
-1009
-1010
1599000
398996
798996
-1006
798994
-1009
798996
-1005
900997
-1003
398994
1198998
398994
-1007
399000
1198997
398995
-1010
-1008
398992
398992
-1008
1799899
1598997
-1008
398997
-1006
398995
1198999
798995
-1005
398996
2798999
-1008
398998
398994
-1008
1198997
-1006
398995
1398998
-1006
-1003
-1010
798995
1998998
798995
-1003
-1006
1198999
1198996
398997
-1008
2598999
1798998
-1004
-1010
-1006
-1006
398996
-1008
-1000
398994
398996
798992
-1007
1598996
-1003
-1007
398994
398995
398994
-1009
798997
398997
-1008
798996
-1008
398995
398994
398995
398997
-1007
-1006
1000996
-1008
398995
-1007
-1004
798997
-1007
798994
798993
-1009
398995
-1010
600992
-1009
-1010
798995
798995
-1002
798996
798994
998997
400998
1198994
-1007
398993
398994
398994
-1008
1400996
998995
798995
-1005
398994
398993
398995
598994
398993
1198995
798996
-1007
-1006
798994
-1008
798994
-1009
-1006
1198997
1600997
798999
1198999
998999
-1008
398991
398994
-1008
-1009
1199000
-1007
1198997
-1008
-1007
-1005
398996
-1004
600994
398996
798997
398993
798998
-1006
1598996
-1005
-1006
-1007
-1006
1398997
-1004
798996
398994
-1005
-1004
-1003
398995
2198999
1198999
1998999
1398997
-1000
798995
398996
798993
398997
1798997
1998997
998995
398996
398994
798995
-1007
-1005
398993
798999
-1005
398992
398993
-1005
398996
-1008
-1009
398996
-1003
-1005
598994
998997
398994
-1006
-1007
-1008
398995
-1007
798998
-1004
-1008
-1006
398996
-1009
-1003
-1008
-1008
398994
-1005
2999000
398994
-1007
798995
798994
398993
-1007
398998
-1006
-1006
-1005
798995
1598999
-1005
-1006
-1008
-1002
798997
-1003
-1004
-1000
798994
398995
398994
1798996
398994
798996
798998
398995
-1004
-1008
398993
398997
398995
-1009
798999
398993
-1007
798996
-1007
-1008
-1010
-1006
-1003
1998999
1598997
398992
-1008
998999
998997
-1008
-1007
1198995
798994
398996
-1009
798994
798997
1599000
1398996
-1008
798995
-1008
998994
798994
1798999
398995
1198998
998993
-1008
398996
798996
2198997
-1004
-1004
1000996
-1005
1598998
-1002
-1009
398992
-1005
798995
798996
398994
-1009
1598997
-1005
-1005
798994
398995
798995
398997
798993
798995
3199898
398992
398994
398996
998996
398994
-1004
398997
-1003
-1005
-1004
-1004
398997
-1005
-1005
798995
-1007
798998
-1005
-1008
-1006
-1005
1798996
398995
398994
-1004
2398998
398995
-1005
-1009
1598997
1998998
-1006
-1006
-1008
998995
2398998
1198997
398997
-1007
398994
-1007
398997
-1010
398993
1798997
398999
1198996
398998
1700997
1198996
-1006
398998
1198995
2400999
798998
-1010
1198997
1598997
798997
-1006
1398995
798996
-1007
398994
-1006
1398999
-1005
398998
398996
398994
-1007
-1006
1598995
798996
398995
1598995
-1006
-1002
-1005
1598997
398994
398996
798997
-1007
-1008
-1004
-1004
1000995
-1004
1598998
798996
798996
-1005
398994
598993
398994
-1007
799000
1198999
-1007
-1009
998996
998997
1599000
398999
1400995
-1004
-1008
798995
-1004
1598996
798998
398994
-1009
398994
1798997
1598999
1198997
-1006
998992
-1005
-1006
398995
-1005
1398996
-1005
398993
798995
798999
-1006
599895
398997
-1006
-1007
998997
1598998
398995
-1004
-1004
798996
-1006
-1005
-1007
398992
998996
-1007
1198997
-1007
-1009
-1003
-1003
398993
798995
-1005
-1006
798996
-1007
1398993
2598999
398992
398994
398994
-1007
1798995
2198998
398996
398999
798994
-1003
598995
-1003
1198994
-1007
-1003
398994
398995
-1010
1598999
798996
398995
1198997
398995
398994
1198995
798995
-1008
398994
-1006
398997
398991
-1006
-1005
798994
798994
399000
-1006
-1008
798997
998994
398994
-1004
398996
399000
-1008
398995
-1005
598998
398997
-1007
398993
398995
-1005
398997
-1006
1398997
398994
1598996
-1008
1198998
-1006
2198995
-1007
-1006
798997
-1006
-1007
798996
-1010
-1009
398996
398997
398991
798994
398997
398995
-1007
398995
-1006
-1007
-1004
798998
-1004
-1008
398997
398997
398994
398996
-1007
1798999
1998998
398995
398997
-1006
1198997
398994
798996
998994
998994
398999
-1007
-1003
-1006
-1008
398994
798997
-1005
1198994
-1008
1198994
398992
798994
398996
-1009
398994
798994
798996
1598996
-1004
-1008
398995
598995
1398995
-1004
1398995
798998
1198996
398994
-1006
-1007
-1007
-1007
-1007
-1010
-1004
798995
398997
-1007
-1008
998997
-1005
-1004
2398998
-1009
798999
2398997
1399000
1198995
398996
-1009
398994
1300996
398999
-1008
798996
-1005
398996
-1007
-1007
-1007
798998
-1007
398997
398997
1198995
398994
-1003
-1006
998996
-1008
798993
-1009
-1009
-1004
-1007
798997
398993
1398996
-1008
-1006
398998
1998995
398997
-1007
798996
1198998
398991
1998999
-1006
798995
-1008
398996
-1004
-1008
798998
2801000
398993
-1008
998994
-1003
798996
398996
398995
398995
798994
398997
398995
398994
-1010
398996
398997
2198996
-1005
-1006
-1006
-1006
398993
-1005
798997
998997
600993
-1006
-1007
-1005
798999
398994
-1006
-1009
398993
798998
1198996
998996
398995
398996
798998
-1006
798996
798994
-1006
1798995
998998
-1005
-1009
1598998
398993
398996
398995
-1004
-1006
398997
398995
-1008
-1005
398992
398993
798998
798995
798997
1598997
398995
-1004
398996
798997
398998
1598998
398994
1998997
998995
-1008
998996
-1004
398994
798996
-1008
798996
398994
-1005
1798997
2099896
398994
398995
398992
798994
798995
398994
398995
398994
798996
798994
1798995
2198997
398996
398994
798998
1198999
-1004
-1006
398994
398994
1198996
398998
398997
798993
398997
-1008
-1006
398992
398996
599895
1198999
-1009
1798998
798996
398996
-1006
-1006
798994
398997
398996
398996
398995
-1007
798993
798996
1199899
398992
-1010
398997
798996
398993
398997
-1004
398998
-1007
1798998
1599897
798996
1598999
-1006
-1004
-1008
1598999
-1009
1198995
-1008
398996
2000999
798999
798997
-1005
-1005
1398995
-1005
398991
1198996
-1007
-1009
600794
-1007
798997
598996
398992
-1007
-1010
-1006
1198995
-1007
-1003
1598998
2198997
-1006
1800996
-1003
398994
398995
1998998
398996
-1004
798994
-1010
398997
-1008
798997
998997
398994
-1007
398995
-1008
-1002
1798996
798997
-1003
398997
-1008
-1004
-1008
398996
-1006
-1006
399894
398996
998995
398998
398995
798996
600995
798993
798998
398993
798994
-1005
1198997
398994
999895
-1006
-1004
-1007
-1008
1198994
-1006
-1006
-1007
398997
-1005
-1007
-1007
-1008
1198998
398996
1198998
398996
798997
398993
398998
398993
599893
1198997
-1008
398993
-1004
-1005
-1009
1199000
-1005
-1008
398996
-1007
-1006
798995
1198997
-1007
-1010
798996
798994
398992
398993
-1002
798996
-1009
398999
1198997
1798995
1300998
1198996
-1004
-1005
-1003
-1004
-1008
398996
398996
798996
-1004
-1006
398994
798997
398996
-1006
798996
398994
398997
1198997
398997
-1003
398993
398995
-1007
-1007
-1004
-1005
398994
-1009
398995
-1008
398997
-1008
998995
398995
1598998
-1009
-1006
1198997
398993
3198998
-1005
-1007
798996
-1010
1198997
1198996
-1006
398996
2398997
799898
1598996
-1007
398993
-1005
798996
-1004
398996
398994
-1007
-1007
1899897
798995
-1007
-1007
998994
-1004
1798996
398993
-1006
798997
398998
398995
-1007
798995
398997
1798997
398994
398997
798995
598997
1198997
-1003
798997
998997
-1005
-1006
-1008
798997
398994
-1002
798997
398996
1598998
-1003
-103
-1004
-1007
-1005
798996
-1010
398993
1198997
-1007
-1005
398997
798997
798997
999000
398993
798998
398993
-1007
-1009
398993
1198998
-1008
1198997
-1004
-1005
1598998
398995
1001000
-1006
798997
598997
-1008
-1007
1599000
798994
-1004
798994
398996
-1005
1598996
-1005
998994
-1008
1198996
-1004
-1008
1398995
-1006
398995
798996
1398998
-1008
398994
798998
-1008
398994
398997
398997
900997
-1007
-1006
798999
-1004
998994
398991
1998999
998993
-1009
-1005
398993
-1004
-1006
398995
-1007
-1008
1398997
-1008
798994
1198997
398993
1398996
-1006
398993
798995
798996
1300996
1998997
-1003
-1005
-1006
1598995
398995
398995
398994
798994
1198997
398996
1598996
-1008
798994
398994
-1004
398996
-1006
398995
398994
798997
798996
-1005
-1009
1198997
798996
-1009
-1002
-1007
-1004
798996
798997
998993
-1009
398995
-1005
-1006
398994
-1009
398995
-1007
-1004
398995
398996
798997
998997
398995
1502997
798992
798994
-1007
398995
-1005
-1006
-1008
-1009
398994
1998997
998997
398999
-1009
398997
398994
398996
398994
398994
798999
1598996
1598999
398996
-1008
-1005
-1005
398994
-1006
1198996
398994
398995
-1005
798997
1198997
-1008
998998
-1005
3199000
1198997
1198996
-1005
-1009
-1008
1198998
998996
798995
598997
-1005
-1007
398996
398994
798993
398997
398997
-1009
-1006
-1003
-1006
600996
-1008
-1007
-1007
-1006
1798995
-1006
-1002
-1004
-1005
798996
-1006
398995
398995
-1002
-1006
-1008
1598995
2198998
-1003
398996
-1006
998997
1798997
-1007
-1007
998995
798998
1198993
398993
-1005
-1008
-1009
1198994
398997
398995
598994
398997
-1006
998997
1598999
-1006
398995
398994
-1007
-1007
900995
598998
-1003
1198995
-1008
-1007
398996
800996
398998
-1008
398994
398993
-1004
-1005
398994
-1009
-1006
398993
798994
1198997
398994
398995
398992
1598997
-1008
-1004
798999
398992
398995
798997
1198999
398996
-1007
1299897
398998
798997
-1003
-1005
1799000
-1009
1798996
-1007
-1006
798997
1198994
398994
398995
-1005
800999
999895
1598994
998999
-1009
-1004
1198995
398992
2399900
-1007
798996
1598999
1198995
398995
2398998
998993
798996
798996
398992
-1004
-1009
798993
-1009
-1007
1998998
398993
-1007
1598998
398994
-1005
398993
398996
-1003
2399000
-1009
1198998
398995
1998998
1198998
398994
-1005
-1006
398994
-1005
-1005
-1007
-1004
798996
-1005
-1009
798994
-1007
398999
399894
398993
1198998
-1004
-1009
398996
398994
-1006
-1008
398996
398994
398992
-1007
998997
1198998
398995
-1010
-1007
398995
-1007
398993
398994
-1007
798997
398992
-1007
-1008
1899896
1000996
1598999
-1009
-1007
798997
798997
798998
398995
398999
-1006
-1007
-1003
398994
1198996
998996
398994
1198997
-1006
1798998
398995
-1006
2398999
398992
-1005
-1007
1198996
-1009
398994
-1007
599892
1198995
398994
1798999
-1008
1598995
398997
1398998
-1005
-1006
998994
1198996
798995
1798998
1598997
398995
398992
798997
-1005
-1004
1598998
-1007
2101000
-1010
398991
798997
398996
398995
1998997
1198996
798997
-1009
398994
398994
1398998
398998
-1005
798996
398995
-1004
398994
-1003
-1008
798998
798997
398993
-1007
1798998
398993
-1008
-1006
398995
398994
398994
-1006
398995
1198996
-1007
1198997
398995
-1003
1198994
-1008
-1006
598996
1398994
798995
1798999
-1008
-1008
1598997
798996
798998
398995
398995
-1004
798996
398994
-1006
-1008
398996
1598995
798995
398996
1198998
1998997
798997
798996
1198997
398995
398996
798996
798996
398995
-1007
-1007
398992
1598999
-1006
398996
1198997
1598995
-1007
1598998
-1007
1198994
-1007
-1010
-1006
1998998
-1004
398994
599895
-1006
-1006
998995
398991
398994
-1004
-1007
798994
398997
-1004
900996
398995
-1008
-1007
-1005
400993
-1006
-1007
398996
-1005
798996
-1010
1198994
-1007
1198999
398994
798997
398994
-1006
798999
398998
598997
398993
-1006
398996
1699897
398994
1198996
-1010
-1008
398997
398993
-1003
-108
1198995
-1009
-1004
-1007
1398999
798994
-1006
2399000
-1004
-1005
398995
-1005
1398997
1400998
398995
1198995
-1005
798997
398996
798999
-1009
-1005
-1007
-1007
798995
-1003
-1006
-1006
398997
398995
1598996
398996
1398996
-1008
1398996
-1007
1198998
-1005
1198996
398994
-1006
1198995
398997
-1008
398994
1598998
398995
398998
998994
398997
-1007
1198996
398995
-1007
798995
-1007
-1010
798994
398997
798995
398992
-1007
998995
398992
-1006
1598996
1798996
-1004
798997
398994
-1008
1598996
398997
398997
398995
998996
398999
-1005
398995
398993
398996
-1006
1799897
398996
600796
-1009
-1009
598995
398995
798996
798996
798994
-1004
798995
-1007
798997
-1005
-1009
798996
398995
398994
-1007
-1010
398992
999894
-1005
-1007
398997
-1003
798997
598995
-1004
798997
1198997
-1003
-1009
798994
-1005
-1005
798997
-1008
398997
-1006
-1006
-1008
-1005
1998998
598995
-1006
600995
-1006
798995
398991
-1006
-1004
-1003
398997
-1008
-1003
1999000
1198997
-1008
398994
-1009
-1008
-1007
398995
-1009
398994
398998
1598994
798993
-1005
398994
-1009
-1007
1399894
398992
1598997
398994
-1005
398997
-1005
398991
398996
998998
998998
398994
1699895
-1006
398997
-1006
398995
798998
-1008
398995
-1007
398994
798997
398996
2398998
398997
1398995
-1007
-1007
-1007
1199000
798994
398997
-1010
1300995
798998
1800999
-1010
798998
-1007
1198999
1598997
-107
398995
1198998
1198998
798998
-1007
398995
398993
798997
-1005
1998994
398995
-1009
1198996
998995
-1008
-1007
798996
398995
-1005
1700999
398995
798996
-103
1598996
-1007
-1009
-1005
-1009
-1007
398994
798999
798997
1398997
398995
-1006
998995
398996
2398999
998994
-1008
-1006
798997
398997
-1006
-1007
-1004
-1007
600994
398995
798997
-1005
798996
798999
-1010
1198997
398994
598998
-1007
-1008
398994
1798998
-1007
798997
1398996
-1005
-1008
398992
798999
398998
-1008
1398998
-1008
398996
398996
398992
-1010
-1007
398994
-1007
798995
1798998
-1009
-1002
398992
398997
-1005
-1003
598995
-1010
-1009
-1008
-1009
798997
398994
798994
-1010
398993
398996
-1009
-1008
1198995
-1006
798996
398994
-1004
798994
398996
1398997
-1006
-1009
398994
798996
398995
-1007
798997
798997
1999000
998993
-1007
1000995
398994
-1005
398997
398993
-1005
798995
-1009
398996
798994
398996
-1005
-1007
-1004
-1004
-1003
998995
798996
798997
798998
-1007
-1006
398997
-1001
398994
998993
1198996
398997
1198994
2998999
-1005
-1008
-1008
1598997
-1007
798995
-1007
-1009
-1008
2198999
398993
-1006
-1006
1598997
398994
1598995
798997
-1007
-1003
798998
998996
1198998
-1004
-1004
798996
-1007
1398998
-1008
798997
1598996
-1007
1198996
398994
398993
398993
998995
398996
-1008
598995
-1006
398997
-1005
1198997
398998
798995
-1006
398995
799893
798997
1198995
798994
-1008
398994
398997
398995
798995
398995
-1008
-1007
-1007
1398998
398994
798995
398993
998996
600992
398997
398996
-1010
998998
2398996
-1008
398992
2398997
-1008
398997
798995
-1008
-1003
-1007
398997
398993
-1006
-1003
-1005
398996
1198996
-1005
-1003
1198998
-1005
-1006
798998
398996
-1004
-1010
-1009
798997
1198997
998995
798995
-1004
798996
-1009
-1007
-1007
398992
-1004
-1007
798997
798997
1598995
398996
-1008
-1005
-1010
598998
-1007
798997
-1007
-1005
798996
-1006
-1003
-1003
-1002
398998
398997
-1008
398994
398995
398995
398994
1798995
398998
-1005
798995
1198997
398995
-1008
798993
-1006
798997
798997
398994
1798996
-1001
398995
798998
798995
-1006
-1004
-1009
-1003
798999
-1004
1199000
998994
-1005
1198997
-1007
798998
-1004
-1010
-1006
798997
-1006
-1004
-1007
1199000
398993
398995
-1001
398999
-1009
-1010
-1004
398996
398994
-1009
598994
-1006
798995
798995
-1005
-1008
798994
798995
-1007
398997
1598994
798995
2998997
398992
-1004
-1009
-1010
1398996
2201896
1798998
1598997
-1009
398994
398994
-1004
398995
-1006
398992
-1006
-1005
398992
1198996
398994
1998999
798997
1798999
398994
1198997
-1010
398993
-1003
-1008
-1005
-1007
-1009
398996
1198997
398997
-1008
398996
-1005
398997
-1006
398994
-1009
398994
1198997
-1007
-1007
-1002
398994
398995
798997
-1006
798994
1198998
798996
398995
1198997
398998
-1007
1198998
-1006
1198997
-1008
-1007
-1010
-1006
398997
798999
2599898
-1006
999898
-1008
398996
798996
398994
-1004
-1007
398995
598997
-1006
398996
798995
398995
398995
798996
398994
-1005
992
-1006
-1005
398999
-1005
798996
1398997
-1008
398995
-1004
398993
1200994
798995
1000996
398997
798995
-1007
1198996
398999
-1008
798992
398994
-1005
-1002
-1008
398993
998996
-1003
-1006
998996
398997
398995
-1009
-1006
1398995
-1006
-1004
798996
-1005
398994
1398997
998999
-1007
-1008
398994
398995
398996
798996
-1007
-1007
-1003
-1007
-1007
1198996
998992
398995
-1010
599892
798996
398994
-1003
398994
-1008
798999
798997
398995
-1003
398993
-1002
798999
398994
-1005
398996
-1006
-1003
398994
798997
2198997
2799000
998995
1399000
-1004
798995
798995
-1001
-1002
398994
3601899
398996
-1006
-1004
-1005
798996
398997
1198996
-1010
798996
-1006
-1006
-1008
-1010
798996
398995
599894
398995
-1007
-1005
-1009
-1003
-1006
-1009
398996
798994
1198994
798998
398995
-1009
398997
-1007
1198997
1398995
398996
-1007
-1008
-1009
1198994
-1008
398995
-1006
-1008
-1005
798993
798996
-1010
-1006
-1002
798997
398995
798996
398997
-1008
798997
398997
398999
-1006
-1007
1198997
-1009
398991
798997
798996
-1003
398997
998999
-1006
-1006
1198997
-1007
1598997
-1007
398996
-1008
-1003
398992
798996
398993
-1003
-1003
-1008
1198997
-1006
-1006
598994
1398995
-1007
998994
1598997
798995
398997
1600995
-1008
1398999
-1006
1198996
600994
-1003
-1009
-1005
2199000
-1006
-1004
-1010
398996
