-7559.0
-9062.0
-10284.0
-10136.0
-10626.0
-11348.0
-12500.0
-14846.0
-15194.0
-15453.0
-13757.0
-18498.0
-19050.0
-19802.0
-20637.0
-22686.0
-24344.0
-24802.0
-25411.0
-26238.0
-28003.0
-29184.0
-30308.0
-28813.0
-33065.0
-32596.0
-33403.0
-34778.0
-32110.0
-34282.0
-34512.0
-38570.0
-34181.0
-32878.0
-42142.0
-40214.0
-41561.0
-42203.0
-43562.0
-45690.0
-46665.0
-51088.0
-44332.0
-49907.0
-54093.0
-51289.0
-55684.0
-56511.0
-57014.0
-59481.0
-60883.0
-60931.0
-59248.0
-62268.0
-58442.0
-54382.0
-68715.0
-67091.0
-61337.0
-67873.0
-67904.0
-70077.0
-70721.0
-70041.0
-75298.0
-77131.0
-76709.0
-77527.0
-77410.0
-76460.0
-83386.0
-82070.0
-82033.0
-85609.0
-83748.0
-90636.0
-90979.0
-87630.0
-90317.0
-90573.0
-94622.0
-93756.0
-98084.0
-101293.0
-99206.0
-103869.0
-98887.0
-95084.0
-105078.0
-99041.0
-106841.0
-106091.0
-107229.0
-117661.0
-102576.0
-115087.0
-113586.0
-119367.0
-113498.0
-116055.0
-122862.0
-114906.0
-116800.0
-130611.0
-122981.0
-122628.0
-121762.0
-122821.0
-132287.0
-125384.0
-132627.0
-137466.0
-127255.0
-132563.0
-138216.0
-135710.0
-145217.0
-141775.0
-144005.0
-139082.0
-145619.0
-144716.0
-146619.0
-143514.0
-140780.0
-147305.0
-148687.0
-154506.0
-158838.0
-154730.0
-166774.0
-150376.0
-166947.0
-159567.0
-170457.0
-155465.0
-163581.0
-166613.0
-180007.0
-157731.0
-174247.0
-164640.0
-155459.0
-166703.0
-177147.0
-173370.0
-174942.0
-170389.0
-176825.0
-176719.0
-188158.0
-185065.0
-187406.0
-174451.0
-183435.0
-182375.0
-177724.0
-192941.0
-200671.0
-184408.0
-182875.0
-185534.0
-197525.0
-195510.0
-180735.0
-199018.0
-199957.0
-189774.0
-201290.0
-207959.0
-189194.0
-196824.0
-202164.0
-204674.0
-184715.0
-206317.0
-200028.0
-224841.0
-201748.0
-209216.0
-209976.0
-223002.0
-208383.0
-213195.0
-215952.0
-210690.0
-212724.0
-220875.0
-212922.0
-232629.0
-225704.0
-226288.0
-209721.0
-212692.0
-225442.0
-222298.0
-220982.0
-217677.0
-221922.0
-224157.0
-232141.0
-241649.0
-228591.0
-221248.0
-252872.0
-232536.0
-232856.0
-227152.0
-245266.0
-234302.0
-232796.0
-249885.0
-246890.0
-248072.0
-255719.0
-238455.0
-242804.0
-253471.0
-249033.0
-255869.0
-245426.0
-262110.0
-267698.0
-257383.0
-260651.0
-265586.0
-248304.0
-255530.0
-264743.0
-274348.0
-270029.0
-272663.0
-286577.0
-300664.0
-271279.0
-273882.0
-281055.0
-289692.0
-285626.0
-286397.0
-301097.0
-279802.0
-274963.0
-291323.0
-293677.0
-305278.0
-297165.0
-293920.0
-297565.0
-296877.0
-279521.0
-305374.0
-289624.0
-298838.0
-291154.0
-309682.0
-304537.0
-305809.0
-10286655.0
-303143.0
-299112.0
-304430.0
-298461.0
-315526.0
-320384.0
-303021.0
-304484.0
-310545.0
-319460.0
-305504.0
-302465.0
-309467.0
-302200.0
-315802.0
-320565.0
-311312.0
-307856.0
-310911.0
-315530.0
-307206.0
-319833.0
-330812.0
-331828.0
-342781.0
-316404.0
-336448.0
-326788.0
-332565.0
-332863.0
-320824.0
-338859.0
-346208.0
-333029.0
-337476.0
-324791.0
-342771.0
-335521.0
-350815.0
-333328.0
-343693.0
-349438.0
-353076.0
-347967.0
-347766.0
-339655.0
-350283.0
-359607.0
-352464.0
-336729.0
-361281.0
-357682.0
-356595.0
-348251.0
-365646.0
-346858.0
-362124.0
-342356.0
-345274.0
-346722.0
-374946.0
-354825.0
-364273.0
-373324.0
-366174.0
-371876.0
-393228.0
-367095.0
-354460.0
-367683.0
-355830.0
-381297.0
-394732.0
-381035.0
-367567.0
-377092.0
-374663.0
-391595.0
-387219.0
-389246.0
-387997.0
-395640.0
-397847.0
-398373.0
-399504.0
-365354.0
-396448.0
-390967.0
-398653.0
-405449.0
-425985.0
-390911.0
-411546.0
-403717.0
-377079.0
-401572.0
-429834.0
-392832.0
-431464.0
-373163.0
-417747.0
-436037.0
-430463.0
-416740.0
-431983.0
-423844.0
-419087.0
-396996.0
-456376.0
-433954.0
-411350.0
-407649.0
-402146.0
-437006.0
-426923.0
-399941.0
-428969.0
-417435.0
-425726.0
-421014.0
-431962.0
-434141.0
-447020.0
-407613.0
-443365.0
-424448.0
-432803.0
-449947.0
-457464.0
-418562.0
-455926.0
-455395.0
-462510.0
-447971.0
-452732.0
-456849.0
-433902.0
-441167.0
-434437.0
-433665.0
-450079.0
-458350.0
-452665.0
-454511.0
-462426.0
-475715.0
-450789.0
-450213.0
-445995.0
-459505.0
-473440.0
-466720.0
-449794.0
-456209.0
-475189.0
-488590.0
-515609.0
-459351.0
-464659.0
-461963.0
-478055.0
-466419.0
-492992.0
-481650.0
-467780.0
-497166.0
-479045.0
-482391.0
-466674.0
-488035.0
-482472.0
-510263.0
-471187.0
-485085.0
-498979.0
-494775.0
-466300.0
-495793.0
-517425.0
-496426.0
-484783.0
-491563.0
-522739.0
-529330.0
-515756.0
-518084.0
-512373.0
-479188.0
-487150.0
-494713.0
-467889.0
-509614.0
-532444.0
-492029.0
-525491.0
-541287.0
-507531.0
-526734.0
-517361.0
-525592.0
-513268.0
-493063.0
-490740.0
-514870.0
-537784.0
-510977.0
-523474.0
-498753.0
-528226.0
-536823.0
-515112.0
-523480.0
-538719.0
-547196.0
-549664.0
-547351.0
-543831.0
-536934.0
-500824.0
-553527.0
-554682.0
-530223.0
-540797.0
-511548.0
-566594.0
-549840.0
-529604.0
-531985.0
-525967.0
-549629.0
-572295.0
-551972.0
-557204.0
-553941.0
-561224.0
-592600.0
-550891.0
-551925.0
-526999.0
-538727.0
-560551.0
-561640.0
-555424.0
-574654.0
-574076.0
-550420.0
-585837.0
-594020.0
-556931.0
-545979.0
-595985.0
-536208.0
-578712.0
-603412.0
-596554.0
-549771.0
-569412.0
-582808.0
-582944.0
-585120.0
-569088.0
-562192.0
-579930.0
-579938.0
-587929.0
-608677.0
-607931.0
-595045.0
-561391.0
-582676.0
-589514.0
-574252.0
-609221.0
-602612.0
-624040.0
-616474.0
-623974.0
-608246.0
-626329.0
-593808.0
-619216.0
-628494.0
-627694.0
-615494.0
-615595.0
-600149.0
-626981.0
-625150.0
-594811.0
-663790.0
-605691.0
-598883.0
-599497.0
-624956.0
-635648.0
-609621.0
-646581.0
-612248.0
-635745.0
-654955.0
-608919.0
-662434.0
-635274.0
-612557.0
-629956.0
-666802.0
-631195.0
-626630.0
-633423.0
-610258.0
-683186.0
-631476.0
-640870.0
-650435.0
-641086.0
-629272.0
-677458.0
-654160.0
-645313.0
-647432.0
-656640.0
-637758.0
-667224.0
-659989.0
-626529.0
-654517.0
-670760.0
-682876.0
-664302.0
-677524.0
-678603.0
-677661.0
-660122.0
-653918.0
-639193.0
-655910.0
-686390.0
-677759.0
-634159.0
-699824.0
-682429.0
-681715.0
-655410.0
-685282.0
-676270.0
-712285.0
-675454.0
-660863.0
-687680.0
-671272.0
-671795.0
-689325.0
-708030.0
-693993.0
-713204.0
-685706.0
-687326.0
-665930.0
-678307.0
-737744.0
-701013.0
-641221.0
-750415.0
-693162.0
-713044.0
-716116.0
-674811.0
-680049.0
-699204.0
-699164.0
-738037.0
-710157.0
-664586.0
-704216.0
-686315.0
-743934.0
-665991.0
-715476.0
-690194.0
-719469.0
-691981.0
-719214.0
-769189.0
-714377.0
-713967.0
-707571.0
-737938.0
-718509.0
-695603.0
-711521.0
-722886.0
-724267.0
-714065.0
-726157.0
-713432.0
-738254.0
-719653.0
-731330.0
-731478.0
-804150.0
-704587.0
-763440.0
-726507.0
-736355.0
-758489.0
-750626.0
-751194.0
-749903.0
-760992.0
-764192.0
-722617.0
-733467.0
-746658.0
-725576.0
-743816.0
-738720.0
-719567.0
-760827.0
-782924.0
-731750.0
-755423.0
-798831.0
-786603.0
-758023.0
-755682.0
-729916.0
-752456.0
-792561.0
-797806.0
-809207.0
-787809.0
-757726.0
-748353.0
-781601.0
-785375.0
-806726.0
-765132.0
-745042.0
-830383.0
-736156.0
-822083.0
-804375.0
-751348.0
-806465.0
-795764.0
-10667617.0
-776158.0
-831339.0
-810426.0
-788697.0
-789424.0
-812002.0
-790736.0
-747241.0
-769116.0
-790657.0
-783213.0
-771812.0
-789637.0
-807038.0
-822843.0
-801820.0
-879215.0
-790388.0
-791598.0
-772288.0
-817520.0
-794365.0
-874365.0
-826899.0
-843931.0
-801207.0
-788949.0
-812599.0
-845457.0
-881668.0
-816059.0
-793024.0
-827050.0
-793318.0
-771419.0
-831720.0
-786181.0
-810811.0
-833208.0
-825890.0
-849753.0
-802881.0
-840206.0
-801016.0
-830670.0
-819316.0
-878997.0
-890744.0
-822411.0
-821770.0
-835900.0
-848740.0
-836224.0
-781870.0
-828553.0
-852698.0
-816868.0
-923055.0
-856138.0
-834267.0
-866712.0
-822713.0
-848786.0
-859130.0
-836074.0
-944406.0
-830089.0
-886129.0
-875431.0
-833895.0
-821354.0
-858431.0
-822447.0
-838208.0
-872623.0
-875668.0
-865193.0
-852467.0
-902127.0
-842824.0
-868858.0
-878692.0
-844959.0
-883828.0
-917439.0
-896001.0
-861034.0
-876727.0
-863480.0
-879465.0
-879486.0
-880988.0
-845675.0
-904355.0
-881692.0
-918448.0
-895374.0
-848404.0
-882384.0
-884504.0
-873342.0
-876947.0
-903093.0
-876021.0
-915964.0
-841795.0
-955048.0
-942520.0
-858162.0
-871739.0
-896435.0
-847978.0
-935713.0
-920686.0
-924605.0
-899771.0
-900908.0
-10594236.0
-942013.0
-930125.0
-918236.0
-930704.0
-932520.0
-909728.0
-909736.0
-910806.0
-924144.0
-975977.0
-927488.0
-927556.0
-915699.0
-890172.0
-880224.0
-904685.0
-918039.0
-919600.0
-934392.0
-909513.0
-899143.0
-948072.0
-887417.0
-926911.0
-952424.0
-928178.0
-928047.0
-955577.0
-906955.0
-970299.0
-984786.0
-972303.0
-10781136.0
-909717.0
-923233.0
-912126.0
-937407.0
-901842.0
-928223.0
-967893.0
-890689.0
-983218.0
-956747.0
-930441.0
-947232.0
-908513.0
-932479.0
-950870.0
-952505.0
-913676.0
-991085.0
-952410.0
-916760.0
-916102.0
-970758.0
-944706.0
-997551.0
-1013326.0
-945471.0
-949565.0
-1002518.0
-976390.0
-965627.0
-985739.0
-966119.0
-942925.0
-917938.0
-929815.0
-954538.0
-960911.0
-976121.0
-10856094.0
-977802.0
-1060369.0
-926495.0
-993176.0
-967959.0
-943444.0
-956637.0
-1011915.0
-972510.0
-1024943.0
-1041867.0
-946840.0
-976168.0
-1030895.0
-978074.0
-924555.0
-1047642.0
-994551.0
-967993.0
-982834.0
-1023309.0
-996079.0
-1026423.0
-998213.0
-1014202.0
-1040651.0
-992099.0
-1004689.0
-1019919.0
-979326.0
-994542.0
-992256.0
-997197.0
-1053170.0
-1039216.0
-983094.0
-1027153.0
-10834051.0
-1015170.0
-1001934.0
-1017835.0
-1005944.0
-1007043.0
-1019223.0
-994250.0
-1022984.0
-1065587.0
-1067762.0
-1053101.0
-1010425.0
-1042980.0
-1057876.0
-1055419.0
-1018009.0
-1032383.0
-1033039.0
-1020708.0
-1104563.0
-1007922.0
-1049455.0
-995008.0
-1038588.0
-994047.0
-1013633.0
-1029497.0
-1059302.0
-1088582.0
-1016257.0
-1075603.0
-992038.0
-1036417.0
-1067391.0
-1035585.0
-1085667.0
-984732.0
-1015917.0
-1046341.0
-1017777.0
-1047853.0
-1078230.0
-1078703.0
-1094456.0
-1110353.0
-1037179.0
-1024266.0
-1056260.0
-1041621.0
-1042643.0
-1086213.0
-1029361.0
-1141843.0
-1090463.0
-1119973.0
-10943853.0
-1018441.0
-1019642.0
-1095429.0
-1183422.0
-1024325.0
-1084545.0
-1054343.0
-1082979.0
-1042087.0
-1119261.0
-1058572.0
-1074610.0
-1047594.0
-1033242.0
-1064024.0
-1151660.0
-1037976.0
-1058212.0
-1084522.0
-1117262.0
-11012856.0
-1133562.0
-1045066.0
-1091280.0
-1091398.0
-1090154.0
-1108584.0
-1110030.0
-1124248.0
-1081373.0
-1081090.0
-1098547.0
-1130121.0
-1079874.0
-1132461.0
-1177634.0
-1103018.0
-1087711.0
-1102903.0
-1151883.0
-1091305.0
-1092737.0
-1107950.0
-1171624.0
-1076622.0
-1205482.0
-1065599.0
-1145633.0
-1097245.0
-1161901.0
-1151227.0
-1149693.0
-1121669.0
-1213720.0
-1168868.0
-1140013.0
-1188984.0
-1174586.0
-1111378.0
-1207147.0
-1175199.0
-1113793.0
-1130932.0
-1195105.0
-11133400.0
-1118919.0
-1178394.0
-1165389.0
-1105656.0
-1139873.0
-1251542.0
-1140962.0
-1220666.0
-1145236.0
-1094974.0
-1113861.0
-1179729.0
-1131579.0
-1134494.0
-1213529.0
-1135366.0
-1169199.0
-1184370.0
-1138640.0
-1138078.0
-1186812.0
-1173650.0
-1138545.0
-1168306.0
-1220045.0
-1190834.0
-1224461.0
-1195769.0
-1164450.0
-1262788.0
-1194543.0
-1199378.0
-1216228.0
-1088611.0
-1196965.0
-1188101.0
-1213861.0
-1157164.0
-1158667.0
-1192007.0
-1145710.0
-1326426.0
-1226954.0
-1159079.0
-1248500.0
-1200878.0
-1283139.0
-1169016.0
-1187115.0
-1238811.0
-1152912.0
-1141473.0
-1193120.0
-1228271.0
-1243614.0
-1279462.0
-1264002.0
-1248871.0
-1150807.0
-1267949.0
-1302091.0
-1271128.0
-1271836.0
-1248678.0
-1224658.0
-1275885.0
-1159295.0
-1157825.0
-1309665.0
-1226390.0
-1263009.0
-1246868.0
-1245797.0
-1250267.0
-1285871.0
-1235793.0
-1217106.0
-1170324.0
-1221174.0
-1187030.0
-1187814.0
-1238817.0
-1220763.0
-1328096.0
-1244547.0
-1263581.0
-1245987.0
-1281930.0
-1315740.0
-1299562.0
-1199448.0
-1284463.0
-1216579.0
-1198784.0
-1251646.0
-1255462.0
-1238206.0
-1255362.0
-1309102.0
-1312335.0
-1239825.0
-1244543.0
-1263909.0
-1247055.0
-1210737.0
-1369058.0
-1247771.0
-1334420.0
-1234864.0
-1267745.0
-1269973.0
-1217114.0
-1340396.0
-1238177.0
-1205437.0
-1340231.0
-1326674.0
-1257559.0
-1348371.0
-1313780.0
-1262520.0
-1368664.0
-1231003.0
-1212432.0
-1340260.0
-1358874.0
-1325418.0
-1376575.0
-1256444.0
-1344694.0
-1277445.0
-1240732.0
-1332477.0
-1278674.0
-1262947.0
-1300887.0
-1319267.0
-1283083.0
-1301437.0
-1338528.0
-1359265.0
-1288432.0
-1252227.0
-1325777.0
-1327106.0
-1255696.0
-1291441.0
-1344698.0
-1295438.0
-1386724.0
-1297209.0
-1334788.0
-1368233.0
-1372397.0
-1266175.0
-1319968.0
-1323385.0
-1321509.0
-1448897.0
-1324426.0
-1307437.0
-1309739.0
-1327060.0
-1367559.0
-1349093.0
-1329681.0
-1425603.0
-1368582.0
-1335191.0
-1426941.0
-1281716.0
-1319122.0
-1265888.0
-1339719.0
-1303644.0
-1359538.0
-1342234.0
-1344831.0
-1306987.0
-1272004.0
-1365505.0
-1399480.0
-1274863.0
-1368885.0
-1348705.0
-1352058.0
-1279259.0
-1261747.0
-1374297.0
-1375677.0
-1372123.0
-1358903.0
-1341311.0
-1360491.0
-1361321.0
-1415016.0
-1382531.0
-1342353.0
-1457569.0
-1329805.0
-1349727.0
-1368709.0
-1444964.0
-1371340.0
-1389293.0
-1429721.0
-1372271.0
-1356124.0
-1340230.0
-1378766.0
-1396258.0
-1380230.0
-1533061.0
-1439054.0
-1364216.0
-1366897.0
-1387046.0
-1407073.0
-1368015.0
-1390395.0
-1373318.0
-1430380.0
-1356208.0
-1336843.0
-1394558.0
-1432739.0
-1379525.0
-1362075.0
-1475908.0
-1400938.0
-1364572.0
-1344456.0
-1481665.0
-1347797.0
-1446381.0
-1447936.0
-1429869.0
-1371827.0
-1489136.0
-1450189.0
-1353160.0
-1473107.0
-1436191.0
-1359954.0
-1456174.0
-1378393.0
-1383272.0
-1404121.0
-1405556.0
-1463182.0
-1406461.0
-1407342.0
-1425975.0
-1411006.0
-1470796.0
-1430516.0
-1452615.0
-1434221.0
-1473955.0
-1457340.0
-1494108.0
-1437205.0
-1495895.0
-1420475.0
-1383325.0
-1421622.0
-1543043.0
-1484300.0
-1405164.0
-1466271.0
-1486280.0
-1383806.0
-1428849.0
-1549365.0
-1508968.0
-1451927.0
-1392995.0
-1450807.0
-1451994.0
-1454761.0
-1435098.0
-1397746.0
-1556600.0
-1439529.0
-1421568.0
-1502078.0
-1483683.0
-1462932.0
-1525448.0
-1426936.0
-1446634.0
-1590066.0
-1388234.0
-1591332.0
-1451761.0
-1490206.0
-1414144.0
-1435031.0
-1557446.0
-11376798.0
-1476615.0
-1582379.0
-1480346.0
-1442500.0
-1482859.0
-1562884.0
-1441461.0
-1424827.0
-1443735.0
-1508028.0
-1530428.0
-1589102.0
-1491666.0
-1508174.0
-1512915.0
-1451281.0
-1556245.0
-1413449.0
-1455597.0
-1455331.0
-1539430.0
-1518709.0
-1439365.0
-1460982.0
-1501327.0
-1588372.0
-1506043.0
-1382821.0
-1549030.0
-1592058.0
-1490099.0
-1449461.0
-1554120.0
-1531070.0
-1596654.0
-1578469.0
-1515881.0
-1579485.0
-1477037.0
-1537694.0
-1499319.0
-1500242.0
-1522428.0
-1501970.0
-1456579.0
-1567904.0
-1505407.0
-1568336.0
-1591661.0
-1485536.0
-1527257.0
-1509482.0
-1469007.0
-1492366.0
-1472514.0
-1534303.0
-1536684.0
-1664056.0
-1492413.0
-1455234.0
-1537194.0
-1562102.0
-1518199.0
-1522117.0
-1480469.0
-1481458.0
-1376555.0
-1567422.0
-1567975.0
-1525791.0
-1569846.0
-1486247.0
-1550393.0
-1615696.0
-1509724.0
-1531597.0
-1599969.0
-1641823.0
-1553827.0
-1582744.0
-1583766.0
-1477649.0
-1564898.0
-1436915.0
-1480567.0
-1545600.0
-1566741.0
-1566664.0
-1613063.0
-1614038.0
-1593756.0
-1572904.0
-1595064.0
-1510052.0
-1574369.0
-1555018.0
-1533907.0
-1599262.0
-1599749.0
-1643386.0
-1580001.0
-1558475.0
-1517950.0
-1516385.0
-1604332.0
-1650433.0
-1587105.0
-1521209.0
-1588439.0
-1587521.0
-1522662.0
-1526180.0
-1613045.0
-1592886.0
-1550174.0
-1638803.0
-1594290.0
-1597469.0
-1598887.0
-1555403.0
-1579198.0
-1580507.0
-1539091.0
-1648540.0
-1584015.0
-1651943.0
-1696751.0
-1630882.0
-1653858.0
-1633906.0
-1656660.0
-1613988.0
-1704611.0
-1594215.0
-1682003.0
-1617301.0
-1597438.0
-1574653.0
-1643878.0
-1665816.0
-1756308.0
-1643809.0
-1691967.0
-1580977.0
-1580662.0
-1626538.0
-1536366.0
-1585148.0
-1586539.0
-1654538.0
-1586682.0
-1700027.0
-1635506.0
-1678334.0
-1636111.0
-1613197.0
-1685813.0
-1731255.0
-1617071.0
-1667201.0
-1712479.0
-1534795.0
-1624675.0
-1601944.0
-1695199.0
-1648477.0
-1629606.0
-1744205.0
-1561974.0
-1608702.0
-1588253.0
-1634496.0
-1727036.0
-1726846.0
-1614428.0
-1592363.0
-1548592.0
-1684100.0
-1641754.0
-1755816.0
-1665949.0
-1646023.0
-1646106.0
-1626076.0
-1581117.0
-1695635.0
-1696442.0
-1697419.0
-1631408.0
-1632683.0
-1747453.0
-1657515.0
-1543577.0
-1774624.0
-1637441.0
-1707781.0
-1636876.0
-1664226.0
-1595486.0
-1595809.0
-1618168.0
-1667764.0
-1667754.0
-1786536.0
-1671100.0
-1674491.0
-1696774.0
-1652459.0
-1698587.0
-1655005.0
-1654712.0
-1657180.0
-1774610.0
-1704414.0
-1776233.0
-11565896.0
-11049521.0
-1637618.0
-1709474.0
-1635724.0
-1617969.0
-1828180.0
-1736087.0
-1668056.0
-1762262.0
-1762784.0
-1741584.0
-1718829.0
-1625342.0
-1720593.0
-1744659.0
-1674906.0
-1724702.0
-1724627.0
-1703972.0
-1608645.0
-1869906.0
-1706667.0
-1657356.0
-1616120.0
-1662687.0
-1760149.0
-1665014.0
-1689714.0
-1690585.0
-1784849.0
-1666737.0
-1689918.0
-1738822.0
-1645497.0
-1692405.0
-1551601.0
-1745784.0
-1794685.0
-1675815.0
-1770199.0
-1797254.0
-1750243.0
-1773576.0
-1702755.0
-1850656.0
-1732219.0
-1852643.0
-1757914.0
-1853686.0
-1805906.0
-11130043.0
-1663741.0
-1689749.0
-1833174.0
-1691631.0
-1813565.0
-1716843.0
-1741464.0
-1767191.0
-1720140.0
-1840799.0
-11672528.0
-1819112.0
-1748787.0
-1698774.0
-1822016.0
-1873300.0
-1802784.0
-1728670.0
-1803620.0
-1827085.0
-1708384.0
-1855066.0
-1784697.0
-1858118.0
-1736652.0
-1787116.0
-1764220.0
-11127609.0
-1760912.0
-1717220.0
-1789364.0
-1718595.0
-1695019.0
-1771112.0
-1868961.0
-1822084.0
-1724660.0
-1676103.0
-1800568.0
-1774537.0
-1804113.0
-1878960.0
-1830861.0
-1732280.0
-1757960.0
-1758633.0
-1756899.0
-1758850.0
-1805811.0
-1735896.0
-1862481.0
-1715025.0
-1912597.0
-1937802.0
-1740866.0
-1840610.0
-1792734.0
-1842906.0
-1744332.0
-1846622.0
-1796855.0
-1669629.0
-1820276.0
-1775362.0
-1802402.0
-1852671.0
-1829946.0
-1880538.0
-1880305.0
-1801137.0
-1834292.0
-1782126.0
-1660321.0
-1812229.0
-1939781.0
-1814088.0
-1862576.0
-1917695.0
-1817491.0
-1817866.0
-1869145.0
-1744131.0
-1896119.0
-1871299.0
-1820430.0
-1773810.0
-1770047.0
-11671321.0
-1801732.0
-1955219.0
-1880365.0
-1881858.0
-1958614.0
-1857069.0
-1855252.0
-1804133.0
-1912112.0
-1785384.0
-1862397.0
-1760530.0
-1889956.0
-1840464.0
-1867577.0
-1920032.0
-1917709.0
-1818041.0
-1923185.0
-1847601.0
-1898076.0
-1926059.0
-1772440.0
-1900338.0
-1929257.0
-1802498.0
-1880862.0
-1881454.0
-1754756.0
-1884384.0
-1885241.0
-1964342.0
-1835684.0
-1785106.0
-1939315.0
-1864527.0
-1887499.0
-1943360.0
-1789596.0
-1843825.0
-1840101.0
-1950734.0
-1872511.0
-1926278.0
-1848768.0
-1928484.0
-1929760.0
-1905716.0
-1905044.0
-1906437.0
-1853218.0
-1906529.0
-1986461.0
-1912116.0
-1886840.0
-1861749.0
-1966924.0
-1915204.0
-1916063.0
-1838437.0
-1941967.0
-1892179.0
-1892556.0
-1867374.0
-1919078.0
-1869037.0
-1862258.0
-1895901.0
-1872552.0
-1926628.0
-2006812.0
-1821630.0
-1846598.0
-1982206.0
-1957290.0
-1879654.0
-2038138.0
-1829232.0
-1884827.0
-1911902.0
-1911419.0
-1833733.0
-1941523.0
-1755173.0
-1806318.0
-1918147.0
-2047247.0
-1922284.0
-1870207.0
-1896285.0
-1898396.0
-1844571.0
-1955372.0
-1955919.0
-1876556.0
-1955263.0
-1985645.0
-1906252.0
-1879505.0
-1933412.0
-1881953.0
-1909001.0
-1939383.0
-1938344.0
-1884378.0
-1860624.0
-1995146.0
-1942658.0
-1942721.0
-1993886.0
-1996130.0
-1975467.0
-2001892.0
-1971897.0
-1950384.0
-1949532.0
-1894336.0
-1897330.0
-2145110.0
-1847882.0
-11223609.0
-1903784.0
-1959409.0
-1905894.0
-1958873.0
-1931007.0
-2017697.0
-2019549.0
-1912675.0
-1967377.0
-2020852.0
-1996149.0
-1944959.0
-1997216.0
-2002640.0
-1893232.0
-1975176.0
-1977669.0
-1892274.0
-2063225.0
-1953053.0
-1925028.0
-2038025.0
-1927714.0
-1984129.0
-1986073.0
-2068246.0
-2070946.0
-1989494.0
-1965837.0
-2047653.0
-1940964.0
-2053116.0
-1887837.0
-1971263.0
-2055085.0
-1974318.0
-1975664.0
-2115856.0
-2029696.0
-2033075.0
-1952495.0
-2062652.0
-1955071.0
-1978236.0
-2039090.0
-1985155.0
-1984100.0
-2070578.0
-2044165.0
-1961704.0
-1961567.0
-1991592.0
-1991986.0
-1936485.0
-2048679.0
-2079044.0
-1994520.0
-2080651.0
-1997133.0
-1941504.0
-1999276.0
-1999684.0
-1914286.0
-1946272.0
-1946785.0
-2031075.0
-1949214.0
-2118771.0
-1923959.0
-2011139.0
-2040047.0
-2069630.0
-1952588.0
-11475311.0
-1986328.0
-2015299.0
-1990046.0
-2046281.0
-2020797.0
-2165027.0
-2080081.0
-1994990.0
-2164257.0
-1910501.0
-11652860.0
-2078430.0
-2084686.0
-1999358.0
-2141965.0
-2086129.0
-1945253.0
-2089110.0
-2062419.0
-2004066.0
-2032656.0
-2237214.0
-2067284.0
-1981396.0
-2040947.0
-2041353.0
-2123923.0
-2098112.0
-1929770.0
-2046161.0
-2046464.0
-2048480.0
-2162493.0
-2106161.0
-2077013.0
-2049607.0
-2049273.0
-1995343.0
-2083311.0
-2141174.0
-2081048.0
-2288904.0
-2145547.0
-2059535.0
-2147862.0
-2235705.0
-2209143.0
-2123446.0
-2065434.0
-2180115.0
-1980695.0
-1979817.0
-2011250.0
-2011345.0
-1983448.0
-2072702.0
-2247753.0
-2135470.0
-2107035.0
-2049576.0
-2076015.0
-2225444.0
-2137337.0
-2053966.0
-2111159.0
-2084154.0
-2084820.0
-2116243.0
-2145418.0
-2177025.0
-2142365.0
-2120910.0
-2291517.0
-2094352.0
-2179982.0
-2214689.0
-2186473.0
-2216964.0
-2157496.0
-2067197.0
-2191027.0
-2132282.0
-2042240.0
-11898743.0
-2135162.0
-2165695.0
-2047777.0
-2108262.0
-2137619.0
-2198738.0
-2110368.0
-2171422.0
-2111703.0
-2054097.0
-2144712.0
-2236218.0
-1998607.0
-2178591.0
-2117339.0
-2030698.0
-2147315.0
-2122795.0
-2033033.0
-2123476.0
-2154783.0
-2214862.0
-2156578.0
-2188169.0
-2217106.0
-2069824.0
-2100477.0
-2220511.0
-2161256.0
-2163056.0
-2284409.0
-2196740.0
-2196458.0
-2169124.0
-2109782.0
-2080909.0
-2170327.0
-2051390.0
-2109216.0
-2204333.0
-2144814.0
-2174699.0
-2116714.0
-2117846.0
-2148806.0
-2027734.0
-2179554.0
-2178952.0
-2118625.0
-2091895.0
-2089949.0
-11974152.0
-2126045.0
-2218169.0
-2187364.0
-2219148.0
-2191035.0
-2252931.0
-2131293.0
-2284982.0
-2193310.0
-2073921.0
-2165141.0
-2168612.0
-2229148.0
-2231022.0
-2140434.0
-2170976.0
-2111950.0
-2203912.0
-2234235.0
-2022916.0
-2144374.0
-2178420.0
-2148963.0
-2242474.0
-2213036.0
-2337760.0
-2338647.0
-2306106.0
-2125937.0
-2188775.0
-2282226.0
-2222276.0
-2220814.0
-2220365.0
-2162938.0
-2101945.0
-2070616.0
-2133281.0
-2135485.0
-2137789.0
-2107507.0
-2263376.0
-2232363.0
-2140832.0
-2203214.0
-2081923.0
-2081928.0
-2176255.0
-2271257.0
-2179044.0
-2117462.0
-2244469.0
-2120557.0
-2216084.0
-2153616.0
-2215673.0
-2342779.0
-2340585.0
-2123225.0
-12156312.0
-2189706.0
-2286108.0
-2225072.0
-2132882.0
-2349725.0
-2257757.0
-2165734.0
-2168685.0
-2103096.0
-2231925.0
-2199616.0
-2139604.0
-2204181.0
-2206791.0
-2301759.0
-2239108.0
-2145671.0
-2241839.0
-2306106.0
-2276744.0
-2337784.0
-2215677.0
-2248345.0
-2310244.0
-2185251.0
-2284243.0
-2126016.0
-2252083.0
-2254458.0
-2382352.0
-2381509.0
-2226570.0
-2288978.0
-2227991.0
-2228678.0
-2292000.0
-2165881.0
-2262716.0
-2358096.0
-2169204.0
-2259575.0
-2234254.0
-2363769.0
-2204502.0
-2269882.0
-2239039.0
-2432970.0
-2403811.0
-2244606.0
-2212554.0
-2406729.0
-2215337.0
-2312370.0
-2216543.0
-2281426.0
-2410345.0
-2281499.0
-2348380.0
-2315839.0
-2350063.0
-2286101.0
-2319118.0
-2320238.0
-2222376.0
-2257763.0
-2194036.0
-2386910.0
-2163627.0
-2196483.0
-2231999.0
-2200407.0
-2298833.0
-2267270.0
-2267737.0
-2301369.0
-2334070.0
-2270697.0
-2202643.0
-2176310.0
-2240662.0
-2145915.0
-2276778.0
-2245432.0
-2277957.0
-2311925.0
-2214349.0
-2380312.0
-2314288.0
-2248820.0
-2281826.0
-2350998.0
-2253022.0
-2282974.0
-2385932.0
-2355533.0
-2224675.0
-2488290.0
-2161335.0
-2324507.0
-2327099.0
-2356801.0
-2264008.0
-2362230.0
-2362354.0
-2233858.0
-2364722.0
-2203422.0
-2434289.0
-2402862.0
-2370772.0
-2205558.0
-2405333.0
-2307065.0
-2375142.0
-2309152.0
-2343855.0
-2443411.0
-2377449.0
-2312040.0
-2345859.0
-2381460.0
-2382051.0
-2317733.0
-2252331.0
-2286306.0
-2386495.0
-2252900.0
-2321502.0
-2288879.0
-2224209.0
-2289204.0
-2259014.0
-2425892.0
-2393398.0
-2427699.0
-2330385.0
-2298461.0
-2366465.0
-11267226.0
-2298338.0
-2268362.0
-2331871.0
-2203036.0
-2403148.0
-2303590.0
-2340072.0
-2441661.0
-2342391.0
-2304541.0
-2377634.0
-2445577.0
-2546566.0
-2379561.0
-2313549.0
-2348084.0
-2316946.0
-2550267.0
-2419843.0
-2451296.0
-2388263.0
-2388874.0
-2389692.0
-2324759.0
-2292007.0
-2394760.0
-2361193.0
-2361979.0
-2362965.0
-2363667.0
-2433793.0
-2569679.0
-2329566.0
-2571242.0
-2267645.0
-2234999.0
-2371430.0
-2339447.0
-2306376.0
-2475355.0
-2474778.0
-2376518.0
-2241199.0
-2413427.0
-2243501.0
-2415042.0
-2483658.0
-2382088.0
-2314461.0
-2418516.0
-2419082.0
-2384233.0
-2455920.0
-2520210.0
-2454211.0
-2424170.0
-2424563.0
-2494701.0
-2221831.0
-2426917.0
-2428406.0
-2393638.0
-2357231.0
-2294490.0
-2536031.0
-2398817.0
-2504256.0
-2469727.0
-2404587.0
-2542658.0
-2266260.0
-2302474.0
-2508994.0
-2478520.0
-2406517.0
-2446133.0
-2548037.0
-2448150.0
-2484899.0
-2346656.0
-2313909.0
-2452150.0
-2417569.0
-2488130.0
-2385170.0
-2593540.0
-2490400.0
-2423833.0
-2355112.0
-2494098.0
-2392316.0
-2463354.0
-2494759.0
-2532657.0
-2536310.0
-2467721.0
-2363266.0
-2605197.0
-2364965.0
-2505197.0
-2368085.0
-2332214.0
-2371048.0
-2371973.0
-2373155.0
-2443877.0
-2372277.0
-2512459.0
-2441608.0
-2446479.0
-2588072.0
-2484482.0
-2485334.0
-2415460.0
-2417311.0
-2418009.0
-2417491.0
-2419480.0
-2419593.0
-2456184.0
-2561353.0
-2494285.0
-2281223.0
-2531378.0
-2529954.0
-2530449.0
-2637316.0
-2535041.0
-2429839.0
-2429776.0
-2430062.0
-2397933.0
-2574293.0
-2645504.0
-2362650.0
-2506776.0
-2717471.0
-2437753.0
-2503631.0
-2581099.0
-2545797.0
-2439706.0
-2512314.0
-2512926.0
-2581551.0
-2405868.0
-2513542.0
-2551004.0
-2516514.0
-2445560.0
-2411290.0
-2481250.0
-2448254.0
-2661993.0
-2378918.0
-2522173.0
-2523153.0
-2591703.0
-2523978.0
-2561754.0
-2524268.0
-2457830.0
-2387417.0
-2602033.0
-2638622.0
-2780564.0
-2533766.0
-2534829.0
-2500089.0
-2500504.0
-2573155.0
-2573821.0
-2504544.0
-2541659.0
-2612052.0
-2506171.0
-2614531.0
-2508888.0
-2581189.0
-2579977.0
-2402706.0
-2619965.0
-2513321.0
-2514343.0
-2512613.0
-2478988.0
-2436029.0
-2516103.0
-2446340.0
-2518749.0
-2484143.0
-2667047.0
-2415233.0
-2488659.0
-2667279.0
-2346459.0
-2672542.0
-2776748.0
-2564922.0
-2640999.0
-2384112.0
-2571072.0
-2536342.0
-2463477.0
-2500078.0
-2612344.0
-2649012.0
-2649082.0
-2501781.0
-2579242.0
-2652928.0
-2471985.0
-2543047.0
-2727277.0
-2584657.0
-2584134.0
-2477054.0
-2548594.0
-2660790.0
-2514692.0
-2554478.0
-2628122.0
-2594478.0
-2486301.0
-2521876.0
-2523156.0
-2744747.0
-2635253.0
-2673066.0
-2601177.0
-2493010.0
-2640170.0
-2567599.0
-2568606.0
-11834788.0
-2532765.0
-2644747.0
-2459723.0
-2609579.0
-2683417.0
-2573677.0
-2572075.0
-2685351.0
-2568871.0
-2467268.0
-2653025.0
-2616715.0
-2687399.0
-2583517.0
-2731981.0
-2548815.0
-2623379.0
-2588192.0
-2587899.0
-2627783.0
-2628578.0
-2739899.0
-2704334.0
-2556761.0
-2632090.0
-2556412.0
-2707733.0
-2560900.0
-2598696.0
-2636588.0
-2639049.0
-2639382.0
-2712734.0
-2604224.0
-2678335.0
-2755232.0
-2570963.0
-2571288.0
-2570568.0
-2647154.0
-2574496.0
-2649099.0
-2650313.0
-2651765.0
-2576903.0
-2541903.0
-2654905.0
-2653349.0
-2843219.0
-2618721.0
-2620913.0
-2658830.0
-2585443.0
-2698547.0
-2623223.0
-2701191.0
-2626295.0
-2664302.0
-2852777.0
-2702778.0
-2666353.0
-2628968.0
-2818576.0
-2707176.0
-2669401.0
-2557855.0
-2562328.0
-2596623.0
-2714707.0
-2864204.0
-2567126.0
-2681168.0
-2754506.0
-2683560.0
-2684107.0
-2609136.0
-2682868.0
-2799053.0
-2803722.0
-2729384.0
-2686556.0
-2652003.0
-2618073.0
-2769876.0
-2656615.0
-2770643.0
-2695084.0
-2770639.0
-2661646.0
-2623549.0
-2815447.0
-2700008.0
-2665333.0
-2818598.0
-2553792.0
-2668943.0
-2632158.0
-2748533.0
-2595784.0
-2744628.0
-2751962.0
-2638322.0
-2790657.0
-2716716.0
-2756640.0
-2757262.0
-2833602.0
-2720277.0
-2645100.0
-2876583.0
-2722870.0
-2955210.0
-2648263.0
-2687868.0
-2727342.0
-2572660.0
-2729140.0
-2614250.0
-2809341.0
-2693946.0
-2888016.0
-2657903.0
-2813218.0
-2851490.0
-2659767.0
-2696501.0
-2815417.0
-2740382.0
-2740560.0
-2740606.0
-2704771.0
-2744970.0
-2706658.0
-2862354.0
-2746428.0
-2863696.0
-2594960.0
-2557196.0
-2826720.0
-2673678.0
-2636947.0
-2635940.0
-2755357.0
-2795113.0
-2755491.0
-2834054.0
-2834286.0
-2602386.0
-2566226.0
-2800881.0
-2646501.0
-2568449.0
-2647132.0
-2804083.0
-2803263.0
-2804671.0
-2728980.0
-2729869.0
-2613856.0
-2771726.0
-2616127.0
-2656053.0
-2617720.0
-2735645.0
-2813649.0
-2854334.0
-2894522.0
-2699860.0
-2855504.0
-2780671.0
-2739430.0
-2738882.0
-2783803.0
-2742227.0
-2862595.0
-2824025.0
-2746768.0
-2786267.0
-2981454.0
-2630143.0
-2749075.0
-2785849.0
-2829892.0
-2671919.0
-2830916.0
-2833164.0
-2714803.0
-2872109.0
-2678102.0
-2717370.0
-2641321.0
-2879174.0
-2758045.0
-2763516.0
-2882910.0
-2804228.0
-2646933.0
-2765369.0
-2727945.0
-2886920.0
-2807780.0
-2768842.0
-2691555.0
-2768432.0
-2771951.0
-2812266.0
-2813599.0
-2930688.0
-2617232.0
-2936126.0
-2736027.0
-2780029.0
-2860520.0
-2899106.0
-2942330.0
-2902954.0
-2862124.0
-2784432.0
-2984563.0
-2785586.0
-2825309.0
-2828587.0
-12471970.0
-2791520.0
-2790177.0
-2870828.0
-2833527.0
-2675642.0
-2674247.0
-2798489.0
-2674609.0
-2840658.0
-2802422.0
-2922552.0
-2882927.0
-2885778.0
-2685495.0
-2685200.0
-2687987.0
-2886330.0
-2729598.0
-2648053.0
-2930716.0
-2809636.0
-2772450.0
-2972376.0
-2851637.0
-2691855.0
-2572957.0
-2736061.0
-2858957.0
-2820368.0
-2739928.0
-2862254.0
-2983401.0
-2863000.0
-2783837.0
-2825424.0
-2784969.0
-2943595.0
-2625144.0
-2906556.0
-2910669.0
-2828490.0
-2751006.0
-2870649.0
-2915446.0
-3038288.0
-2755593.0
-2796066.0
-2796634.0
-2758184.0
-2962687.0
-2879738.0
-2720191.0
-2918488.0
-2884512.0
-2681746.0
-2881247.0
-2846306.0
-2805734.0
-2929268.0
-2849235.0
-2850218.0
-2928474.0
-2849660.0
-2730560.0
-2933521.0
-2851701.0
-2894916.0
-2856051.0
-2816416.0
-2854193.0
-2859571.0
-2859858.0
-2859920.0
-2943715.0
-2944626.0
-3068317.0
-2702200.0
-2866387.0
-2867710.0
-2786790.0
-2786709.0
-2992791.0
-2949727.0
-2831636.0
-2793663.0
-2875232.0
-2836507.0
-3001254.0
-2961215.0
-2839581.0
-2880435.0
-2882838.0
-2885115.0
-2722180.0
-2926439.0
-2889474.0
-2849337.0
-2973590.0
-3095492.0
-2810567.0
-3098999.0
-2811782.0
-2938441.0
-2896219.0
-2732605.0
-2940264.0
-2733173.0
-2734813.0
-2942729.0
-3067561.0
-2899588.0
-2904015.0
-2944115.0
-2947402.0
-2861342.0
-2990715.0
-3071902.0
-2951702.0
-2995072.0
-2871121.0
-2954693.0
-2912736.0
-2955107.0
-2831626.0
-2872699.0
-2958537.0
-2708516.0
-2793929.0
-3003504.0
-2837980.0
-3004706.0
-3090510.0
-3047966.0
-2923303.0
-3049878.0
-3007621.0
-2840608.0
-2844764.0
-3052607.0
-2888467.0
-2971054.0
-2848213.0
-2890918.0
-3143430.0
-2805146.0
-2809593.0
-2853288.0
-2938301.0
-2939515.0
-3024256.0
-3066459.0
-2815032.0
-2940637.0
-2943363.0
-2901823.0
-3023992.0
-2987364.0
-2862358.0
-2945673.0
-2903765.0
-2820739.0
-2863288.0
-2907757.0
-3074283.0
-2952480.0
-3164883.0
-3038911.0
-3039986.0
-2872358.0
-2955393.0
-3042761.0
-3085573.0
-3086192.0
-2874491.0
-2960194.0
-3131107.0
-2793260.0
-2963045.0
-2962602.0
-2880598.0
-2965985.0
-2752502.0
-3138094.0
-2926455.0
-2924291.0
-2969984.0
-2969784.0
-11994979.0
-3058276.0
-3059354.0
-3102324.0
-3103719.0
-3059746.0
-2809465.0
-2895392.0
-3067206.0
-2897883.0
-3110789.0
-2854959.0
-3070952.0
-2900374.0
-2984915.0
-3114628.0
-2946568.0
-3027054.0
-3161954.0
-2949051.0
-3121296.0
-2950430.0
-2995737.0
-3037751.0
-2911992.0
-3125430.0
-2999143.0
-2995905.0
-3086092.0
-2957818.0
-3004079.0
-2916751.0
-3134459.0
-3048555.0
-3051658.0
-3095054.0
-2967783.0
-3011226.0
-3222193.0
-3096948.0
-3142986.0
-3144008.0
-2885164.0
-2973267.0
-2844424.0
-11551218.0
-2975377.0
-3060869.0
-2976649.0
-2935402.0
-3063278.0
-3065846.0
-2980957.0
-2982684.0
-2982375.0
-3026799.0
-3028494.0
-2981985.0
-2945091.0
-3029364.0
-2989449.0
-3077216.0
-3114091.0
-3077418.0
-3166185.0
-3122822.0
-2988319.0
-3123511.0
-3126636.0
-3126681.0
-2995460.0
-3085830.0
-2998936.0
-2956196.0
-3175966.0
-3044579.0
-3003506.0
-3308057.0
-3046503.0
-3089016.0
-3007254.0
-3137978.0
-3095936.0
-3140229.0
-3053043.0
-3229801.0
-3138702.0
-2926625.0
-3058248.0
-2884335.0
-3015020.0
-2970635.0
-3149040.0
-2975481.0
-3021349.0
-3066300.0
-3023235.0
-2936312.0
-12498762.0
-2893945.0
-2982179.0
-3114268.0
-2939354.0
-3072205.0
-3116947.0
-3031039.0
-2987216.0
-2943399.0
-3120892.0
-2947516.0
-2903727.0
-3035640.0
-2947863.0
-2992593.0
-3123018.0
-3085363.0
-3128690.0
-3173174.0
-3043796.0
-3039753.0
-3135208.0
-3089319.0
-3046577.0
-3050381.0
-2962473.0
-3006196.0
-12477795.0
-2877090.0
-3098544.0
-3099236.0
-3057891.0
-3059533.0
-3236577.0
-2971637.0
-3103366.0
-3103025.0
-3105801.0
-2928587.0
-3152145.0
-3019172.0
-2929806.0
-3064707.0
-3110061.0
-3158501.0
-3204130.0
-3028000.0
-2894515.0
-2985110.0
-3073511.0
-2987036.0
-3208055.0
-3120059.0
-3079062.0
-3169023.0
-3170453.0
-3080971.0
-2994368.0
-3082605.0
-3082547.0
-3173581.0
-2996280.0
-3043667.0
-3178368.0
-3044019.0
-3090718.0
-3091393.0
-3003106.0
-3002035.0
-2958929.0
-3093686.0
-3051640.0
-3097134.0
-3007917.0
-3006643.0
-3322343.0
-3232378.0
-3190790.0
-3101032.0
-3012565.0
-3146935.0
-3015632.0
-3106552.0
-3107089.0
-3062971.0
-3154166.0
-3109332.0
-2975636.0
-3382466.0
-3158775.0
-3158138.0
-3115602.0
-3024786.0
-3250546.0
-3162813.0
-3160319.0
-3164067.0
-2978951.0
-3030191.0
-3120239.0
-3166832.0
-3214854.0
-3306142.0
-3125407.0
-3215537.0
-3217828.0
-3081821.0
-3037920.0
-3128480.0
-2994096.0
-3132405.0
-3269865.0
-3086822.0
-2952696.0
-3133641.0
-3087218.0
-3137193.0
-3046768.0
-3134666.0
-3136584.0
-3230359.0
-3186591.0
-3142122.0
-3096570.0
-3189098.0
-3096671.0
-3099907.0
-3144259.0
-3011006.0
-3008442.0
-3056092.0
-3104420.0
-3106397.0
-3290238.0
-3062196.0
-3103972.0
-3016435.0
-3244681.0
-3155350.0
-3063454.0
-3200477.0
-3247683.0
-3111487.0
-3112603.0
-3024177.0
-3208218.0
-3210213.0
-3301189.0
-3027883.0
-3120728.0
-3212319.0
-3028965.0
-3169927.0
-3123110.0
-3264351.0
-3173423.0
-3128073.0
-3037266.0
-2898903.0
-3084192.0
-2991958.0
-3085892.0
-3224364.0
-3133391.0
-3224091.0
-3131275.0
-3040677.0
-2998241.0
-3184246.0
-3185227.0
-3089884.0
-3187304.0
-3184724.0
-3142280.0
-3005091.0
-3097407.0
-3051503.0
-3099096.0
-3100905.0
-3191511.0
-3148883.0
-3057064.0
-3010957.0
-3151225.0
-3147414.0
-3197581.0
-3153844.0
-3197453.0
-3156366.0
-3203920.0
-3060342.0
-3112659.0
-3114045.0
-3207554.0
-3115354.0
-3251752.0
-3116686.0
-3070431.0
-3260103.0
-3168435.0
-3122376.0
-3123044.0
-3310092.0
-12471537.0
-3217565.0
-3171732.0
-3219697.0
-3220725.0
-3219018.0
-3267872.0
-3221204.0
-3176431.0
-3132745.0
-3133394.0
-3179296.0
-3135856.0
-3276848.0
-3511180.0
-3275747.0
-3090415.0
-3045230.0
-3233700.0
-3235653.0
-3141590.0
-3377812.0
-3097004.0
-3191817.0
-3238631.0
-3193204.0
-3288833.0
-3379677.0
-3384022.0
-3150390.0
-3621786.0
-12963703.0
-3201084.0
-2966223.0
-3060816.0
-3296113.0
-3344201.0
-3062470.0
-3111377.0
-3301299.0
-3302009.0
-3113168.0
-3302436.0
-3162886.0
-3253060.0
-3353252.0
-3211247.0
-3212826.0
-3260593.0
-3262995.0
-3215523.0
-3216190.0
-3120182.0
-3170106.0
-3264327.0
-3218621.0
-3173479.0
-3080042.0
-3175157.0
-3126459.0
-3271185.0
-3270805.0
-3224411.0
-3131133.0
-3037264.0
-3320892.0
-3275408.0
-3324428.0
-3181469.0
-3278615.0
-12850652.0
-12709559.0
-3281338.0
-11950126.0
-3236022.0
-3141283.0
-2996218.0
-3141864.0
-3285871.0
-3382244.0
-3191813.0
-3097237.0
-3383938.0
-3290211.0
-3336777.0
-3194123.0
-3197318.0
-3197012.0
-3151364.0
-3343175.0
-3152649.0
-3345590.0
-3202584.0
-12342022.0
-3156540.0
-3249741.0
-3206481.0
-3111592.0
-3352389.0
-3161949.0
-3258317.0
-3259179.0
-3211195.0
-3068830.0
-3117591.0
-3310837.0
-3309938.0
-3313699.0
-3312952.0
-3412048.0
-3171513.0
-3362747.0
-3315531.0
-3224044.0
-3273559.0
-12934699.0
-3083363.0
-3128021.0
-3324009.0
-3325113.0
-3134247.0
-3181678.0
-3182995.0
-3279574.0
-3137748.0
-3379750.0
-3089508.0
-3236024.0
-3235601.0
-3188190.0
-3235997.0
-3336107.0
-3384424.0
-3434075.0
-3242851.0
-3389163.0
-3341240.0
-3433843.0
-3341496.0
-3245954.0
-3390588.0
-3247398.0
-3345532.0
-3393226.0
-3299129.0
-3445349.0
-3301299.0
-3250907.0
-3301719.0
-3205432.0
-3206610.0
-3303435.0
-3208472.0
-3208501.0
-3403685.0
-3208136.0
-3261209.0
-3260370.0
-3214891.0
-3164821.0
-3362996.0
-13217299.0
-3169805.0
-3169962.0
-3171305.0
-12195165.0
-3221997.0
-3366125.0
-3174384.0
-3419608.0
-3469855.0
-3275599.0
-3375219.0
-3226927.0
-3229964.0
-3377776.0
-3426555.0
-3085291.0
-3282110.0
-3284363.0
-11960445.0
-12795203.0
-3285866.0
-3187074.0
-3041935.0
-3289037.0
-3188393.0
-3239529.0
-3437677.0
-3191915.0
-3144847.0
-3243997.0
-3393696.0
-3247282.0
-3394732.0
-3250363.0
-3202169.0
-3202539.0
-3399286.0
-3301761.0
-3300309.0
-3452061.0
-3502317.0
-3158122.0
-3405881.0
-3159089.0
-3406194.0
-3309238.0
-3161972.0
-3555315.0
-3459988.0
-3312479.0
-3361933.0
-3212313.0
-3213707.0
-3216583.0
-3366378.0
-3466366.0
-3267928.0
-3318798.0
-3219907.0
-3073084.0
-3518007.0
-3468726.0
-3422999.0
-3224475.0
-3275746.0
-3473557.0
-3374597.0
-3327408.0
-3229505.0
-3328630.0
-3479196.0
-3280757.0
-3381397.0
-3382403.0
-3283828.0
-3281381.0
-3382976.0
-3386222.0
-3285175.0
-3289503.0
-3438733.0
-3490037.0
-3389310.0
-3389567.0
-3294526.0
-3542530.0
-3245205.0
-3346649.0
-3345905.0
-3296487.0
-3548546.0
-3399543.0
-3499595.0
-3200496.0
-3452282.0
-3201287.0
-3353264.0
-3505540.0
-3405867.0
-3455298.0
-3358702.0
-3560136.0
-3360358.0
-3511381.0
-3210493.0
-3259063.0
-3211247.0
-3364275.0
-12912598.0
-3213831.0
-3566607.0
-3314376.0
-3362950.0
-3317716.0
-3166708.0
-3166508.0
-3521637.0
-3472586.0
-3271312.0
-3272428.0
-3324222.0
-3374465.0
-3376322.0
-3376924.0
-3376718.0
-3479285.0
-3378905.0
-3380257.0
-3179455.0
-3382254.0
-3330825.0
-3232573.0
-3434998.0
-3384675.0
-3435553.0
-3387198.0
-3388823.0
-3186446.0
-3339055.0
-3339505.0
-3441347.0
-3493568.0
-3342601.0
-3241490.0
-3445534.0
-3494735.0
-3498458.0
-3397391.0
-3345273.0
-3347847.0
-3194091.0
-3294684.0
-3451400.0
-3350670.0
-3347468.0
-3604059.0
-3454322.0
-3452034.0
-3608773.0
-3508061.0
-3457364.0
-3407783.0
-3358097.0
-3409883.0
-3359533.0
-3612720.0
-3461390.0
-3361863.0
-3463391.0
-3564292.0
-3259193.0
-3518265.0
-3620598.0
-3468482.0
-3519621.0
-3367364.0
-3316906.0
-3674372.0
-3370242.0
-3370124.0
-3473055.0
-3268632.0
-3678739.0
-3526646.0
-3219184.0
-3273480.0
-3223146.0
-13018143.0
-3479516.0
-3479778.0
-3225334.0
-3329019.0
-13023400.0
-3536510.0
-3587455.0
-3744005.0
-3693291.0
-3285114.0
-3542248.0
-3286190.0
-3697904.0
-3388869.0
-3546027.0
-3341005.0
-3186024.0
-3443849.0
-3599509.0
-3394978.0
-3442409.0
-3346409.0
-3448997.0
-3348217.0
-3346637.0
-3502221.0
-3658797.0
-3605614.0
-13300703.0
-12579358.0
-3457222.0
-3302570.0
-3200937.0
-3615067.0
-3460605.0
-12790157.0
-3410549.0
-3358821.0
-3359560.0
-3360823.0
-3414122.0
-3621357.0
-3364073.0
-3313510.0
-3366947.0
-3315398.0
-3523065.0
-3470722.0
-3628096.0
-3263956.0
-11659948.0
-3631141.0
-3269582.0
-3374163.0
-12751392.0
-3323250.0
-3479564.0
-3427586.0
-3477511.0
-3430641.0
-3584081.0
-3587488.0
-3587976.0
-3538313.0
-3381997.0
-3539212.0
-3487843.0
-3436743.0
-3386411.0
-3278634.0
-3701482.0
-3388893.0
-3494500.0
-3337800.0
-3339502.0
-3601152.0
-3545818.0
-3498286.0
-3447090.0
-3760682.0
-3342473.0
-3606554.0
-3604565.0
-3346543.0
-3399046.0
-3399795.0
-3451523.0
-3454093.0
-3455450.0
-3352900.0
-3615684.0
-3353516.0
-3460157.0
-3564928.0
-3408488.0
-3409791.0
-3515119.0
-3515952.0
-3672025.0
-3463771.0
-3360550.0
-3674161.0
-3511886.0
-3730842.0
-3574121.0
-3417167.0
-3734912.0
-3525266.0
-12737575.0
-3418881.0
-3476379.0
-3424049.0
-3267163.0
-3425395.0
-3372920.0
-3585143.0
-3532792.0
-3481588.0
-3536254.0
-3590451.0
-3428978.0
-3432674.0
-3698431.0
-3645603.0
-3383921.0
-13278196.0
-3437524.0
-3385187.0
-3650860.0
-3386321.0
-3757140.0
-3653197.0
-13125241.0
-3602674.0
-3551062.0
-3498335.0
-3658364.0
-3394415.0
-3712182.0
-3396351.0
-3609203.0
-3343560.0
-3714517.0
-3558067.0
-3560178.0
-3666146.0
-3613064.0
-3404408.0
-3511523.0
-3616390.0
-3460662.0
-3514781.0
-3568400.0
-3675162.0
-3517828.0
-3518671.0
-3679198.0
-3466593.0
-3627747.0
-3412803.0
-3415924.0
-3521106.0
-12722736.0
-3631227.0
-3633350.0
-3473938.0
-3634830.0
-3635644.0
-3529255.0
-3530402.0
-3745529.0
-3532653.0
-3584997.0
-3587957.0
-3423020.0
-3589906.0
-3591512.0
-3749597.0
-3432026.0
-3697607.0
-3594068.0
-3595576.0
-3595091.0
-3649955.0
-3433059.0
-3490843.0
-13009377.0
-3277022.0
-3493421.0
-3441105.0
-3710047.0
-3657789.0
-3762517.0
-3606442.0
-3606193.0
-3660291.0
-3662229.0
-3931780.0
-3501855.0
-3715657.0
-3448542.0
-3611980.0
-3774793.0
-3613739.0
-3720066.0
-3343854.0
-3615004.0
-3560517.0
-3671810.0
-3563750.0
-3456124.0
-3726650.0
-3728284.0
-3566425.0
-3457211.0
-3513811.0
-3564981.0
-3461323.0
-3733243.0
-3572721.0
-3411758.0
-3466463.0
-3574565.0
-13575916.0
-3521956.0
-3576021.0
-3685539.0
-3517319.0
-3685632.0
-3798318.0
-3744879.0
-3420402.0
-3800003.0
-3693810.0
-3694697.0
-3641321.0
-3533178.0
-3642332.0
-3696898.0
-3643277.0
-3696695.0
-3698799.0
-3535994.0
-3700548.0
-3810866.0
-3593932.0
-3648252.0
-3649244.0
-3595829.0
-3814634.0
-3704006.0
-3706076.0
-3543761.0
-3706474.0
-3599406.0
-3545377.0
-3655041.0
-3653311.0
-3711420.0
-3439949.0
-3549649.0
-3549903.0
-3549713.0
-3715665.0
-3443460.0
-3607099.0
-3608380.0
-3773427.0
-3557111.0
-3557441.0
-3558826.0
-3341050.0
-3667631.0
-3451578.0
-3617595.0
-3398457.0
-3619098.0
-3507870.0
-3454446.0
-3675464.0
-3732240.0
-3732980.0
-3513747.0
-3953309.0
-3845393.0
-3516690.0
-3516601.0
-3627755.0
-3847879.0
-3628676.0
-3679065.0
-3631277.0
-13576459.0
-3575881.0
-3686754.0
-3688716.0
-3689177.0
-3744216.0
-3635414.0
-3581819.0
-3472741.0
-3693404.0
-3746535.0
-3641197.0
-3752069.0
-3643464.0
-3587513.0
-3590100.0
-3756483.0
-3756647.0
-3591469.0
-3538296.0
-3536024.0
-3705230.0
-3758216.0
-3706957.0
-12322819.0
-3760709.0
-3708729.0
-3544117.0
-3487969.0
-3599070.0
-3657293.0
-3821934.0
-3659573.0
-3604300.0
-3770505.0
-3716662.0
-3607431.0
-3719045.0
-3663685.0
-3609891.0
-3777247.0
-3778149.0
-3665866.0
-3500948.0
-3666894.0
-3446623.0
-3610183.0
-3556194.0
-3782111.0
-3836706.0
-3784760.0
-3619896.0
-3728055.0
-3790684.0
-3623115.0
-3735705.0
-3736749.0
-3680675.0
-3851086.0
-3627180.0
-3574465.0
-3797473.0
-3687485.0
-3800443.0
-3522145.0
-3578779.0
-4083008.0
-3748774.0
-3636351.0
-3806264.0
-3638090.0
-3975959.0
-3582077.0
-3809288.0
-3978118.0
-3698234.0
-3643594.0
-3810535.0
-3924848.0
-3645967.0
-3872715.0
-3761453.0
-3762141.0
-3931606.0
-3762459.0
-3594413.0
-3763194.0
-3706930.0
-3709716.0
-3766399.0
-3485678.0
-3823987.0
-3768023.0
-3936163.0
-3713205.0
-3709354.0
-3827239.0
-3657404.0
-3604030.0
-3715065.0
-3716678.0
-3941360.0
-3832664.0
-3831696.0
-3552831.0
-3722625.0
-3667008.0
-3949567.0
-3780100.0
-4064292.0
-3725921.0
-3897488.0
-3615447.0
-3673216.0
-3841391.0
-3899423.0
-3725835.0
-3846555.0
-3847499.0
-3848889.0
-3792721.0
-3903193.0
-3739674.0
-3683549.0
-3684915.0
-3853983.0
-13459376.0
-3739829.0
-3855387.0
-3572137.0
-3858073.0
-3632456.0
-3745784.0
-3803924.0
-3918787.0
-3691886.0
-3578304.0
-3919053.0
-3636448.0
-3864475.0
-3806947.0
-3867902.0
-3753396.0
-3699749.0
-3697088.0
-3871588.0
-3816816.0
-3646169.0
-3761280.0
-3705411.0
-3933607.0
-3646959.0
-3763866.0
-3934246.0
-3823396.0
-3765100.0
-3768545.0
-3655543.0
-3940632.0
-3769382.0
-3713497.0
-3774154.0
-3660440.0
-3947646.0
-3719874.0
-3892714.0
-3778778.0
-3722256.0
-3837515.0
-3779579.0
-3896119.0
-3783095.0
-3955764.0
-3497898.0
-3957774.0
-3958199.0
-3844775.0
-3730327.0
-3958332.0
-3788787.0
-3731880.0
-3790759.0
-3789636.0
-3732390.0
-3906384.0
-3851008.0
-3623547.0
-3969482.0
-3911674.0
-3910889.0
-3682115.0
-3969766.0
-3684819.0
-3973818.0
-3917025.0
-3802386.0
-3744505.0
-3861394.0
-3919749.0
-4036170.0
-3978763.0
-3633245.0
-4038080.0
-3924267.0
-3693179.0
-13347529.0
-3983424.0
-3696188.0
-4042835.0
-3869049.0
-3926619.0
-3985503.0
-3700616.0
-3931457.0
-3703079.0
-3819977.0
-13240227.0
-12836306.0
-3764169.0
-3823020.0
-3765416.0
-3707514.0
-3882195.0
-12550360.0
-3997932.0
-3826613.0
-3824159.0
-3768151.0
-12668204.0
-3886455.0
-3539563.0
-3888024.0
-3598736.0
-3890821.0
-4007660.0
-3775506.0
-3950465.0
-3835077.0
-4067940.0
-3951983.0
-3955799.0
-4015478.0
-3898991.0
-3725956.0
-3726449.0
-3785398.0
-4135133.0
-3960349.0
-13556325.0
-3614587.0
-3790299.0
-3964897.0
-3963854.0
-3968002.0
-3675656.0
-3852531.0
-3911540.0
-3911438.0
-3796094.0
-3738122.0
-3621455.0
-3856739.0
-4089617.0
-3915250.0
-3857924.0
-3976976.0
-3918427.0
-4093751.0
-3978415.0
-13744743.0
-3923342.0
-3924073.0
-3806116.0
-3984479.0
-3810048.0
-3809653.0
-3927865.0
-3928923.0
-3812539.0
-3984131.0
-3988168.0
-3931797.0
-3874677.0
-3875553.0
-4167301.0
-3875902.0
-3820007.0
-4170037.0
-4173208.0
-4058545.0
-3940207.0
-4060776.0
-4120583.0
-3826058.0
-3883960.0
-4005341.0
-4005569.0
-3946588.0
-4006541.0
-3948209.0
-4007990.0
-4007588.0
-4006055.0
-3832893.0
-3893033.0
-4009514.0
-3658815.0
-4073518.0
-3956195.0
-3838214.0
-3958577.0
-3957506.0
-3960031.0
-3842580.0
-4374138.0
-4080240.0
-4021515.0
-3961993.0
-3905387.0
-3904722.0
-3963991.0
-3966677.0
-3908381.0
-4205420.0
-3851105.0
-3911859.0
-3850606.0
-3971472.0
-4032175.0
-4032666.0
-3912290.0
-3857725.0
-3798907.0
-3799374.0
-3800587.0
-3919965.0
-3978671.0
-4335195.0
-4218644.0
-3864515.0
-4044371.0
-3986711.0
-3927734.0
-4048851.0
-13751701.0
-4167639.0
-3990468.0
-3929653.0
-3993093.0
-4110353.0
-3935489.0
-3876379.0
-4114445.0
-3937425.0
-4057237.0
-3820311.0
-4000185.0
-11908237.0
-3882107.0
-4119494.0
-3823509.0
-4243835.0
-13527941.0
-13048246.0
-4067031.0
-4007992.0
-3890734.0
-4009049.0
-4372236.0
-4013398.0
-4134270.0
-4074119.0
-4195999.0
-3835485.0
-4018415.0
-4139345.0
-4260388.0
-3959787.0
-3902138.0
-4022521.0
-4022909.0
-4205245.0
-4263409.0
-4025926.0
-3904840.0
-13125715.0
-4207050.0
-4211680.0
-4031431.0
-4092385.0
-4152435.0
-3972670.0
-3971776.0
-4155862.0
-4096305.0
-3736236.0
-3977642.0
-4157688.0
-3977236.0
-13798657.0
-4342503.0
-4222051.0
-3918591.0
-4043352.0
-3803185.0
-4045602.0
-4287940.0
-4107426.0
-4168589.0
-4168044.0
-4170220.0
-3928094.0
-4050419.0
-4051149.0
-4112131.0
-4357882.0
-4114506.0
-4056842.0
-4058178.0
-3998160.0
-13513613.0
-3998932.0
-3998651.0
-4059888.0
-4122473.0
-3941641.0
-4244002.0
-4124560.0
-4003666.0
-4303233.0
-4185941.0
-4187914.0
-4249169.0
-4128001.0
-4068647.0
-4129641.0
-3886860.0
-4129954.0
-3946344.0
-13159852.0
-4011936.0
-4072891.0
-3952159.0
-13223653.0
-4013721.0
-4016003.0
-4198787.0
-4014378.0
-4079094.0
-4200186.0
-4262827.0
-3959730.0
-3960057.0
-4263232.0
-4143684.0
-4146881.0
-3905568.0
-13783230.0
-4272773.0
-4026091.0
-4029738.0
-4154178.0
-13786942.0
-4155778.0
-4153620.0
-4340037.0
-12873126.0
-4341471.0
-4036259.0
-12752958.0
-3976489.0
-4344334.0
-4161996.0
-3917542.0
-12877896.0
-4225595.0
-4103756.0
-4347327.0
-13248002.0
-3858600.0
-4169523.0
-12390474.0
-4108341.0
-4106997.0
-3986609.0
-12514655.0
-3988089.0
-3803700.0
-4048894.0
-4051736.0
-4114123.0
-4174698.0
-4114695.0
-13808131.0
-4055738.0
-12826802.0
-4179804.0
-3995887.0
-4427049.0
-4058224.0
-3752612.0
-4183187.0
-3999666.0
-4308001.0
-4124931.0
-4064362.0
-4249370.0
-4313159.0
-4126641.0
-4129645.0
-4006459.0
-3883448.0
-4131611.0
-4069714.0
-4133272.0
-12529268.0
-4010888.0
-4197777.0
-13395427.0
-3946957.0
-4137683.0
-4015167.0
-4386947.0
-4139269.0
-4078579.0
-4329133.0
-3895325.0
-3958859.0
-4082989.0
-4084494.0
-4022048.0
-3961878.0
-4083448.0
-4335202.0
-4088435.0
-4147697.0
-4276343.0
-4029329.0
-3967532.0
-13596937.0
-3968876.0
-3906197.0
-4093798.0
-4031551.0
-4095672.0
-4593735.0
-4222251.0
-4284803.0
-4161754.0
-4162063.0
-4039564.0
-4350877.0
-4227930.0
-4228377.0
-4168352.0
-4042894.0
-3858094.0
-3980466.0
-4046858.0
-4109846.0
-4234941.0
-4175423.0
-4176095.0
-4299114.0
-4302856.0
-4364288.0
-4179442.0
-4366737.0
-4240966.0
-4182978.0
-4183941.0
-3997026.0
-13811022.0
-4185924.0
-13749190.0
-4249405.0
-4183559.0
-4185786.0
-4126021.0
-4128360.0
-4190390.0
-4003900.0
-4256437.0
-4193410.0
-4317144.0
-4192983.0
-4258302.0
-4323496.0
-4136101.0
-4010141.0
-4197419.0
-4139396.0
-4139256.0
-4265360.0
-4265034.0
-4141838.0
-4076431.0
-4330833.0
-4142146.0
-4204394.0
-4143158.0
-4331066.0
-4210165.0
-13267486.0
-4274536.0
-4084693.0
-4149644.0
-4211298.0
-4024293.0
-4024777.0
-4089127.0
-4150846.0
-3962466.0
-4277602.0
-4280980.0
-4217920.0
-13148792.0
-4156615.0
-4220333.0
-13842782.0
-4221317.0
-4349655.0
-4287159.0
-3972637.0
-4099745.0
-4160544.0
-4226992.0
-4101483.0
-4228145.0
-4353156.0
-4292942.0
-4229121.0
-4105313.0
-4166751.0
-4359190.0
-13854792.0
-4107841.0
-4298985.0
-4296142.0
-4553727.0
-4113191.0
-4301024.0
-4113797.0
-4432223.0
-4304775.0
-4433045.0
-4178420.0
-4245451.0
-4309365.0
-4247194.0
-4246260.0
-4312276.0
-13678874.0
-4185397.0
-4314102.0
-13490493.0
-4189244.0
-4126109.0
-4063918.0
-4191893.0
-4316417.0
-4129747.0
-4066907.0
-4194991.0
-4256131.0
-4575791.0
-4261239.0
-4389506.0
-4263335.0
-4264157.0
-4201759.0
-4389721.0
-4267302.0
-4204204.0
-4651800.0
-4396950.0
-4462239.0
-4144380.0
-4144990.0
-4271784.0
-4401521.0
-4466476.0
-4211459.0
-4340291.0
-4274716.0
-4086244.0
-4278809.0
-4088442.0
-4214995.0
-4407372.0
-4089479.0
-4281186.0
-4409394.0
-4411170.0
-4284016.0
-4093199.0
-4350270.0
-4349499.0
-4411665.0
-4415946.0
-4288594.0
-4674704.0
-13458693.0
-4227566.0
-4163766.0
-12882814.0
-4227634.0
-4037537.0
-4423405.0
-4166995.0
-4232043.0
-4297821.0
-4106128.0
-4427360.0
-4234359.0
-4236053.0
-4169828.0
-4105947.0
-4429834.0
-4497479.0
-4304547.0
-4371100.0
-4627679.0
-4114354.0
-4309530.0
-4182134.0
-4183850.0
-4442913.0
-4120501.0
-4378908.0
-4186310.0
-4121176.0
-4253354.0
-4382847.0
-12256819.0
-4317001.0
-3933687.0
-4321046.0
-4257589.0
-4514522.0
-14130319.0
-4388671.0
-4260431.0
-4195448.0
-4520766.0
-4391736.0
-4391600.0
-4263050.0
-4522865.0
-4265456.0
-4199096.0
-4136420.0
-4395926.0
-4202239.0
-4462631.0
-4138801.0
-4140099.0
-4335024.0
-4205659.0
-4594220.0
-4272532.0
-4469113.0
-4469295.0
-4340084.0
-4339613.0
-4406698.0
-4665297.0
-4214171.0
-4344693.0
-4281114.0
-4539889.0
-4347869.0
-13115889.0
-4479304.0
-4414897.0
-4350716.0
-4414637.0
-4353007.0
-4420147.0
-4482580.0
-4096954.0
-4487070.0
-4421195.0
-4229494.0
-4424591.0
-4555752.0
-4293904.0
-4362906.0
-4298778.0
-4491676.0
-4300342.0
-4300851.0
-4366510.0
-4498883.0
-14237905.0
-4304323.0
-13914523.0
-4632736.0
-4566032.0
-4111734.0
-4307853.0
-4439320.0
-14310208.0
-4442252.0
-4508754.0
-4116235.0
-4379029.0
-4246785.0
-4313578.0
-4247968.0
-4513042.0
-4250469.0
-4449034.0
-4382883.0
-4448129.0
-4384075.0
-4584313.0
-4322900.0
-4452118.0
-4389359.0
-4259480.0
-4520680.0
-4327657.0
-4458855.0
-4329041.0
-4526008.0
-4461883.0
-4658383.0
-4595084.0
-4201313.0
-4531912.0
-4269953.0
-4727732.0
-4534174.0
-4601381.0
-4402459.0
-14011862.0
-3946399.0
-4408190.0
-4210306.0
-4475346.0
-12633351.0
-4213377.0
-4277506.0
-4479215.0
-4676818.0
-4545809.0
-4677097.0
-4217838.0
-4416404.0
-4284695.0
-4417881.0
-13957139.0
-4419749.0
-4551746.0
-4290014.0
-4356951.0
-4159502.0
-4554410.0
-4491700.0
-4360476.0
-4427305.0
-4428023.0
-4627941.0
-4560794.0
-4563633.0
-4233522.0
-4497910.0
-4562456.0
-4301342.0
-4632739.0
-4369092.0
-13642979.0
-13775908.0
-4505203.0
-4570903.0
-4437379.0
-4504812.0
-4642912.0
-13251506.0
-14113318.0
-4579863.0
-4513614.0
-4447794.0
-4648079.0
-4253011.0
-4453045.0
-4319619.0
-4654271.0
-4587409.0
-4455299.0
-4391094.0
-4455179.0
-4392703.0
-4526290.0
-4525954.0
-4394640.0
-4594758.0
-4196749.0
-4329019.0
-4200108.0
-4467591.0
-4332066.0
-4332765.0
-4403990.0
-4469187.0
-4405891.0
-4605743.0
-4342402.0
-4675585.0
-4410402.0
-4610116.0
-4411458.0
-4679609.0
-4412325.0
-4480004.0
-4413082.0
-4548481.0
-4682687.0
-4547428.0
-4415217.0
-4417105.0
-4417230.0
-4348314.0
-4285554.0
-4755519.0
-4556655.0
-4758008.0
-4356253.0
-4490766.0
-4356998.0
-4494077.0
-4561858.0
-4495063.0
-4358663.0
-4360283.0
-4364007.0
-4698731.0
-4431225.0
-4566618.0
-4231902.0
-4565355.0
-4297968.0
-4635364.0
-4368624.0
-4303556.0
-4505269.0
-13901159.0
-4440287.0
-4505915.0
-4508367.0
-4708869.0
-12827365.0
-4510166.0
-4172348.0
-4510962.0
-4511432.0
-4581547.0
-4582213.0
-4313644.0
-4380960.0
-14113133.0
-4313245.0
-4451065.0
-4519346.0
-4251633.0
-13780023.0
-4522344.0
-4657775.0
-4387218.0
-4458069.0
-4525089.0
-4528019.0
-4393115.0
-4394001.0
-4460729.0
-4530163.0
-14126645.0
-4398159.0
-4466801.0
-4265162.0
-4536946.0
-4470644.0
-4673567.0
-4473484.0
-4609958.0
-4475003.0
-4405362.0
-4612385.0
-4477636.0
-4274875.0
-4546648.0
-12851241.0
-4473695.0
-4411793.0
-4550375.0
-4957561.0
-4483180.0
-4485261.0
-4418957.0
-4486506.0
-4487965.0
-4218291.0
-4558770.0
-4352686.0
-4423278.0
-4560295.0
-4288014.0
-4424735.0
-4289350.0
-14221877.0
-4427395.0
-4563257.0
-4564845.0
-4429807.0
-4499595.0
-4500239.0
-4702882.0
-4500679.0
-4911521.0
-4503325.0
-14162798.0
-4572699.0
-4298886.0
-4571959.0
-13141089.0
-4235941.0
-4575185.0
-4578377.0
-4647129.0
-4443440.0
-4374805.0
-4444317.0
-4513249.0
-4786587.0
-4446719.0
-14104240.0
-4446957.0
-4517963.0
-14382149.0
-4653712.0
-4656545.0
-4588687.0
-4520517.0
-4245034.0
-4591485.0
-4662034.0
-4457175.0
-4525151.0
-4733243.0
-4596642.0
-4457751.0
-4320952.0
-4529843.0
-4600214.0
-4531190.0
-4667885.0
-13914599.0
-4465029.0
-4740057.0
-4465461.0
-4397810.0
-4536607.0
-4399084.0
-13369200.0
-4745104.0
-4127497.0
-4402906.0
-4542073.0
-4538730.0
-4605728.0
-13924342.0
-4337698.0
-4541661.0
-4683010.0
-4476049.0
-4543063.0
-4616983.0
-4548539.0
-4756765.0
-4343616.0
-4550205.0
-4483272.0
-4414057.0
-4692393.0
-4623608.0
-4417799.0
-4556810.0
-4626868.0
-4558179.0
-4624384.0
-4628810.0
-4490658.0
-4353392.0
-4422733.0
-4423754.0
-4700718.0
-14080210.0
-12420912.0
-4494972.0
-4702329.0
-4635814.0
-4567695.0
-4707172.0
-4431386.0
-4359968.0
-4224862.0
-4639453.0
-5058165.0
-4643490.0
-4713224.0
-4507067.0
-4645782.0
-14022017.0
-4715848.0
-4716417.0
-4645444.0
-4719996.0
-4373703.0
-4790804.0
-4513303.0
-4655343.0
-4516938.0
-4655980.0
-4587322.0
-4450043.0
-4450677.0
-4521016.0
-4799911.0
-4244287.0
-4731881.0
-4733604.0
-13689645.0
-12785388.0
-4663608.0
-4666613.0
-4457294.0
-4388396.0
-4806700.0
-4598973.0
-4947690.0
-4463912.0
-4531125.0
-4465274.0
-4672989.0
-4674815.0
-14185295.0
-4744826.0
-13907140.0
-4467152.0
-4817905.0
-4538564.0
-4400167.0
-4401825.0
-4610925.0
-4328900.0
-4752209.0
-4544139.0
-4684786.0
-4682539.0
-4825570.0
-4544942.0
-4619060.0
-4547345.0
-4688370.0
-14620360.0
-4833097.0
-4763447.0
-14132733.0
-4552642.0
-4622639.0
-4621946.0
-4486348.0
-4696027.0
-4417516.0
-4698882.0
-4414421.0
-4489901.0
-4560957.0
-13227575.0
-4633017.0
-4564127.0
-4634692.0
-4424859.0
-13933731.0
-4565919.0
-4636387.0
-14074810.0
-4849169.0
-4708713.0
-4636609.0
-4568943.0
-4569684.0
-13232675.0
-4712063.0
-4644165.0
-4785880.0
-4574060.0
-4716896.0
-4786545.0
-4717960.0
-4437140.0
-4646795.0
-4578686.0
-4651116.0
-4934093.0
-4511324.0
-4864163.0
-4584331.0
-4726015.0
-4582803.0
-4656898.0
-4728533.0
-4658399.0
-4729994.0
-4873497.0
-14449537.0
-4591944.0
-4805351.0
-4662174.0
-4523321.0
-4876971.0
-4947749.0
-14312043.0
-4596614.0
-4456431.0
-4664606.0
-4812748.0
-4530874.0
-4531483.0
-4598805.0
-14461941.0
-4534453.0
-4747793.0
-4678229.0
-4819997.0
-4680251.0
-4467817.0
-4891471.0
-4612168.0
-4753616.0
-14471855.0
-14613585.0
-4969927.0
-4542629.0
-4898720.0
-4615947.0
-4617343.0
-4971696.0
-4619704.0
-4619144.0
-12843354.0
-4691819.0
-4691826.0
-4692734.0
-4623834.0
-4550045.0
-4625311.0
-4838717.0
-4698714.0
-13058862.0
-4627561.0
-4697845.0
-4701817.0
-4914868.0
-4489528.0
-13777009.0
-4775143.0
-4419799.0
-4920381.0
-4633623.0
-4708690.0
-4781092.0
-4494993.0
-4852894.0
-4710334.0
-4854547.0
-4641880.0
-4571050.0
-4714590.0
-4500976.0
-4787842.0
-4788543.0
-4787985.0
-5005185.0
-4718575.0
-4504469.0
-4648545.0
-5078458.0
-4651584.0
-14148592.0
-4796314.0
-5083177.0
-14369578.0
-5086067.0
-4872901.0
-4941726.0
-4874771.0
-4803003.0
-4732880.0
-4804881.0
-4663127.0
-4662434.0
-4952428.0
-4953200.0
-4735782.0
-4595132.0
-4667168.0
-4883500.0
-4597049.0
-4813318.0
-4813496.0
-4885796.0
-4815689.0
-4814328.0
-14170553.0
-4602114.0
-13596128.0
-4889780.0
-4603919.0
-4604120.0
-4676746.0
-4894192.0
-4751459.0
-4896445.0
-4898185.0
-4607449.0
-4899561.0
-4610926.0
-4824191.0
-4685843.0
-4615263.0
-4687744.0
-14183450.0
-4761048.0
-4545144.0
-4905418.0
-13464225.0
-4763638.0
-4547502.0
-4908566.0
-4765685.0
-13104550.0
-4763126.0
-4622453.0
-4693123.0
-4624532.0
-4623574.0
-4694761.0
-5060780.0
-4844336.0
-4625116.0
-4557249.0
-4558395.0
-4917838.0
-4848086.0
-4921228.0
-4924125.0
-4708021.0
-4778725.0
-4492514.0
-4709728.0
-4638932.0
-4784610.0
-4857449.0
-4858865.0
-4788163.0
-5151040.0
-4862356.0
-4716691.0
-4644937.0
-13557059.0
-4792974.0
-4356023.0
-4867198.0
-13414775.0
-4722855.0
-13560712.0
-4650410.0
-4580990.0
-4581284.0
-14290676.0
-4727112.0
-4654785.0
-5091416.0
-4802336.0
-4803447.0
-4949734.0
-14147865.0
-4878259.0
-5022817.0
-4806135.0
-4807797.0
-5027891.0
-4736434.0
-4882414.0
-4666162.0
-4957531.0
-4955474.0
-4814335.0
-4813720.0
-13282039.0
-5034963.0
-4890544.0
-13066348.0
-4527306.0
-4820105.0
-4820876.0
-14527869.0
-4967552.0
-4822945.0
-4823921.0
-14386405.0
-5044182.0
-5045465.0
-5120409.0
-4827657.0
-5121225.0
-5048461.0
-5049141.0
-4758814.0
-4759967.0
-13002281.0
-5054034.0
-4981587.0
-4689187.0
-4981534.0
-4690826.0
-5058484.0
-4913057.0
-13445713.0
-5058910.0
-4840993.0
-14474193.0
-14329064.0
-4696251.0
-4990604.0
-4696681.0
-4770981.0
-4843372.0
-4773227.0
-4921554.0
-14332468.0
-5429956.0
-14850265.0
-4629695.0
-5073710.0
-4705464.0
-5000068.0
-4634697.0
-4708508.0
-4856158.0
-4932055.0
-4933639.0
-4861862.0
-5082966.0
-4862126.0
-4935694.0
-4865329.0
-4866136.0
-4571801.0
-4867662.0
-5087245.0
-4868629.0
-4867963.0
-4719963.0
-5016882.0
-4945071.0
-4871961.0
-5017857.0
-4799129.0
-4943514.0
-5023501.0
-5171381.0
-5173937.0
-14361676.0
-5101171.0
-5175973.0
-4806441.0
-13476684.0
-4734222.0
-4882647.0
-4883136.0
-4882904.0
-5106223.0
-4661500.0
-5105290.0
-4811616.0
-5034049.0
-4815673.0
-4814627.0
-4964769.0
-12889734.0
-13556545.0
-4669070.0
-4888132.0
-5187562.0
-4893884.0
-5116367.0
-13709045.0
-4897076.0
-4522015.0
-5046414.0
-14454768.0
-4751331.0
-5049095.0
-4900837.0
-4977287.0
-4901655.0
-4829525.0
-5127738.0
-4904612.0
-13568464.0
-14238626.0
-13345552.0
-4686210.0
-4834689.0
-4688030.0
-5134014.0
-4837132.0
-5062956.0
-13126178.0
-4915199.0
-5063677.0
-4916301.0
-4992334.0
-5141111.0
-4844686.0
-5143330.0
-14173889.0
-4771907.0
-5220596.0
-5146639.0
-5520129.0
-4998446.0
-4775271.0
-4999797.0
-5001310.0
-5001212.0
-4851387.0
-4629429.0
-14107948.0
-4924415.0
-14556750.0
-4928247.0
-14483547.0
-4781646.0
-4709284.0
-4784278.0
-4711543.0
-4935618.0
-5012843.0
-5012851.0
-4864226.0
-5087438.0
-4863990.0
-5165930.0
-4867885.0
-4867806.0
-14269456.0
-14494379.0
-4945302.0
-5093794.0
-4872086.0
-5171629.0
-5022732.0
-5021940.0
-14724327.0
-5175142.0
-4501963.0
-5325473.0
-4952499.0
-4878514.0
-5254289.0
-5029305.0
-4802579.0
-4804717.0
-4729038.0
-4880466.0
-4957832.0
-5033906.0
-5106644.0
-5183672.0
-14810327.0
-5110444.0
-5036505.0
-4813673.0
-4964962.0
-5040677.0
-4890778.0
-4891404.0
-5117955.0
-5345304.0
-4893730.0
-5043882.0
-4969861.0
-13088622.0
-14445593.0
-5124155.0
-4747988.0
-4974187.0
-4748430.0
-5351582.0
-4900427.0
-4674979.0
-5203084.0
-4904747.0
-5131197.0
-4905264.0
-5058560.0
-5059014.0
-5057399.0
-4985813.0
-5138668.0
-5063527.0
-5290582.0
-5065946.0
-4909216.0
-5064756.0
-5371180.0
-4993776.0
-5297620.0
-14011803.0
-4997440.0
-13635222.0
-4999061.0
-4998238.0
-5152009.0
-4925580.0
-4698381.0
-4850560.0
-5002028.0
-5307377.0
-4853378.0
-5308818.0
-4855309.0
-5084041.0
-5008546.0
-5010113.0
-4857498.0
-5314878.0
-4783593.0
-5086558.0
-4861142.0
-5088138.0
-5088336.0
-4863451.0
-14710294.0
-12660165.0
-4941026.0
-14636162.0
-4943507.0
-4867389.0
-5172160.0
-4794539.0
-4870189.0
-5247900.0
-4872751.0
-5406248.0
-14721621.0
-4949486.0
-13884447.0
-5333550.0
-5179608.0
-5029532.0
-4875506.0
-5260164.0
-5184115.0
-5110561.0
-5261861.0
-5188385.0
-13049878.0
-4804417.0
-13740498.0
-5343765.0
-5268834.0
-4962416.0
-4734031.0
-4964279.0
-4964381.0
-5118739.0
-5044666.0
-4890444.0
-5122495.0
-5046796.0
-5124361.0
-5278084.0
-5277344.0
-4894858.0
-5049533.0
-5127213.0
-5587221.0
-5048317.0
-5358825.0
-4900729.0
-5206672.0
-5131691.0
-5132793.0
-5208756.0
-4981256.0
-5365410.0
-4981489.0
-5443014.0
-4906505.0
-4985018.0
-4831832.0
-5139372.0
-4986486.0
-4910729.0
-5065186.0
-5064584.0
-5065997.0
-5297404.0
-4911509.0
-5145246.0
-5223582.0
-4993157.0
-4684923.0
-4762279.0
-5225508.0
-4994644.0
-14228629.0
-5228559.0
-4998923.0
-5152404.0
-14077024.0
-5000973.0
-5155179.0
-5233598.0
-5310450.0
-5157388.0
-5236033.0
-5005754.0
-5236433.0
-5158670.0
-5161710.0
-5238961.0
-14700874.0
-4932523.0
-5319266.0
-5089785.0
-4859520.0
-5168872.0
-5091373.0
-5016402.0
-5246998.0
-4864046.0
-5095691.0
-5020125.0
-5173712.0
-5330697.0
-5177085.0
-5177877.0
-5022468.0
-5103566.0
-5336253.0
-13636019.0
-13481428.0
-5107183.0
-5340055.0
-5031620.0
-5187481.0
-5187971.0
-5111810.0
-5343965.0
-5190995.0
-5036265.0
-12635093.0
-5193369.0
-5039467.0
-5272703.0
-5272843.0
-5197175.0
-4964481.0
-5197118.0
-5430849.0
-4968118.0
-5279579.0
-5358601.0
-5359348.0
-5283063.0
-15205799.0
-5206944.0
-5443171.0
-13266063.0
-4744586.0
-5287339.0
-5444653.0
-5444053.0
-5213843.0
-14670242.0
-5057780.0
-4980857.0
-5214137.0
-13192148.0
-4984751.0
-5139549.0
-5375601.0
-5295615.0
-5377560.0
-5064648.0
-5223028.0
-5689935.0
-5225349.0
-5459797.0
-5383183.0
-5224276.0
-5150491.0
-5228656.0
-5229933.0
-5148444.0
-5382872.0
-5072547.0
-5074506.0
-5390533.0
-5155821.0
-14922530.0
-5079627.0
-5078363.0
-5315699.0
-5003924.0
-5161278.0
-5553257.0
-5083811.0
-5315867.0
-5242862.0
-5478763.0
-5401739.0
-5481676.0
-5558069.0
-5325952.0
-13603022.0
-5482502.0
-5406306.0
-5016023.0
-5330798.0
-5017244.0
-5329671.0
-5176986.0
-5177095.0
-5413762.0
-5257559.0
-5336758.0
-5494482.0
-5180844.0
-5414442.0
-5496630.0
-5262545.0
-5184572.0
-4872670.0
-5029415.0
-5342257.0
-5268356.0
-5266885.0
-5505502.0
-5192101.0
-5189973.0
-5272809.0
-5351235.0
-5273597.0
-5195427.0
-5507188.0
-5356306.0
-5120143.0
-5279700.0
-5436427.0
-5436303.0
-5439075.0
-5359551.0
-5205641.0
-5047646.0
-5442124.0
-5364938.0
-5130389.0
-5447971.0
-5287191.0
-5290615.0
-5371429.0
-5293133.0
-5372339.0
-5214390.0
-5137055.0
-5217758.0
-5295158.0
-5219788.0
-14192328.0
-5379314.0
-5457780.0
-5302117.0
-5066792.0
-5462330.0
-5227171.0
-5303755.0
-5148646.0
-5228740.0
-5306508.0
-5386515.0
-5390390.0
-5308335.0
-5472161.0
-5075974.0
-5235568.0
-5157540.0
-5395611.0
-5395368.0
-5315334.0
-5238151.0
-5319611.0
-5239721.0
-5003450.0
-5243074.0
-5481890.0
-5323614.0
-5245534.0
-5483203.0
-5324263.0
-5008257.0
-5405541.0
-5249268.0
-5251271.0
-5171730.0
-5333281.0
-5567325.0
-5334263.0
-5653834.0
-5335609.0
-5417042.0
-5337950.0
-15259504.0
-5177607.0
-5099972.0
-5340574.0
-5022734.0
-5421281.0
-5264178.0
-5504168.0
-5346166.0
-5347423.0
-5266290.0
-5348587.0
-4948520.0
-14870445.0
-5107254.0
-5509841.0
-5032901.0
-5831871.0
-5352875.0
-5274373.0
-5434553.0
-5435902.0
-5436901.0
-5117197.0
-14799359.0
-5200183.0
-5441435.0
-5441667.0
-5282395.0
-5122688.0
-5443150.0
-13923158.0
-5283588.0
-5527800.0
-5529184.0
-5209025.0
-5290187.0
-14089285.0
-5450800.0
-5373260.0
-14331135.0
-5454388.0
-5373106.0
-5455884.0
-5376564.0
-5377240.0
-5453544.0
-5217372.0
-5297366.0
-5300846.0
-5462244.0
-5623246.0
-5381108.0
-5543826.0
-5141037.0
-5224356.0
-5465530.0
-5306713.0
-5146785.0
-5225729.0
-5468864.0
-5391205.0
-5311987.0
-14507084.0
-5472420.0
-5474344.0
-5634458.0
-5235544.0
-5396029.0
-5154654.0
-5157523.0
-5319234.0
-5158821.0
-5642870.0
-5239846.0
-5321267.0
-5322331.0
-5242554.0
-5647934.0
-13227375.0
-5326426.0
-5486615.0
-5893645.0
-5567994.0
-5330382.0
-5653878.0
-15494119.0
-5171261.0
-5333701.0
-5818338.0
-12263616.0
-5497459.0
-5257410.0
-14448412.0
-5744029.0
-5260716.0
-5503646.0
-5505057.0
-5504090.0
-5425921.0
-5426706.0
-5265387.0
-5427134.0
-5508969.0
-5186632.0
-5183312.0
-5349858.0
-5428547.0
-5349332.0
-14216632.0
-5515395.0
-13975283.0
-5191060.0
-5353425.0
-5356537.0
-5438739.0
-5357461.0
-5762590.0
-5440515.0
-5278203.0
-5441830.0
-5605106.0
-5199062.0
-5687409.0
-5443792.0
-5442775.0
-5446845.0
-14065800.0
-5367415.0
-5774469.0
-5206993.0
-5207883.0
-5614255.0
-5371440.0
-5291556.0
-5371093.0
-5618836.0
-5213957.0
-15295534.0
-5215732.0
-5216565.0
-5298496.0
-5380068.0
-14811593.0
-5544709.0
-5465623.0
-14732076.0
-5221066.0
-5466582.0
-5876956.0
-5469466.0
-5143671.0
-5468313.0
-5224487.0
-5634973.0
-14493264.0
-5473995.0
-5475714.0
-5394661.0
-5477609.0
-5560522.0
-5561657.0
-13597218.0
-5154558.0
-14007795.0
-5319079.0
-5482819.0
-5479525.0
-5485038.0
-5158461.0
-14994090.0
-5486597.0
-5570000.0
-5242052.0
-5326131.0
-5326685.0
-5572793.0
-5324662.0
-5083135.0
-5082720.0
-5493558.0
-5330786.0
-5577061.0
-5413273.0
-5247659.0
-5825619.0
-5578893.0
-5253919.0
-5501421.0
-14189236.0
-13368348.0
-5585715.0
-5505317.0
-13205227.0
-5506345.0
-14355127.0
-14275413.0
-5426688.0
-15345430.0
-14852743.0
-5588528.0
-5512876.0
-5348077.0
-5761228.0
-5513060.0
-5597700.0
-5433922.0
-5599203.0
-5269879.0
-5518942.0
-5272838.0
-5520175.0
-5768420.0
-5356709.0
-5603784.0
-5275374.0
-5359065.0
-5605592.0
-5442779.0
-5277977.0
-5692659.0
-5445537.0
-5199078.0
-5611986.0
-5448217.0
-5281781.0
-5532429.0
-5534326.0
-13470194.0
-5452393.0
-5454423.0
-5289141.0
-14215750.0
-5370628.0
-5373322.0
-5621734.0
-14465539.0
-5375220.0
-5375993.0
-5294180.0
-5533015.0
-5707134.0
-5462048.0
-5214824.0
-5546704.0
-5630073.0
-14968581.0
-5548837.0
-5714054.0
-5466203.0
-5548530.0
-5553037.0
-5552559.0
-6135086.0
-5720784.0
-5639039.0
-5472947.0
-5474911.0
-5641831.0
-5641368.0
-5559576.0
