-119.5056611667527
-111.92616203911479
-101.54593753856751
-101.40817801620227
-114.05156616503328
-94.84540695694352
-136.48922151427797
-116.74675200036025
-91.58523809630884
-100.6633321189541
-139.09904556730757
-91.35889207193826
-113.35943735478706
-90.59384601556414
-93.36565758944168
-78.10147089554806
-98.93275842327691
-120.02909751568262
-92.29250327971789
-88.05593557586977
-90.65435628826167
-91.52733667637744
-92.24090145627213
-89.51575147841686
-92.5237856443189
-88.54934336823733
-86.64879866635385
-91.64594309571987
-83.66732070122194
-86.74514441191357
-90.1539957107798
-90.79577078488407
-89.91441600641187
-88.71362400385544
-86.22142636355252
-90.2247524788752
-91.6345963452429
-93.39251802964716
-86.20036766693181
-91.1762584412869
-88.93849644186331
-93.33812878378774
-96.83234008983891
-93.93758899011375
-92.25057277644895
-94.99492762283538
-98.26283663904081
-100.58001552635676
-95.1132836036955
-90.30270572282339
-90.46476750757564
-89.33331350442812
-99.31183419655824
-106.55471462688031
-105.77034793076972
-105.0792372060049
-105.04221520944434
-107.91557340826476
-104.96218348281269
-103.002055280026
-96.63230096435613
-105.41296213397597
-95.59867622001663
-90.32826817781834
-86.24764765646549
-88.40554670288175
-85.03362747918258
-82.00152935079618
-86.21925267132508
-85.58211788537767
-84.02206023313897
-83.53383412273516
-80.28760304363367
-87.4895598501247
-82.74661741057675
-85.48519610967817
-93.99344900617503
-94.03128559503958
-90.7372923040242
-97.49156426378005
-91.0165642855677
-91.4107235067756
-97.91826020009087
-92.09919751987263
-97.71490825842704
-97.3035444484544
-79.90421775825844
-99.32809185340952
-88.44286407639632
-104.58642270851598
-98.2752501056836
-119.77053240197044
-109.97060465319466
-95.16126936020396
-91.02872187928693
-90.6137400676791
-96.16356355076881
-102.169593534579
-94.2145359249596
-104.97032438492283
-98.06809268915772
-109.40774008435793
-99.24000316523372
-102.66464700195081
-99.86032052307455
-102.59118082598604
-102.72472601024354
-110.60420844302074
-92.42020191335592
-104.04281473344211
-117.26236288647956
-105.65778822640198
-101.4434904227241
-108.6767943137105
-110.32795545278594
-89.46126118264371
-96.80372782969452
-96.24641568806767
-98.51681051556265
-102.79127700664566
-100.31669581362672
-91.50958049380952
-87.58255273518346
-100.18808520405992
-97.86995899110846
-98.48900091746933
-89.20111862318659
-88.04611678418674
-93.28171490136803
-91.32060695003315
-86.30527813532842
-92.69697608681129
-115.77132574581279
-98.49386367559167
-87.31169645820836
-103.31950510776494
-100.29431053298603
-106.88557997593713
-121.90653985868352
-135.73665436684897
-103.64628486507776
-128.015981090568
-150.59021268812276
-151.12144095198545
-141.59612295293175
-134.04689150780058
-118.9326388751854
-97.69106554947773
-121.27172909955274
-97.30379524769434
-104.06306483037496
-98.02191454806783
-103.86952691884123
-91.83434445849049
-99.27772337276852
-88.4298676274641
-125.96173939537404
-110.0014338145922
-98.00507213008106
-107.25783753440913
-97.02977589493867
-98.86979192355754
-101.74292548212392
-96.9537600243741
-89.36413467492707
-100.81255488474767
-89.42838445834123
-84.57109576198488
-91.13428731156561
-85.43434439999776
-81.85667288647318
-89.05775696753932
-85.94901311441389
-87.95054119324817
-80.04356224815456
-86.40737880536602
-94.73770697312062
-96.1928509393307
-95.13222449946913
-96.62397313445626
-104.8105209612604
-97.2884366517043
-91.54056987772822
-99.76972455078626
-86.55417612293104
-97.12243253217356
-116.82073936359036
-111.6864629028497
-79.35707601330562
-94.7767632023899
-115.48096870468888
-98.93803854143256
-106.30901630033416
-93.78930988964915
-84.2914034382623
-104.17555726652009
-109.03122141999884
-94.83109299799106
-91.089816296933
-85.5032348374296
-82.29791578458224
-94.74082878535444
-94.86317263693257
-102.67916795711662
-91.01770408385026
-84.72062101858273
-99.30942560118991
-90.00794149225648
-95.36682866239273
-95.08636403026419
-79.28870424072043
-102.24965903694905
-79.35363174470419
-85.51180129994148
-87.98921280567677
-87.23874828320058
-75.36855704446027
-82.43445078383525
-77.34841206964646
-80.47917525997718
-86.37154805505443
-84.86682072419096
-77.94719249311972
-74.42933229235709
-76.88418735027005
-78.50658132041082
-90.4605889777676
-93.14214442632955
-78.9785358335031
-89.57990861393026
-85.56647636498968
-88.65931603743516
-96.26283999477752
-78.32876567382941
-88.30855507515759
-75.54815158377717
-73.34074202266481
-72.91713076453017
-76.39724044646275
-92.02056185092253
-73.23319378833146
-76.67770601345005
-76.78808242699961
-71.07545603384527
-80.98795564356163
-79.50439989808062
-77.28032358142117
-71.49659157514657
-65.39450520608241
-81.05803303771859
-70.36208043695528
-66.61830295480668
-77.50999844072197
-76.14744326245601
-78.07324543097221
-82.40485193951639
-79.77432120420005
-78.66780286089272
-77.72652488873894
-68.08519037049344
-69.30340793043682
-73.47751158893374
-71.57988110739977
-77.95658227791884
-67.63611866819791
-72.74729742628226
-69.53418154282389
-70.58715147298034
-76.30889410593734
-70.85368994250274
-70.85805940363288
-80.24526969394559
-81.03442182078375
-75.11114083377944
-76.83727709543601
-74.83709362596481
-76.77804313838685
-71.45849233231951
-68.42023166087533
-89.30738970196053
-78.88291149036223
-74.41377925178759
-74.87983931143859
-73.03934771165868
-82.89046886706865
-86.0351716770926
-83.24695253147208
-83.77337330724367
-77.15831571333274
-71.7975917661383
-65.50875697936135
-79.34529666731613
-65.85012569553447
-75.86601676670081
-65.75289991391952
-58.65397586620362
-58.448670026340025
-77.17513505240912
-65.26768552610987
-69.39683435013035
-62.20662221554741
-62.572466493930236
-64.53648480100087
-66.36059565137184
-57.68322326133505
-71.0430186824694
-70.46748645161034
-64.66016716052539
-68.01899958209292
-74.4208940903691
-73.1938394078715
-66.64219852918625
-74.49362942354442
-70.39069943564458
-67.62306632836994
-72.68182336307935
-73.86113018991547
-60.26563963780549
-62.653641894372434
-67.30713559027717
-70.01917217063892
-98.60461059986764
-64.80712235946552
-60.92733819253325
-64.63958019673402
-71.67459449632508
-66.22826445198548
-81.6964621581626
-73.07562439856291
-67.37120201907692
-69.3974194816717
-64.86918734949037
-65.33487113959606
-66.0182574072606
-73.50418569346712
-66.04183466614698
-64.69046777350871
-63.67523234940025
-71.62031066758829
-70.97782784925064
-68.00742995349303
-65.07847386797461
-66.93506106077582
-68.22464217755186
-74.04675710927546
-67.70646182979574
-62.97003020993353
-70.60634266985521
-67.25007445616461
-69.42507529430252
-85.46937828827768
-72.98478296019645
-62.50823310530424
-65.5757616418808
-63.82164437268243
-67.86404381534896
-70.96054843592067
-69.01949200049322
-81.65078750767354
-72.21426005888203
-76.71180900389325
-70.00524858472708
-80.89864322768354
-72.58566145112027
-73.0905479943482
-74.75262236114958
-70.58844060177404
-75.23591878055562
-74.13027455182859
-80.82162486751561
-69.38551035787187
-75.88694812542043
-65.98277192642337
-65.39031001990836
-60.04998125926852
-60.322048843791805
-66.96539970024007
-70.26430064487218
-70.5561983556753
-65.24907996809763
-70.91579469931068
-64.09629597282856
-64.34340936516206
-62.854377641015994
-72.28897041853196
-66.65017589751648
-61.877147776297384
-60.74937706211933
-63.50579393824428
-57.874221252004176
-59.57859356091103
-61.40350804452393
-63.97557773464206
-58.62117871670604
-59.67842389659251
-61.01861500257171
-57.22811301647155
-57.41811289516679
-56.84002443072747
-60.9834047156334
-65.14363576906045
-52.664179699780384
-57.39152498390769
-62.83880021124381
-62.58822532972521
-61.87620512872752
-59.66125386069719
-58.53470577515912
-58.11070898409376
-68.78948073937343
-61.257508791871054
-57.93177963738628
-68.2516398258562
-57.74560450602376
-63.00156802827334
-70.25573691312552
-71.25411535339052
-73.93301243734199
-76.7573259703484
-66.57270476347432
-57.422510462513294
-60.59334056987565
-59.245088084483875
-67.81597055849092
-74.85102088959341
-63.15644045463416
-56.10978858602843
-59.886165655417535
-59.50510870912401
-61.05432269634676
-54.579113153000876
-71.82141572061465
-63.60852932729823
-53.90734146791767
-57.14815488678229
-65.38166281845061
-59.61228779809513
-52.871653489637595
-63.030502571677516
-55.21519480563283
-52.47392371032476
-60.33825881631994
-56.186057797268674
-58.3214597519989
-55.389334882370015
-59.88214850219888
-58.78420316252607
-59.14423259523813
-55.369558298615466
-59.01485052439635
-61.25202950148907
-61.41262048998995
-55.50796398144203
-61.32407889461783
-52.79674421648732
-51.63848206327552
-49.893824798445
-57.079487008065314
-58.88670739956174
-48.68403467662621
-55.80359043046844
-51.04833668917282
-60.23951364305469
-56.077920326304366
-53.29752285253314
-60.73944945953042
-53.1181157484692
-60.65033834141388
-50.48220720613962
-57.95011686808634
-61.727192946071504
-61.84350676615475
-54.23114603718712
-77.81290413316407
-51.78599889959256
-55.55974030520919
-59.39071424122858
-66.92940955791465
-53.31254978983228
-78.19945570969988
-63.555259784176286
-64.66960269054425
-53.69851758255179
-53.55000044425394
-52.72302785155727
-60.00924437974214
-58.1149516515777
-51.1016219485969
-54.98046802277486
-53.00260126539573
-56.08281211387928
-52.137203437422606
-52.681926028452764
-64.19637601707957
-58.98007470828534
-59.8547345261689
-64.07351082371807
-61.117110473240906
-58.271583938171
-57.250616899850755
-55.93839803321672
-55.14512096094967
-61.7560807550618
-60.61703138492946
-58.35333395168431
-62.33840212846159
-64.67800303471692
-63.524155050931064
-68.294718355538
-64.74337373649762
-57.719347118649424
-61.437439722533355
-76.13819917557622
-69.62666242341258
-76.16005390028741
-68.83053285114107
-84.71391124597788
-62.14992165329765
-62.08759685223119
-64.53038433297957
-60.31361280222744
-59.58409179147634
-58.66931441126486
-62.06354115969684
-45.87387771580524
-61.165751830675106
-58.15727160692473
-63.36352384003195
-69.34230942465902
-54.94609921838019
-55.08226003517692
-47.594492063886236
-63.925059461114884
-61.66060073347164
-61.53018568918557
-60.10930528370353
-54.05263780853786
-54.689088317874926
-60.04829365252363
-59.32873396125817
-56.22330203174126
-50.296464107470584
-53.69607671155892
-53.56577072082246
-63.29113379639629
-55.15235274913668
-64.64469704759264
-60.26317130044314
-56.14347599460947
-55.97975039959094
-58.96380439897884
-63.023774628354566
-56.3853135988575
-54.47115036202003
-57.52234340754823
-55.92624860713481
-55.82454264055492
-51.94080475356599
-55.1934355269349
-50.381900934550714
-53.39833821084249
-51.69283883254184
-55.440432502691195
-56.6588380833739
-57.28732572898482
-53.80321334139854
-52.05535035956091
-47.082348379673334
-58.4525659293213
-53.83289674740794
-64.92439628496706
-51.929388634365104
-57.7610553145271
-52.91610801086126
-54.62495438979904
-78.17384405827424
-54.70509660790752
-56.22861634164707
-49.93372941727149
-50.48562636653965
-53.75378310332436
-50.85688513769065
-52.83027173357263
-57.85666669156112
-57.22115390120767
-53.22240017258912
-51.81686716319978
-65.27299848934442
-60.09694728811704
-60.59980855493237
-52.025362288008395
-62.73654911402945
-62.556721067695605
-58.933978023401245
-61.53007684688895
-67.89054385799153
-63.30708296516288
-58.86919842236905
-79.51091329920756
-53.44646169496529
-61.083471202091296
