-116.35770326919449
-160.77772412196896
-162.34476468862937
-168.602762786817
-151.73985906310014
-147.49617258601938
-133.40437844952444
-137.4525435711232
-140.31821580633164
-132.824155844448
-133.44833916462272
-127.50247155371791
-132.2897347767584
-160.03024172879714
-129.82380822224164
-122.34547479194022
-112.68992083633445
-132.87407212953013
-126.20643470740258
-113.2205100709878
-108.29583744216772
-121.7046003635171
-114.70698738864728
-113.53067282896887
-112.80995247122696
-100.7798646604718
-106.27663472679156
-100.61254770699317
-97.62434394288712
-102.82800713582564
-104.60150148151735
-111.83817291499005
-113.96082540151227
-106.78471746475016
-111.33739748739356
-116.65024175585226
-124.27546489437366
-121.53731571071866
-116.35966404350867
-112.29775744281221
-108.31143788620471
-113.60584474523925
-114.37764423423779
-107.90604350462084
-108.08588226628424
-109.65026502017933
-109.8135567191838
-97.65190391353119
-98.29259109950793
-102.50073430918616
-99.22488046730258
-103.16460628908779
-103.17066276206067
-116.84333732008012
-121.30116493842475
-129.8356173240185
-124.10581620618711
-139.72268052234617
-133.11373603119463
-149.17007597609978
-147.81359025653924
-154.85474108068902
-107.17767678820155
-135.94952502514928
-96.55449158577038
-86.49256701290393
-87.43264583296117
-94.51518746889894
-91.67182171638761
-93.17634813494524
-96.5762389493337
-101.27663969347232
-100.82886176604535
-100.66862149799678
-100.23230702489002
-104.59055744078948
-99.83010765119695
-88.77220955748014
-96.84860754985196
-87.33630913309172
-93.94323187947792
-92.61424946577606
-88.82850680369438
-88.3125340312431
-90.40960942084033
-86.75890292333317
-86.41786615831047
-85.34630822392951
-89.50236125373672
-96.99000382711354
-87.96401955849998
-89.0450697823309
-93.87997581980854
-99.61265184334617
-97.88749736201302
-104.62352415855686
-111.0058867982624
-102.72965164200754
-104.98494935715428
-104.13828739380607
-94.02861662822065
-87.25537777006355
-91.56727532394824
-90.48171084747509
-102.13678205793842
-99.05836385437193
-102.27639004790586
-99.05265360774375
-104.27128426007592
-100.1157469644883
-101.16408121903311
-98.01218399486544
-103.95592624885427
-102.53986948375832
-101.85427116823155
-98.47310757204355
-101.13073490757135
-98.3690632322752
-102.71799575045239
-93.9703287707717
-105.30995294293392
-96.94480752245065
-98.23814236571151
-88.12483538960826
-88.15668666561028
-96.06684431687229
-100.70699916238442
-97.97849004049387
-106.254071543307
-110.75001732116617
-112.4443128810586
-101.49838222699113
-88.76167451875558
-93.61193385416149
-100.9658995942097
-97.31720066407513
-99.1075506085596
-94.35353587100953
-94.48544538830463
-100.13018640283724
-113.6843641893522
-123.0642334097451
-114.18274219965478
-105.86549360700901
-118.99237575806997
-114.78375037104466
-104.90530495684405
-109.82463951304531
-107.954947644161
-124.5796820496946
-116.26124444641323
-99.03526543432318
-122.11381476158289
-116.54768152831528
-121.05317772241328
-107.99241567837883
-99.17597244552663
-116.86085882703891
-95.5033820000572
-106.41771351545208
-99.87749613520354
-104.99185640126032
-98.68280038627307
-115.72941186419068
-79.75177847773205
-80.50542231679327
-105.96573919391618
-115.01522411256543
-132.05464728221943
-119.57165856595864
-108.16863996345636
-97.06209116739186
-80.03428155741167
-88.73930205251625
-83.6978304967212
-100.04586812327965
-91.28774092036758
-83.8282419227683
-83.38570277821209
-85.23360930553885
-88.16332498690363
-136.47892958357
-86.7636324362248
-88.80182821478327
-89.70091835703141
-128.59212626274882
-124.76089278806431
-97.51387252523473
-81.89323889004184
-96.05751594595976
-87.5272839003512
-129.14546906320132
-121.38544428377807
-106.01229018156315
-94.44667517866877
-86.0288380839954
-102.32546885749147
-93.5537396023758
-86.09128004688505
-78.90538656048503
-87.81032622951558
-93.82123906364896
-96.41913562970515
-88.88146379879926
-90.72683699824051
-108.36388142508662
-97.93004673279606
-83.73548230759663
-87.90225815524178
-76.39548090705215
-77.65811248997527
-90.86062831813102
-88.67955600360308
-93.82261189024642
-87.06211455222136
-90.66152176270386
-84.05691230263608
-107.79671316847201
-101.97735542525926
-100.40438044219805
-89.28052939810995
-82.13676959399211
-91.21851131637007
-94.23395129472088
-91.94991574765876
-109.07364798250879
-94.29972797760853
-86.6610130664569
-135.85495177444602
-101.18063787831991
-90.13769008151061
-104.23727678730482
-104.49476309366436
-91.60552911676143
-98.74691608125777
-93.58325828000659
-87.88918262877655
-117.04004550887973
-114.29648194083698
-124.31358892463186
-138.56042331759534
-117.88283597227417
-109.98442372196014
-114.07591800114815
-108.1036295241467
-98.21156070547826
-94.32210885897894
-85.62111194386912
-90.70756832316867
-86.08691059387483
-88.02777718319619
-93.28573201030837
-87.05936101389372
-87.51531033484953
-90.99999238083548
-91.41856121475364
-88.2675134423317
-84.89898385073927
-94.86708412872889
-103.55867852153172
-111.09724615484386
-104.11231097857397
-106.32694957374933
-100.84410254706202
-105.74877416898315
-115.11782878039715
-114.94511570747575
-116.35688253591445
-100.96148042394799
-100.98652417977287
-99.5082766955491
-99.64679640599772
-95.08618449547085
-87.28143532364726
-90.89499092992068
-89.48330704046147
-85.8695252212066
-86.49850938118969
-86.61641266262603
-84.0395015992778
-82.69679172586802
-90.28640600896549
-89.56543102320153
-90.58446308480046
-89.83129362937214
-93.17704764783346
-87.78622857432318
-88.08392263125157
-95.799825791778
-96.41788594267315
-86.3242467005097
-85.04354013691442
-84.72709424105302
-85.44601636118215
-87.07714381048324
-89.06422488386615
-90.92760321218219
-93.8749166374882
-93.25185187059273
-88.1256813649595
-89.79698564274983
-90.55489369968764
-94.85582958016681
-88.41818744854298
-76.53950098829755
-75.63620661892296
-90.4268345939723
-85.96192186214756
-78.74218054719864
-71.8411073794712
-74.86167626458553
-75.47303073915788
-71.26893893063753
-73.13467484715929
-73.4421779488445
-89.72387444840827
-71.51552759870513
-73.24695972013681
-76.25848510200875
-74.99334970984644
-79.32527960289066
-73.6553308341086
-77.7909636211513
-79.11211496627202
-73.52082161740559
-71.92588876424178
-76.40180412832576
-74.6367487436264
-74.88376927569969
-71.79596478378274
-72.91609942221159
-75.22077211728653
-77.18604973610935
-77.08640097117109
-84.87716083236997
-87.37334327429079
-79.84010925473476
-76.49109064807233
-77.04497266810614
-72.99504087043867
-77.99761868736802
-81.81211076704632
-79.17409669848513
-82.12903206538158
-79.1354357630223
-78.66493334541956
-86.19040934821551
-82.50717161394537
-81.24093674789177
-79.80544395310919
-82.32399999635012
-76.52957866737623
-79.56976708533908
-88.10055360032419
-82.371563040958
-82.7841469209116
-82.04574994150077
-96.15856013385978
-89.38014530508121
-86.21433979753293
-90.32138596521143
-79.17021547156253
-79.49089870267474
-79.1871124978031
-76.69781155445068
-85.4786797576084
-78.392536132768
-78.28519030055035
-83.88878506963594
-80.85661967530639
-84.78010497877524
-80.37115736796785
-80.48304437983586
-82.39297600841105
-75.10396432576647
-76.15419709134659
-74.46576719693508
-78.29921640251985
-77.64217244065931
-76.59813100883923
-78.98730554478877
-81.41842123986869
-95.17599089902254
-73.72879727097416
-79.35044627787013
-78.66783262784745
-80.30277180661636
-79.23700854685644
-80.89037032808785
-80.19496288036616
-78.33769962862762
-73.12958759755367
-80.85792095918545
-78.4860430918456
-73.34648476306774
-73.55908604289742
-78.47424468999328
-73.17393261295622
-75.66082396082035
-76.54262601157328
-78.72310034739797
-79.15290186942937
-78.67916761437996
-80.21394583957517
-79.22810184326946
-77.4623453152829
-81.82495627527355
-81.39368931921435
-76.31229225678837
-78.13576866371817
-75.52550381548569
-76.4779160446138
-75.39517325198837
-74.7464022187806
-76.13132217246664
-80.61114086728409
-74.67148578327536
-77.01384717408109
-79.92377930912687
-83.35712584033293
-82.71913106050032
-78.71488294755693
-76.10942310271405
-84.73479189076205
-76.3341737256424
-80.56658877113908
-82.50651227307144
-73.430716779731
-70.25337523466062
-76.36213354411194
-77.52283428167048
-86.971849301362
-76.01129539824166
-75.77525746555258
-79.09324139910656
-75.88319120031203
-84.00864848305348
-72.43573972864553
-73.22320028374715
-80.91614314249533
-76.60747533431714
-81.0471332786612
-72.72418741857723
-81.85222251061653
-80.52960247082274
-80.75467445619279
-78.9559906992227
-91.23489768110095
-84.84349408855844
-82.830521945438
-94.86545691611877
-79.51901476433555
-91.20426513401618
-85.24395495329566
-80.76004574710306
-79.71851121951909
-78.35124985381259
-79.04965165398217
-79.83954110524459
-72.93269439150744
-71.93290874736918
-74.86335503704541
-87.15540193211586
-76.87680595262682
-78.77780653553828
-85.07075575376314
-91.70703130952407
-104.18135700354517
-88.00531170444388
-82.17861891429638
-83.7214830469395
-77.99662752376567
-80.93693954699167
-79.29286881921452
-80.47718637431096
-79.94346226734852
-79.73205473892314
-79.33215785481372
-76.3824187960422
-82.68288654646376
-84.80666943960038
-74.86626425319837
-82.61411443551471
-86.92117273844765
-83.03070767253517
-76.321014606866
-83.63269178757086
-82.7154243266279
-77.16876614415278
-76.27778175971115
-75.55220688183792
-81.34127215376184
-72.6364862666649
-86.40507580622342
-72.2787310966103
-71.07549361963787
-73.13889569271485
-76.7811388181555
-73.07048053742655
-72.23610563139202
-77.39754848927377
-71.0871507276955
-81.84203621945389
-66.96971403450326
-117.34821985583876
-84.60097505226653
-79.053830428465
-80.97953079745494
-79.14638635460238
-78.69027901694494
-77.99608538998535
-80.9294910687544
-79.53588415025754
-83.95179682320621
-82.2767417318386
-81.74236338233055
-88.22170699702497
-87.77214016349562
-81.09316457306821
-81.39358454678329
-81.49835971773501
-80.87265406108486
-67.41657928763622
-78.27667921114612
-86.16371011265554
-89.68526637223445
-113.98652298425554
-82.70223349001573
-81.40481439222839
-79.46826256949728
-72.04678814529183
-79.94647615330493
-74.68590300247872
-83.75408750845389
-69.6053041399605
-74.29128345575954
-79.10204893110459
-74.7011847261967
-71.09902433801614
-74.04232674734612
-75.08535318313491
-73.53618150077016
-68.32343404965856
-69.41870047193115
-66.0614311606538
-72.71925366897757
-72.73699840390661
-67.58472698667458
-80.54013993413805
-67.03237490381976
-73.50881926963248
-78.77747227812887
-70.97346319138052
-74.82780797702617
-69.76321279562181
-74.20236456795745
-75.96157809436332
-70.09842596120416
-72.96487009643616
-68.9916457879956
-76.5554388887787
-76.89651487976447
-74.45175847355196
-79.12039888201339
-76.7075571816296
-73.82867880150266
-77.99127544550588
-73.31418009420224
-72.90377053485636
-77.00917896151286
-71.93260475883606
-73.0511802839364
-68.03373411880175
-69.71214211139097
-70.27826982785311
-69.97591427441724
-76.07840209297076
-72.46488487982784
-79.24052969493277
-68.94978704060219
-69.0912161284085
-73.18635704622717
-76.97801652193833
-72.35007918520836
-66.65032094479443
-77.75156233667161
-69.8638479090876
-77.34622881048344
-77.4548053459949
-69.65915060411763
-75.16069633503561
-77.0345087918488
-83.562576945094
-75.57908817013133
-80.3649771842241
-77.2859242477388
-82.04231632054392
-82.3809097985197
-68.68079779462903
-71.85253712778469
