-7945.0
-8874.0
-2138.0
-11495.0
-12915.0
-12862.0
-15689.0
-18347.0
-19338.0
-19958.0
-19945.0
-20736.0
-24471.0
-24482.0
-17018.0
-26460.0
-28542.0
-28306.0
-32066.0
-36074.0
-33636.0
-41159.0
-35768.0
-34780.0
-42724.0
-41505.0
-40752.0
-44211.0
-43614.0
-44489.0
-45431.0
-47589.0
-49145.0
-50005.0
-48367.0
-50653.0
-54584.0
-55289.0
-53067.0
-57679.0
-57858.0
-57592.0
-59032.0
-57338.0
-52071.0
-60888.0
-62996.0
-61698.0
-68768.0
-64556.0
-66956.0
-65972.0
-68039.0
-70001.0
-70309.0
-74125.0
-74185.0
-75796.0
-72818.0
-75395.0
-80258.0
-79234.0
-80293.0
-81677.0
-82177.0
-87998.0
-81779.0
-85777.0
-87269.0
-86554.0
-89448.0
-85007.0
-92740.0
-90877.0
-95211.0
-88556.0
-91675.0
-96065.0
-102220.0
-92705.0
-97683.0
-99527.0
-98854.0
-97763.0
-102344.0
-101950.0
-101527.0
-103566.0
-107343.0
-101528.0
-107427.0
-115281.0
-110615.0
-103307.0
-106507.0
-108873.0
-119042.0
-113967.0
-109526.0
-112260.0
-119560.0
-115835.0
-124391.0
-120897.0
-126649.0
-131653.0
-124311.0
-125786.0
-124839.0
-126194.0
-130805.0
-129069.0
-136893.0
-127374.0
-133066.0
-141037.0
-129076.0
-133681.0
-10125014.0
-137666.0
-138411.0
-139860.0
-148304.0
-139450.0
-140017.0
-10146599.0
-145135.0
-139367.0
-161790.0
-141941.0
-151311.0
-151577.0
-149938.0
-154111.0
-153826.0
-156268.0
-147679.0
-145670.0
-163703.0
-156464.0
-157553.0
-159876.0
-164644.0
-159787.0
-161340.0
-168470.0
-161828.0
-169749.0
-177745.0
-162522.0
-177519.0
-171972.0
-175065.0
-180535.0
-171541.0
-171789.0
-174211.0
-191039.0
-172114.0
-178650.0
-176523.0
-183508.0
-186110.0
-179930.0
-179362.0
-177878.0
-189922.0
-195821.0
-187651.0
-206140.0
-197001.0
-195625.0
-188356.0
-191026.0
-208910.0
-198174.0
-192659.0
-201436.0
-193612.0
-201754.0
-200267.0
-203661.0
-218576.0
-215250.0
-204556.0
-213884.0
-211954.0
-212181.0
-215703.0
-216474.0
-220427.0
-216415.0
-209630.0
-224112.0
-210695.0
-209511.0
-225571.0
-220785.0
-221389.0
-217713.0
-228033.0
-214493.0
-233860.0
-226194.0
-227290.0
-221954.0
-222667.0
-220106.0
-231972.0
-232434.0
-248664.0
-243033.0
-259853.0
-226793.0
-252486.0
-248149.0
-237288.0
-239733.0
-240973.0
-243911.0
-249959.0
-259791.0
-246962.0
-257754.0
-245992.0
-261420.0
-248406.0
-264283.0
-275615.0
-255044.0
-249629.0
-276962.0
-257922.0
-265090.0
-272007.0
-280891.0
-261731.0
-268520.0
-263116.0
-268802.0
-273965.0
-274815.0
-273503.0
-284447.0
-270460.0
-277837.0
-278876.0
-278447.0
-267338.0
-279603.0
-291061.0
-297276.0
-279689.0
-305268.0
-287170.0
-291897.0
-288787.0
-306412.0
-315084.0
-308525.0
-309110.0
-313399.0
-317666.0
-290455.0
-310540.0
-321512.0
-320233.0
-303996.0
-329429.0
-319466.0
-309784.0
-319141.0
-318314.0
-328528.0
-327563.0
-298962.0
-346441.0
-326744.0
-313812.0
-332615.0
-325783.0
-345401.0
-350635.0
-334776.0
-316249.0
-345182.0
-346447.0
-345758.0
-348440.0
-353770.0
-350160.0
-342449.0
-328831.0
-330043.0
-358818.0
-330895.0
-336316.0
-338127.0
-342384.0
-353041.0
-349266.0
-351512.0
-349253.0
-347399.0
-355458.0
-351727.0
-356861.0
-381776.0
-345456.0
-371168.0
-355194.0
-368242.0
-358781.0
-385474.0
-347152.0
-373025.0
-382032.0
-381850.0
-382146.0
-394027.0
-369639.0
-352993.0
-369989.0
-366972.0
-377463.0
-372414.0
-376577.0
-372335.0
-385667.0
-374240.0
-354428.0
-386515.0
-374467.0
-383837.0
-377345.0
-390034.0
-382386.0
-404734.0
-375608.0
-393665.0
-395317.0
-403423.0
-392508.0
-419018.0
-420870.0
-383149.0
-409818.0
-409594.0
-395070.0
-400774.0
-429618.0
-414274.0
-10371820.0
-387754.0
-401326.0
-411816.0
-395020.0
-398718.0
-422080.0
-415487.0
-404906.0
-418242.0
-410592.0
-428216.0
-413105.0
-429875.0
-435561.0
-427855.0
-411568.0
-411427.0
-430626.0
-426529.0
-424005.0
-424569.0
-424763.0
-444167.0
-433243.0
-451416.0
-447945.0
-429976.0
-444807.0
-422818.0
-424119.0
-452235.0
-443311.0
-438265.0
-456545.0
-425631.0
-471549.0
-479761.0
-462474.0
-457293.0
-458275.0
-433521.0
-471955.0
-467273.0
-469958.0
-469752.0
-478173.0
-471432.0
-462704.0
-469219.0
-450043.0
-453541.0
-471902.0
-470065.0
-454131.0
-487999.0
-476413.0
-462306.0
-483358.0
-465847.0
-479639.0
-479056.0
-480476.0
-475074.0
-427307.0
-491639.0
-473249.0
-488003.0
-508207.0
-480203.0
-478079.0
-490591.0
-478594.0
-494163.0
-486565.0
-502941.0
-484930.0
-499894.0
-496742.0
-515256.0
-513051.0
-484654.0
-497337.0
-499891.0
-474708.0
-523310.0
-516600.0
-512202.0
-529083.0
-522626.0
-551164.0
-489768.0
-516936.0
-518876.0
-527911.0
-505643.0
-543882.0
-522465.0
-509740.0
-510105.0
-533877.0
-501154.0
-508323.0
-561177.0
-517755.0
-556090.0
-513456.0
-556908.0
-555789.0
-516710.0
-489689.0
-525583.0
-549843.0
-543540.0
-535287.0
-499856.0
-538659.0
-517736.0
-533060.0
-556702.0
-10418430.0
-566417.0
-530538.0
-510186.0
-571124.0
-505159.0
-550511.0
-536641.0
-591060.0
-586271.0
-601770.0
-572494.0
-542545.0
-550592.0
-566491.0
-570616.0
-561237.0
-562257.0
-571499.0
-571585.0
-542271.0
-596177.0
-565964.0
-549791.0
-573411.0
-560088.0
-550156.0
-569850.0
-570064.0
-555516.0
-10556145.0
-580512.0
-564877.0
-606102.0
-583144.0
-580634.0
-585716.0
-570387.0
-571886.0
-588341.0
-565171.0
-591146.0
-628468.0
-601859.0
-568661.0
-597715.0
-590866.0
-609289.0
-603214.0
-595601.0
-628169.0
-606093.0
-598898.0
-608495.0
-589901.0
-616795.0
-569778.0
-627173.0
-628051.0
-613263.0
-603919.0
-639772.0
-600559.0
-618248.0
-642248.0
-662260.0
-636129.0
-655992.0
-624171.0
-641553.0
-649444.0
-640481.0
-592685.0
-611907.0
-646562.0
-622073.0
-629470.0
-624722.0
-625750.0
-610277.0
-661590.0
-655317.0
-687729.0
-633168.0
-625450.0
-669645.0
-667776.0
-611875.0
-665017.0
-647919.0
-630533.0
-631283.0
-644403.0
-619054.0
-670841.0
-673099.0
-657416.0
-658328.0
-650050.0
-649218.0
-671046.0
-10602958.0
-690573.0
-665350.0
-667784.0
-639041.0
-676217.0
-670286.0
-652478.0
-671913.0
-645239.0
-647904.0
-720881.0
-686279.0
-658019.0
-662585.0
-697538.0
-681165.0
-643934.0
-682373.0
-638977.0
-677977.0
-697165.0
-699104.0
-700802.0
-670293.0
-693773.0
-675689.0
-667318.0
-712842.0
-676024.0
-676874.0
-698130.0
-697612.0
-634313.0
-681995.0
-710303.0
-692506.0
-683090.0
-682701.0
-703711.0
-689053.0
-697479.0
-698328.0
-685782.0
-728466.0
-728146.0
-717596.0
-762209.0
-667630.0
-685297.0
-734919.0
-699780.0
-719066.0
-720965.0
-715239.0
-751234.0
-722384.0
-725226.0
-727363.0
-725997.0
-767703.0
-768830.0
-758099.0
-714039.0
-743256.0
-735788.0
-708281.0
-726790.0
-729141.0
-710581.0
-808412.0
-721907.0
-738887.0
-763008.0
-10664571.0
-726662.0
-708263.0
-769298.0
-781047.0
-751527.0
-752140.0
-692944.0
-717048.0
-727639.0
-758100.0
-749684.0
-729436.0
-730332.0
-750398.0
-793507.0
-763994.0
-755684.0
-787421.0
-767396.0
-768717.0
-749241.0
-750164.0
-760638.0
-752245.0
-794361.0
-775221.0
-714293.0
-777010.0
-748718.0
-768735.0
-762058.0
-804384.0
-775627.0
-828445.0
-796397.0
-786660.0
-769089.0
-759408.0
-834941.0
-741666.0
-772466.0
-807108.0
-731689.0
-745166.0
-776567.0
-790590.0
-789988.0
-770432.0
-824950.0
-817829.0
-816899.0
-808662.0
-843847.0
-845020.0
-812737.0
-802881.0
-792505.0
-795583.0
-785123.0
-787503.0
-777052.0
-766786.0
-812496.0
-813113.0
-835217.0
-825747.0
-859651.0
-846260.0
-859572.0
-784656.0
-851132.0
-864139.0
-866035.0
-865288.0
-823325.0
-837539.0
-815794.0
-815187.0
-771221.0
-848632.0
-809376.0
-807131.0
-844780.0
-835539.0
-836602.0
-836293.0
-872194.0
-827061.0
-819567.0
-865503.0
-809430.0
-799886.0
-870074.0
-813978.0
-823551.0
-801426.0
-839571.0
-839349.0
-808348.0
-808400.0
-878781.0
-834171.0
-878294.0
-811424.0
-823830.0
-873643.0
-875235.0
-837637.0
-877333.0
-911425.0
-913634.0
-844723.0
-881871.0
-880497.0
-859970.0
-856952.0
-929320.0
-850076.0
-885301.0
-873063.0
-841101.0
-923990.0
-913843.0
-881628.0
-965619.0
-832933.0
-858429.0
-896265.0
-860482.0
-885613.0
-947324.0
-900940.0
-876258.0
-916435.0
-906078.0
-894325.0
-846191.0
-858351.0
-900388.0
-917230.0
-884067.0
-875406.0
-862937.0
-876173.0
-939565.0
-854194.0
-878890.0
-917591.0
-845463.0
-882871.0
-945965.0
-871247.0
-910193.0
-900196.0
-912503.0
-987216.0
-916665.0
-929567.0
-906264.0
-918625.0
-880273.0
-933011.0
-907627.0
-885836.0
-949546.0
-912143.0
-875514.0
-938212.0
-914512.0
-940202.0
-939382.0
-915736.0
-942461.0
-895785.0
-921463.0
-896723.0
-985453.0
-962017.0
-999206.0
-913034.0
-10546142.0
-966049.0
-966319.0
-913804.0
-994081.0
-854492.0
-891596.0
-932174.0
-954985.0
-946618.0
-960576.0
-936726.0
-897874.0
-965519.0
-978350.0
-968676.0
-967248.0
-918897.0
-1009531.0
-920252.0
-960604.0
-973874.0
-925262.0
-977631.0
-960720.0
-915722.0
-955460.0
-915382.0
-942700.0
-969024.0
-1011646.0
-985706.0
-919680.0
-960591.0
-948957.0
-1027858.0
-951271.0
-980396.0
-995522.0
-10611622.0
-970783.0
-1010751.0
-1012043.0
-934245.0
-1042037.0
-977669.0
-951213.0
-1020752.0
-941336.0
-1009385.0
-957000.0
-10999441.0
-970876.0
-973342.0
-991025.0
-988639.0
-1019690.0
-993729.0
-1007920.0
-1049887.0
-995882.0
-982354.0
-968500.0
-996719.0
-1011153.0
-945930.0
-996966.0
-1027719.0
-1028804.0
-1033446.0
-1006662.0
-995936.0
-996517.0
-1011545.0
-998643.0
-985642.0
-1015752.0
-1029982.0
-1002632.0
-1030446.0
-10989853.0
-1004958.0
-1145466.0
-963867.0
-1048164.0
-1035405.0
-995530.0
-1038729.0
-1011108.0
-981736.0
-983455.0
-1056074.0
-1054730.0
-1030934.0
-1046777.0
-1033614.0
-1032455.0
-1033661.0
-1020943.0
-1064340.0
-1052703.0
-1065379.0
-1069159.0
-1095963.0
-1040890.0
-1144161.0
-1099139.0
-1018161.0
-1032292.0
-1104880.0
-1048260.0
-1078886.0
-1020999.0
-1050902.0
-1094877.0
-1066796.0
-1040643.0
-1113371.0
-1041774.0
-1056606.0
-1070626.0
-1102045.0
-1043605.0
-1104308.0
-1106018.0
-1045778.0
-1003575.0
-1093883.0
-1006275.0
-1094893.0
-1096543.0
-1048337.0
-1054303.0
-1099142.0
-1053082.0
-1086594.0
-1087766.0
-1088115.0
-1090581.0
-1105819.0
-1109006.0
-1168654.0
-1052654.0
-1038349.0
-1008393.0
-1112511.0
-1056515.0
-1116362.0
-1146193.0
-1101610.0
-1100892.0
-1060317.0
-1120355.0
-1077653.0
-1063084.0
-1139681.0
-1155300.0
-1109764.0
-1098230.0
-1098175.0
-1084961.0
-1085545.0
-1131648.0
-1117677.0
-1088104.0
-1135431.0
-1090950.0
-1121986.0
-1079252.0
-10972257.0
-1018298.0
-1143128.0
-1111467.0
-1129006.0
-1145872.0
-1131513.0
-1132143.0
-1130690.0
-1073238.0
-1118350.0
-1137188.0
-1182316.0
-11093752.0
-1155353.0
-1126487.0
-1126715.0
938204.0
-1251294.0
-1098782.0
-1129731.0
-1100054.0
-1163127.0
-1196166.0
-1146105.0
-1152682.0
-1168222.0
-1092305.0
-1124290.0
-1204388.0
-1157425.0
-1144322.0
-1145122.0
-11052457.0
-1224262.0
-1179716.0
-1181678.0
-1134287.0
-1133516.0
-1138052.0
-1202493.0
-1153772.0
-1138513.0
-1142831.0
-1111852.0
-1169597.0
-1112185.0
-1145459.0
-1099474.0
-1146435.0
-1179859.0
-1197102.0
-1197062.0
-1134237.0
-1103784.0
-1168237.0
-1122612.0
-1216700.0
-1286424.0
-1143049.0
-1256274.0
-1254718.0
-1208893.0
-1210825.0
-1163638.0
-1274312.0
-1231080.0
-1199414.0
-1200717.0
-1185564.0
-1203452.0
-1155060.0
-1122322.0
-1218240.0
-1224454.0
-1191714.0
-1126064.0
-1193324.0
-1175431.0
-1244165.0
-1210844.0
-1229142.0
-1197287.0
-1264531.0
-1196653.0
-1164844.0
-1200205.0
-1230984.0
-1236116.0
-1184718.0
-1206868.0
-1191130.0
-1159335.0
-1176330.0
-1192057.0
-1243336.0
-1177655.0
-1280984.0
-1213405.0
-1198910.0
-1201558.0
-1236013.0
-1253380.0
-1221142.0
-1238143.0
-1322589.0
-1189533.0
-1257754.0
-1242025.0
-1224817.0
-1244590.0
-1212219.0
-1245772.0
-1210804.0
-1215813.0
-1248438.0
-1286236.0
-1202308.0
-1254041.0
-1218350.0
-1187192.0
-1241789.0
-1208291.0
-1243272.0
-1256457.0
-1277967.0
-1331168.0
-1246878.0
-1232661.0
-1318480.0
-1165640.0
-1266809.0
-1183860.0
-1282907.0
-1340513.0
-1223501.0
-1224615.0
-1275221.0
-1208517.0
-1277525.0
-1210863.0
-1228294.0
-1263069.0
-1282571.0
-1262904.0
-1284492.0
-1283355.0
-1285985.0
-10973324.0
-1338803.0
-1218569.0
-1340733.0
-1290872.0
-1253540.0
-1257568.0
-1258697.0
-1260456.0
-1278320.0
-1313678.0
-1294162.0
-1317927.0
-1279085.0
-1283346.0
-1285879.0
-1232617.0
-1233310.0
-1253136.0
-1305562.0
-1273056.0
-1288282.0
-1292632.0
-1293710.0
-1258023.0
-1348153.0
-1328645.0
-1241356.0
-1314793.0
-1263620.0
-1282331.0
-1299171.0
-1391220.0
-1320580.0
-1338902.0
-1303910.0
-1393747.0
-1287806.0
-1377882.0
-1290033.0
-1326471.0
-1306828.0
-1239116.0
-1330172.0
-1276934.0
-1296879.0
-1330350.0
-1277249.0
-1370008.0
-1337654.0
-1338272.0
-1264741.0
-1247202.0
-11105430.0
-1434237.0
-1344509.0
-1197468.0
-1344504.0
-1326495.0
-1347091.0
-1347482.0
-1312285.0
-1258388.0
-1421532.0
-1331370.0
-1260430.0
-1281971.0
-1391959.0
-1338857.0
-1393016.0
-1342075.0
-1303355.0
-1381388.0
-1326848.0
-1420530.0
-1344724.0
-1347589.0
-1294204.0
-1404830.0
-1295143.0
-1426732.0
-1389293.0
-1389973.0
-1354186.0
-1337844.0
-1320559.0
-1321497.0
-1321582.0
-1413300.0
-1356456.0
-1325026.0
-1382514.0
-1343765.0
-1383660.0
-1289422.0
-1365832.0
-1388383.0
-1350823.0
-1426051.0
-11311231.0
-1390553.0
-1356026.0
-1375396.0
-1337741.0
-1451624.0
-1397172.0
-1380155.0
-1398682.0
-1418772.0
-1422472.0
-1422587.0
-1496377.0
-1444685.0
-1406123.0
-1367108.0
-1408897.0
-1466409.0
-1317268.0
-1488881.0
-1337471.0
-1354105.0
-1378637.0
-1456997.0
-1419722.0
-1420380.0
-1422508.0
-1401655.0
-1367309.0
-1408101.0
-1428486.0
-1447396.0
-1430513.0
-1412987.0
-1395371.0
-1356031.0
-11280565.0
-1395735.0
-1378900.0
-1413957.0
-1375036.0
-1457682.0
-1438985.0
-1500778.0
-1463362.0
-1463054.0
-1346557.0
-1403267.0
-1481243.0
-1466445.0
-1391585.0
-1527557.0
-1511430.0
-1390564.0
-1435919.0
-1515845.0
-1320715.0
-1417968.0
-1380701.0
-1421065.0
-1441083.0
-1601868.0
-1385339.0
-1485070.0
-1523856.0
-1425033.0
-1410598.0
-11371820.0
-11074056.0
-1489719.0
-1494876.0
-1457007.0
-1478298.0
-1479116.0
-1419770.0
-1541315.0
-1521762.0
-1442414.0
-1383965.0
-1544976.0
-1425985.0
-1487502.0
-1428199.0
-1510164.0
-1490387.0
-1369418.0
-1493755.0
-1450447.0
-1475188.0
-1472459.0
-1516556.0
-1500032.0
-1460318.0
-1499263.0
-1457414.0
-1422567.0
-1483619.0
-1567219.0
-1423158.0
-1444967.0
-1547049.0
-1488454.0
-1509809.0
-1509569.0
-1511740.0
-1513667.0
-1432173.0
-1556848.0
-11251195.0
-1641660.0
-1519196.0
-1539278.0
-1500692.0
-1460199.0
-1503670.0
-1462504.0
-1506137.0
-1548366.0
-1549074.0
-1527893.0
-1571910.0
-1551340.0
-1449727.0
-1471139.0
-1596336.0
-1469992.0
-1516029.0
-1472846.0
-1456861.0
-1497362.0
-1520530.0
-1501547.0
-1564872.0
-1546596.0
-1589623.0
-1548401.0
-1570889.0
-1527369.0
-1551390.0
-1489032.0
-1575487.0
-1451253.0
-1621305.0
-1390398.0
-1560792.0
-1514186.0
-1542204.0
-1563490.0
-1608413.0
-1502958.0
-1568301.0
-1505661.0
-1525911.0
-1571227.0
-1443550.0
-1530238.0
-1551622.0
-1638113.0
-1576417.0
-1513529.0
-1512450.0
-1536530.0
-1579433.0
-1579390.0
-1581465.0
-1492299.0
-1604194.0
-1518976.0
-1563685.0
-1456200.0
-1626933.0
-1586016.0
-1610834.0
-1480231.0
-1565185.0
-11075784.0
-1549627.0
-1593676.0
-1679690.0
-1595025.0
-1573032.0
-1446040.0
-1597816.0
-1531489.0
-1557690.0
-1598340.0
-1625440.0
-1606062.0
-1541668.0
-1674012.0
-1521384.0
-1500241.0
-1628141.0
-1611755.0
-1700786.0
-1593045.0
-1637104.0
-1681743.0
-1617130.0
-1552472.0
-1597692.0
-1619165.0
-1639606.0
-1555996.0
-1600452.0
-1687905.0
-1712209.0
-1577569.0
-1560936.0
-1581845.0
-1604741.0
-1630024.0
-1586514.0
-1675534.0
-1500123.0
-1569177.0
-1570656.0
-1615352.0
-1658725.0
-1595769.0
-11417597.0
-1574841.0
-1686381.0
-1662706.0
-1666725.0
-1687271.0
-1624407.0
-1646803.0
-1625626.0
-1692632.0
-1604704.0
-1624862.0
-1562615.0
-1540146.0
-1608352.0
-1543416.0
-1542860.0
-1635456.0
-1659219.0
-1592735.0
-1616439.0
-1681332.0
-1615468.0
-1685410.0
-1641718.0
-1574523.0
-1575844.0
-1644419.0
-1509767.0
-1626055.0
-1649727.0
-1559767.0
-1626251.0
-1584196.0
-1720237.0
-1653501.0
-1677181.0
-1745526.0
-1701531.0
-1611729.0
-1750381.0
-1637411.0
-1797514.0
-1708302.0
-1595671.0
-1528094.0
-1710273.0
-1619803.0
-1735898.0
-1622827.0
-1708848.0
-1647711.0
-1740504.0
-1648208.0
-1602959.0
-1581229.0
-1696937.0
-11239240.0
-1744881.0
-1671009.0
-1724679.0
-1652864.0
-1634723.0
-1659324.0
-1659582.0
-1659612.0
-1684906.0
-1664133.0
-1568882.0
-1597268.0
-1664271.0
-1667607.0
-1599466.0
-1713451.0
-1740938.0
-1672565.0
-1744300.0
-1652626.0
-1674455.0
-1700336.0
-1657353.0
-1657869.0
-1658715.0
-1729531.0
-1754834.0
-1754034.0
-1614829.0
-1780329.0
-1566256.0
-1687314.0
-1758360.0
-1688271.0
-11691537.0
-1692800.0
-1693062.0
-1694645.0
-1577130.0
-1718238.0
-11415449.0
-1792836.0
-1699920.0
-1796861.0
-1793684.0
-1655265.0
-1704284.0
-1751273.0
-1729935.0
-1731488.0
-1803058.0
-1732496.0
-1734659.0
-1687502.0
-1758818.0
-1785697.0
-1810892.0
-1810770.0
-1713778.0
-1765337.0
-1813968.0
-1720380.0
-1793358.0
-1794008.0
-1771825.0
-1725256.0
-1773907.0
-1702957.0
-1796011.0
-1754718.0
-1707943.0
-1660251.0
-1804414.0
-1613826.0
-1686574.0
-1638640.0
-1663748.0
-1710024.0
-1781926.0
-1714625.0
-1929264.0
-1643581.0
-1764091.0
-1713576.0
-1693730.0
-1887918.0
-1767649.0
-1765120.0
-1695832.0
-1648976.0
-1795594.0
-1796841.0
-1821961.0
-1749772.0
-1627965.0
-1750396.0
-1701270.0
-1801880.0
-1705553.0
-1778992.0
-1806139.0
-1755078.0
-1732781.0
-1757686.0
-1685101.0
-1712794.0
-1860315.0
-1788232.0
-1834820.0
-1766911.0
-1715060.0
-1718747.0
-1815429.0
-1841682.0
-1746048.0
-1624248.0
-1847330.0
-1822763.0
-1774690.0
-1750570.0
-1699886.0
-1778198.0
-1878364.0
-1806207.0
-1832546.0
-1758487.0
-1834556.0
-1785235.0
-1786078.0
-1885373.0
-1784955.0
-1837064.0
-1765223.0
-1790398.0
-1715028.0
-1791728.0
-1767395.0
-1818568.0
-1818624.0
-1771377.0
-1844882.0
-1871093.0
-1824498.0
-1799442.0
-1751448.0
-1875825.0
-1900467.0
-1853764.0
-1829994.0
-1880073.0
-1830486.0
-1833653.0
-1933078.0
-1809958.0
-1858332.0
-1788188.0
-1789051.0
-11509848.0
-1816296.0
-1867621.0
-1841965.0
-1865091.0
-1821014.0
-1848763.0
-11368609.0
-1769326.0
-1723851.0
-1900860.0
-11624806.0
-1726493.0
-1905895.0
-1801920.0
-1907203.0
-1904960.0
-1859139.0
-1706898.0
-1807284.0
-1782233.0
-1862177.0
-1940070.0
-1888520.0
-1787121.0
-1815852.0
-1918133.0
-1867434.0
-1840044.0
-1818530.0
-1972659.0
-1922859.0
-1898001.0
-1771312.0
-1823445.0
-1872019.0
-1852249.0
-2033596.0
-1931201.0
-1776949.0
-1829813.0
-1880362.0
-11470857.0
-11549601.0
-1831438.0
-1784412.0
-1889194.0
-1965476.0
-1916408.0
-1840542.0
-1815508.0
-1894258.0
-1868092.0
-1869371.0
-1766997.0
-2023285.0
-1897864.0
-1873664.0
-1953327.0
-1899168.0
-1955517.0
-1879968.0
-1852493.0
-1907216.0
-1905996.0
-11176906.0
-1884518.0
-1833861.0
-1940608.0
-1915214.0
-1993607.0
-1864762.0
-1866610.0
-2026264.0
-1947054.0
-1974438.0
-1845183.0
-1899968.0
-1873305.0
-2085274.0
-1874423.0
-2037093.0
-2037963.0
-1960247.0
-1907292.0
-1909493.0
-1937993.0
-1965346.0
-1991180.0
-2047808.0
-1967266.0
-1915715.0
-1862335.0
-2023278.0
-1890702.0
-1864759.0
-1916263.0
-1975067.0
-2004618.0
-1922808.0
-1789651.0
-1872127.0
-1923778.0
-2031045.0
-1902147.0
-1952384.0
-1902221.0
-1906122.0
-1932784.0
-2015896.0
-1962882.0
-1937108.0
-1883294.0
-1910656.0
-1992613.0
-1941111.0
-2051270.0
-1917906.0
-1972482.0
-1947406.0
-1812629.0
-1949881.0
-1921390.0
-2114759.0
-1925568.0
-1954276.0
-1955066.0
-1980911.0
-2037779.0
-1985844.0
-1986004.0
-1984368.0
-11552584.0
-1880802.0
-2017178.0
-1880977.0
-1963724.0
-1992887.0
-1994464.0
-1992597.0
-1913948.0
-1913836.0
-2053156.0
-1889383.0
-1999221.0
-1945644.0
-1920621.0
-1975408.0
-1864943.0
-1978887.0
-2007776.0
-2036668.0
-2010767.0
-1900625.0
-2068780.0
-2041366.0
-2068899.0
-1986712.0
-11102900.0
-1933370.0
-1934861.0
-2018648.0
-1965141.0
-2104658.0
-11662122.0
-1995658.0
-2049980.0
-2047486.0
-2051703.0
-1970391.0
-2053323.0
-1972658.0
-11584067.0
-2053760.0
-1974964.0
-1975359.0
-2059647.0
-11866270.0
-2035040.0
-2036459.0
-1981699.0
-2067859.0
-1928966.0
-1983865.0
-2011675.0
-2045732.0
-2159830.0
-2047178.0
-2133464.0
-2020058.0
-1963593.0
-1995380.0
-2192266.0
-2111307.0
-2024049.0
-2056010.0
-2113586.0
-2030864.0
-2002818.0
-11832302.0
-2032917.0
-2034451.0
-11385348.0
-1919213.0
-2064400.0
-2094684.0
-2011220.0
-1955506.0
-2125906.0
-2011067.0
-2154986.0
-2043244.0
-2101912.0
-2131580.0
-2016457.0
-1991761.0
-2020888.0
-2133119.0
-1908150.0
-2081108.0
-2022346.0
-2137200.0
-2055310.0
-2056640.0
-2140458.0
-2059656.0
-2031185.0
-11889326.0
-2029593.0
-2063616.0
-2035175.0
-12122969.0
-2152816.0
-2068146.0
-2154514.0
-2127076.0
-2070588.0
-11986235.0
-2072998.0
-2015910.0
-2045669.0
-11325506.0
-2106210.0
-2018795.0
-2107105.0
-1992863.0
-2021990.0
-2108119.0
-2050654.0
-2284586.0
-11910598.0
-2227212.0
-2085920.0
-2115058.0
-2145844.0
-2147641.0
-11974629.0
-2085281.0
-2208409.0
-2094078.0
-2093951.0
-2095261.0
-2066464.0
-2038213.0
-2065852.0
-2120360.0
-2129655.0
-2014136.0
-2043772.0
-2188802.0
-2047752.0
-2107187.0
-2164272.0
-2225877.0
-2109437.0
-1990500.0
-2169111.0
-2110657.0
-2083995.0
-2084714.0
-2084131.0
-2052687.0
-2085319.0
-2380576.0
-1999503.0
-2088554.0
-2118740.0
-2118993.0
-2177642.0
-2061648.0
-2181874.0
-2059475.0
-2037898.0
-2276506.0
-2155861.0
-2039590.0
-2189815.0
-2132888.0
-2130613.0
-2103390.0
-2223155.0
-11869672.0
-2166868.0
-2224408.0
-2168668.0
-2108488.0
-2141457.0
-2322322.0
-2143642.0
-2144554.0
-2295651.0
-2147109.0
-2146031.0
-2120648.0
-2240900.0
-2181361.0
-2183354.0
-2273365.0
-2184858.0
-12036325.0
-2217436.0
-2095893.0
-2308081.0
-2189736.0
-1980370.0
-2099275.0
-2222396.0
-2222035.0
-2224562.0
-2135621.0
-2135048.0
-2284517.0
-2108726.0
-2136414.0
-11839467.0
-2141237.0
-2143736.0
-2171653.0
-2234838.0
-2205417.0
-2233649.0
-2237362.0
-11906077.0
-2209925.0
-2149438.0
-2211334.0
-2146610.0
-2183138.0
-2183099.0
-2122686.0
-2186919.0
-2127492.0
-2219504.0
-2221774.0
-11431254.0
-2254790.0
-2043249.0
-2257155.0
-2287972.0
-2228097.0
-2199834.0
-2136778.0
-2351414.0
-2264115.0
-2172623.0
-2144840.0
-2268237.0
-2144864.0
-2116893.0
-2208042.0
-2242603.0
-2242724.0
-2244155.0
-2121939.0
-11783600.0
-2217959.0
-2187036.0
-2372921.0
-2219792.0
-2465192.0
-2283442.0
-2129858.0
-2251866.0
-2192078.0
-2225313.0
-2165708.0
-2221617.0
-2321960.0
-2260074.0
-2259606.0
-2262176.0
-2386204.0
-2171360.0
-2266443.0
-2108173.0
-11490942.0
-2269172.0
-2238758.0
-2269751.0
-2209114.0
-2210284.0
-2239105.0
-2336063.0
-2213070.0
-2340348.0
-2341208.0
-2212117.0
-2279574.0
-2187627.0
-2281117.0
-2344361.0
-2314154.0
-2347059.0
-2220816.0
-2252159.0
-2287108.0
-2286639.0
-2287951.0
-2414540.0
-2227007.0
-2354822.0
-2354956.0
-2355817.0
-2138980.0
-2233031.0
-2330499.0
-2330134.0
-2332388.0
-2302279.0
-2237263.0
-2240248.0
-2273565.0
-2334173.0
-2275539.0
-11486207.0
-2277009.0
-2244076.0
-2310995.0
-2376180.0
-2374832.0
-2408319.0
-11205151.0
-2281141.0
-2412487.0
-2411421.0
-2384578.0
-2290452.0
-2259778.0
-2320378.0
-2290897.0
-2358942.0
-2357961.0
-12106022.0
-2264081.0
-2298984.0
-2299524.0
-2300443.0
-2269416.0
-2429391.0
-2430305.0
-2296490.0
-2368515.0
-2305437.0
-2401978.0
-2306029.0
-2435032.0
-2309441.0
-2213855.0
-2248272.0
-2281490.0
-2280587.0
-2282835.0
-2345543.0
-2220237.0
-2478450.0
-2380895.0
-2286463.0
-2481661.0
-2319770.0
-2322726.0
-2291491.0
-2390310.0
-2520690.0
-2327165.0
-2359223.0
-2394211.0
-2364373.0
-2364802.0
-2463317.0
-2335485.0
-2434534.0
-2370532.0
-2339207.0
-2308372.0
-2305951.0
-2309494.0
-2408250.0
-2310929.0
-2348068.0
-12315953.0
-2348388.0
-2383601.0
-2480162.0
-2222472.0
-2354599.0
-2388501.0
-11963649.0
-2357547.0
-2456515.0
-2425004.0
-2457574.0
-2425997.0
-2329275.0
-2232462.0
-2331737.0
-2266310.0
-2463388.0
-2298257.0
-2300624.0
-2366135.0
-2498565.0
-2535037.0
-2503625.0
-2372790.0
-2501300.0
-2374290.0
-2373992.0
-2508713.0
-2310526.0
-2412253.0
-2511841.0
-2415277.0
-2282591.0
-2382751.0
-2517773.0
-2418161.0
-2452140.0
-2354047.0
-2489167.0
-2388635.0
-2389106.0
-2257700.0
-2458440.0
-2393732.0
-2460053.0
-2428690.0
-2529420.0
-2330376.0
-11965583.0
-2331677.0
-2367857.0
-2333960.0
-2536656.0
-2432782.0
-2371161.0
-2572195.0
-2339636.0
-2339020.0
-2443744.0
-2410748.0
-2444165.0
-2510539.0
-2547232.0
-2346559.0
-2313770.0
-2483181.0
-2515352.0
-2484469.0
-2317483.0
-2480473.0
-2453387.0
-2420093.0
-2215923.0
-2355369.0
-2491936.0
-2391534.0
-2592279.0
-2392770.0
-2425938.0
-2596281.0
-2495719.0
-2428495.0
-2330205.0
-2330522.0
-2399775.0
-2468634.0
-2672328.0
-2369002.0
-2438276.0
-2404687.0
-2402978.0
-2473638.0
-2611536.0
-2510236.0
-2445355.0
-2378582.0
-2547060.0
-2379432.0
-2551813.0
-2551486.0
-2655227.0
-2384241.0
-2488169.0
-2487778.0
-2455844.0
-2525783.0
-2458133.0
-2561345.0
-12288825.0
-2527353.0
-2632751.0
-2463100.0
-2532745.0
-2533840.0
-2498455.0
-2465054.0
-2433700.0
-2501100.0
-2573148.0
-2469583.0
-2435252.0
-2541031.0
-2507878.0
-2438991.0
-2580443.0
-2511870.0
-2479315.0
-12341602.0
-2652470.0
-2583357.0
-2550908.0
-2758186.0
-2480734.0
-2347352.0
-2555668.0
-2794326.0
-2489133.0
-2490265.0
-2486739.0
-2491264.0
-2457430.0
-2456918.0
-2562376.0
-2491024.0
-2495498.0
-2392447.0
-2498854.0
-2706901.0
-2465222.0
-2430278.0
-2537399.0
-2608382.0
-2503772.0
-12087576.0
-2505838.0
-2612955.0
-2538954.0
-2474989.0
-2471849.0
-2651654.0
-2440669.0
-2444540.0
-2445338.0
-2761980.0
-2448889.0
-2588170.0
-2591022.0
-2487666.0
-2590300.0
-2595098.0
-2769191.0
-2418611.0
-2492172.0
-2564563.0
-2560197.0
-2602772.0
-11827888.0
-2531422.0
-2640166.0
-2500798.0
-2572902.0
-2643878.0
-2609414.0
-2504634.0
-2716426.0
-2612649.0
-2469752.0
-2756420.0
-2469374.0
-2511358.0
-2582761.0
-2475638.0
-2584285.0
-2515905.0
-2622691.0
-2552029.0
-2589827.0
-2554976.0
-2588363.0
-2628342.0
-2451640.0
-2483129.0
-2487229.0
-2453934.0
-2451813.0
-2491343.0
-2560933.0
-2600601.0
-2424701.0
-12566847.0
-2638990.0
-2535204.0
-2606952.0
-2784630.0
-2431576.0
-2576207.0
-2612866.0
-2685289.0
-2359640.0
-2755064.0
-2760106.0
-2509633.0
-2618783.0
-2440975.0
-2511800.0
-2691400.0
-2516910.0
-2517683.0
-2482425.0
-2484351.0
-2664176.0
-2629299.0
-2487135.0
-2739184.0
-2663939.0
-2525463.0
-2707697.0
-2491114.0
-2635184.0
-2566272.0
-2674663.0
-2749682.0
-2675972.0
-2642038.0
-2680131.0
-2789988.0
-2538219.0
-2647625.0
-2683836.0
-2540535.0
-12396065.0
-2573235.0
-2543032.0
-2762228.0
-2543700.0
-2800224.0
-2509974.0
-2617212.0
-2618307.0
-2549420.0
-2583716.0
-2696170.0
-2512408.0
-2552621.0
-2625602.0
-2736431.0
-2628761.0
-11933960.0
-2556338.0
-2705953.0
-2631407.0
-2705949.0
-12452287.0
-2561100.0
-2561963.0
-2638431.0
-2635658.0
-2676506.0
-2492591.0
-2676981.0
-2495400.0
-2644088.0
-2645490.0
-2573353.0
-2461030.0
-2575180.0
-2649875.0
-2540011.0
-2688290.0
-2838334.0
-2727822.0
-2654563.0
-2689579.0
-2732640.0
-2845735.0
-2624897.0
-2624861.0
-2737164.0
-2702247.0
-2739758.0
-2777765.0
-2631172.0
-2742603.0
-2706161.0
-2783395.0
-2596773.0
-2632484.0
-2669951.0
-2712722.0
-2635126.0
-2638683.0
-2677629.0
-2714402.0
-2604825.0
-2495468.0
-2752491.0
-2831762.0
-2646391.0
-2610754.0
-2649851.0
-2723868.0
-2727601.0
-2652091.0
-2616674.0
-2617971.0
-2763483.0
-2733913.0
-2620738.0
-2661106.0
-2698831.0
-2814570.0
-2513597.0
-2588348.0
-2854635.0
-2780503.0
-2666786.0
-2818781.0
-2632696.0
-2744898.0
-2632861.0
-2823640.0
-2862072.0
-2598100.0
-2713238.0
-2746991.0
-2639902.0
-2790376.0
-2641497.0
-2605084.0
-2681504.0
-2831889.0
-2869905.0
-12757273.0
-2684949.0
-2723644.0
-2723993.0
-2685965.0
-2688751.0
-2689432.0
-2841985.0
-2615487.0
-2729850.0
-2729645.0
-2807104.0
-2846106.0
-2771850.0
-2658736.0
-2772539.0
-2848598.0
-2962828.0
-2891497.0
-2928823.0
-2778050.0
-2815448.0
-2701158.0
-2781731.0
-2972941.0
-2630507.0
-2859843.0
-2706662.0
-11640846.0
-2786828.0
-2823630.0
-2942072.0
-2753721.0
-2600777.0
-2716199.0
-2792905.0
-2641421.0
-2679527.0
-2796528.0
-2835027.0
-2716856.0
-2876558.0
-2833016.0
-2802120.0
-2723540.0
-2764394.0
-2727906.0
-2729101.0
-2614488.0
-2918724.0
-2731540.0
-2769712.0
-2693237.0
-2809420.0
-2732882.0
-2773708.0
-2776212.0
-2776135.0
-2739568.0
-2817042.0
-2741314.0
-12434853.0
-2704964.0
-2898991.0
-2900822.0
-2706978.0
-2744926.0
-2863991.0
-2827515.0
-2712845.0
-2752959.0
-2830974.0
-2755954.0
-2834057.0
-2873480.0
-2759856.0
-2682671.0
-2761079.0
-2877465.0
-2878269.0
-2880230.0
-2761362.0
-2645497.0
-12180838.0
-2764996.0
-2805573.0
-2729376.0
-2729359.0
-2766753.0
-2731898.0
-2809356.0
-2772287.0
-2695553.0
-2656620.0
-2659064.0
-2775126.0
-2852955.0
-2896587.0
-2855030.0
-3015719.0
-2818422.0
-2898160.0
-2978261.0
-2863168.0
-2823618.0
-2825087.0
-2825360.0
-2827002.0
-2980978.0
-2868407.0
-2752633.0
-2986325.0
-2949872.0
-2715381.0
-12912640.0
-2873146.0
-2799141.0
-2878116.0
-12445335.0
-3117072.0
-2644048.0
-2800164.0
-12211201.0
-2921371.0
-2804010.0
-2844180.0
-2922939.0
-2647994.0
-2847586.0
-2729530.0
-3082117.0
-2927949.0
-2970839.0
-2931350.0
-2932702.0
-2694613.0
-3014502.0
-2778909.0
-2820653.0
-2901416.0
-2900991.0
-2784624.0
-2864137.0
-2985361.0
-2747835.0
-2748217.0
-2829202.0
-2911533.0
-12591816.0
-2708756.0
-2952751.0
-12117569.0
-2791095.0
-2997942.0
-2838636.0
-2880091.0
-2720717.0
-2800789.0
-2804278.0
-2804471.0
-2844931.0
-2926528.0
-3088967.0
-2848298.0
-2931541.0
-2891408.0
-2973144.0
-2853235.0
-2853383.0
-2853932.0
-2853707.0
-2855810.0
-2856051.0
-2776181.0
-12538289.0
-2941553.0
-3061102.0
-2781643.0
-2742546.0
-2905266.0
-2784655.0
-2987853.0
-2867868.0
-2788093.0
-2951273.0
-3074323.0
-3036571.0
-2915556.0
-2871980.0
-3037474.0
-2838347.0
-2841341.0
-2964105.0
-2881381.0
-2680940.0
-3006290.0
-2884933.0
-3091118.0
-2683455.0
-2930027.0
-3012227.0
-2849850.0
-2889723.0
-2890905.0
-2891299.0
-2814193.0
-3018230.0
-2896915.0
-2938742.0
-2858063.0
-3063731.0
-2899870.0
-3027355.0
-3068804.0
-2903267.0
-2907983.0
-2744130.0
-2909224.0
-2910585.0
-2911787.0
-2913836.0
-2872628.0
-2997617.0
-2999384.0
-3122827.0
-2878908.0
-2919451.0
-2918324.0
-3128218.0
-3045456.0
-3005385.0
-2883321.0
-3049191.0
-2964142.0
-2761425.0
-3007861.0
-2803936.0
-2927674.0
-2929929.0
-12682585.0
-3013707.0
-2890912.0
-2892132.0
-3139830.0
-3140038.0
-12397875.0
-3020152.0
-2979728.0
-2980749.0
-2940120.0
-2859974.0
-2901787.0
-3069408.0
-2946850.0
-2740163.0
-2989430.0
-3116789.0
-2907650.0
-2826845.0
-3078090.0
-3034459.0
-3078152.0
-2996746.0
-3249127.0
-2834183.0
-2999418.0
-3043713.0
-3002895.0
-3045882.0
-3007522.0
-12883581.0
-3091681.0
-3053452.0
-3012413.0
-3096164.0
-3057675.0
-2976007.0
-2893840.0
-12390951.0
-2979767.0
-3272878.0
-2979547.0
-3106699.0
-3024050.0
-2983077.0
-2984972.0
-3153959.0
-3024524.0
-2901100.0
-3109892.0
-3067587.0
-3032953.0
-3074497.0
-2908325.0
-12317732.0
-3120222.0
-3203231.0
-2742574.0
-2869653.0
-3123787.0
-2996972.0
-2914579.0
-2957538.0
-2916722.0
-12791761.0
-3046742.0
-2961954.0
-2962415.0
-3005517.0
-2964846.0
-3177695.0
-3008773.0
-12968279.0
-3012295.0
-2885268.0
-3182169.0
-3016112.0
-3188038.0
-3102714.0
-2975919.0
-3062358.0
-3145926.0
-2976035.0
-3106584.0
-3024331.0
-3153878.0
-3111786.0
-3196327.0
-3113484.0
-3111510.0
-3072020.0
-2987207.0
-3201194.0
-3241877.0
-3247721.0
-3205587.0
-3076859.0
-3163047.0
-12010594.0
-3165436.0
-3124875.0
-3168507.0
-3125727.0
-2872194.0
-2955746.0
-2871008.0
-3001532.0
-3047846.0
-3005463.0
-3051766.0
-3052841.0
-3269727.0
-2967763.0
-2970105.0
-3097896.0
-3055346.0
-3187812.0
-3232111.0
-3141919.0
-3062957.0
-3236069.0
-3279434.0
-3109308.0
-3194206.0
-3111345.0
-3111863.0
-3066010.0
-3157848.0
-3200474.0
-3160016.0
-3074635.0
-3116351.0
-3117616.0
-3251304.0
-2987792.0
-3032774.0
-3123279.0
-3076177.0
-3166889.0
-3212425.0
-2996681.0
-3168462.0
-3259500.0
-3259580.0
-3217403.0
-3131756.0
-3045821.0
-3046200.0
-2960302.0
-3178560.0
-3311155.0
-3007468.0
-3137352.0
-3007613.0
-13097283.0
-3184176.0
-3138230.0
-3057699.0
-3058005.0
-3228932.0
-3012958.0
-13017087.0
-3017564.0
-3063115.0
-3194703.0
-3195175.0
-3109882.0
-3154085.0
-3109323.0
-3022975.0
-3154579.0
-3067962.0
-3201050.0
-3069867.0
-13027222.0
-3115986.0
-3204591.0
-3072638.0
-3206911.0
-3251277.0
-12988859.0
-3075628.0
-3076172.0
-3210345.0
-3037149.0
-3167265.0
-3124485.0
-3082900.0
-3039733.0
-3126147.0
-3130253.0
-3128787.0
-3353486.0
-3221470.0
-3089634.0
-3309420.0
-3137282.0
-3138899.0
-3184363.0
-3007847.0
-3052522.0
-3007533.0
-3053364.0
-3232366.0
-3188146.0
-12659218.0
-3144629.0
-3012782.0
-3103424.0
-12881526.0
-3107224.0
-3284672.0
-12220936.0
-3421065.0
-3022895.0
-3024234.0
-3068176.0
-2981325.0
-13068216.0
-3203135.0
-3203578.0
-3072853.0
-3163411.0
-3073429.0
-3389742.0
-3346935.0
-3078878.0
-3124844.0
-3212764.0
-3126529.0
-3217636.0
-3174557.0
-3217476.0
-3173882.0
-13042307.0
-3266084.0
-3173256.0
-3175978.0
-3266340.0
-3090866.0
-3136080.0
-3182263.0
-3093175.0
-3227457.0
-3408003.0
-3274070.0
-3139970.0
-3276331.0
-3187488.0
-3184379.0
-3279225.0
-3190497.0
-3279068.0
-3103510.0
-3372879.0
-3194587.0
-3377241.0
-3240855.0
-3197722.0
-3381319.0
-3156389.0
-3383187.0
-11804945.0
-3065198.0
-3295700.0
-3206723.0
-3118886.0
-3119008.0
-3165119.0
-3348358.0
-3167119.0
-3304893.0
-3214894.0
-3307279.0
-3354350.0
-12447695.0
-3216978.0
-3403112.0
-3267424.0
-3223252.0
-3087047.0
-3224315.0
-3270949.0
-12318325.0
-3320899.0
-3274956.0
-3322033.0
-3186439.0
-3643681.0
-3189059.0
-3143860.0
-3325237.0
-3282458.0
-3327361.0
-3376936.0
-3149689.0
-3377633.0
-3152397.0
-3244926.0
-3383295.0
-12605975.0
-3063904.0
-3156421.0
-3250410.0
-3432713.0
-3160278.0
-3298800.0
-3112448.0
-3205608.0
-3208337.0
-3117437.0
-3256706.0
-3257744.0
-3259792.0
-3306564.0
-3353854.0
-3353921.0
-3356572.0
-3356881.0
-3402367.0
-3312148.0
-3128989.0
-3267182.0
-3361389.0
-3452135.0
-3133703.0
-3133008.0
-3273551.0
-3413873.0
-3321442.0
-3231556.0
-3277186.0
-3418351.0
-3417497.0
-3234467.0
-3328851.0
-3374983.0
-3377061.0
-3285635.0
-3286952.0
-3288044.0
-3333292.0
-3334334.0
-3336483.0
-3430015.0
-3244375.0
-3477939.0
-3247345.0
-3203042.0
-3621665.0
-3249766.0
-3249652.0
-3252229.0
-3113694.0
-3393516.0
-3209316.0
-3116565.0
-3209083.0
-3351651.0
-3444849.0
-3259943.0
-3399970.0
-3448454.0
-3449477.0
-3311256.0
-3591547.0
-3311291.0
-3359713.0
-3220906.0
-3454370.0
-3455962.0
-3270706.0
-3457911.0
-3366838.0
-3180862.0
-3555362.0
-3275631.0
-3229267.0
-3276718.0
-3369474.0
-3465503.0
-12762403.0
-3373442.0
-12296059.0
-3140508.0
-3514259.0
-3329473.0
-3187487.0
-3375814.0
-3331915.0
-3331131.0
-3381686.0
-3241735.0
-3428317.0
-3289597.0
-3338673.0
-3290906.0
-3525661.0
-3480497.0
-3481906.0
-3390826.0
-3437137.0
-3391626.0
-3299137.0
-3393220.0
-3536357.0
-3491487.0
-3398095.0
-3494043.0
-3258881.0
-3210388.0
-3396991.0
-3449716.0
-3259865.0
-3309718.0
-3406162.0
-3406409.0
-3452783.0
-3361308.0
-12842114.0
-3315180.0
-3364725.0
-3462365.0
-3320497.0
-3272581.0
-3369111.0
-3367148.0
-3606584.0
-3467034.0
-3325944.0
-3276362.0
-3327827.0
-3467489.0
-12234691.0
-3375988.0
-3425943.0
-3426929.0
-3570811.0
-3333670.0
-3522924.0
-3427194.0
-3478409.0
-3288979.0
-3338141.0
-3243855.0
-3482559.0
-3483426.0
-3580515.0
-3342408.0
-3295969.0
-3293817.0
-3534053.0
-3534669.0
-3252695.0
-3300083.0
-3300319.0
-3351289.0
-3350449.0
-3354220.0
-3594164.0
-3357838.0
-3358210.0
-3453137.0
-3409300.0
-3550993.0
-3411053.0
-3509654.0
-3510805.0
-3651575.0
-3512591.0
-3417269.0
-3418942.0
-3419556.0
-3323357.0
-3371020.0
-3470064.0
-3712087.0
-3421251.0
-3569616.0
-3426830.0
-3670366.0
-3478034.0
-3328917.0
-3475671.0
-3384838.0
-3675284.0
-3482718.0
-3386800.0
-3485219.0
-3340296.0
-3677568.0
-3438861.0
-3291604.0
-3440457.0
-3344421.0
-3539687.0
-3394454.0
-3395768.0
-3541871.0
-3299842.0
-3301067.0
-3301456.0
-3351540.0
-3255194.0
-3400634.0
-3498555.0
-3599385.0
-3502804.0
-3358756.0
-3456331.0
-3604864.0
-3362199.0
-3412033.0
-3360564.0
-3559077.0
-3364757.0
-3510954.0
-3512625.0
-3710247.0
-3418878.0
-3516426.0
-3416623.0
-3617421.0
-3520330.0
-3568751.0
-3473037.0
-3521011.0
-3523040.0
-3476489.0
-3477928.0
-3576707.0
-3675178.0
-3579110.0
-3577899.0
-3530004.0
-3484332.0
-3681825.0
-3436634.0
-3683496.0
-3733100.0
-3538086.0
-3637119.0
-3386296.0
-3442970.0
-3590715.0
-3494113.0
-3788848.0
-3446004.0
-3547481.0
-3792685.0
-3450410.0
-3545264.0
-3550079.0
-3553161.0
-3702302.0
-3602463.0
-3652184.0
-3505038.0
-3556015.0
-3509518.0
-3412013.0
-3608155.0
-3660741.0
-3365130.0
-3514533.0
-3709738.0
-3564975.0
-3616946.0
-12972248.0
-3420016.0
-3519317.0
-3669038.0
-3569770.0
-3470127.0
-3474998.0
-3376113.0
-3524740.0
-3524776.0
-3527322.0
-3524806.0
-3577474.0
-3527560.0
-3430269.0
-3730312.0
-3581775.0
-3482215.0
-3533134.0
-3385202.0
-3433237.0
-3436806.0
-3486702.0
-3587196.0
-3538254.0
-3490494.0
-3492105.0
-3243582.0
-3493513.0
-3694191.0
-3691810.0
-3593644.0
-3597945.0
-3749890.0
-3599571.0
-3551081.0
-3501458.0
-3402001.0
-3452806.0
-3453934.0
-3656888.0
-3606139.0
-3707495.0
-3609117.0
-3559410.0
-3660112.0
-3710000.0
-3711320.0
-13410931.0
-3460537.0
-3512755.0
-3765073.0
-3414842.0
-3663809.0
-12360963.0
-3416476.0
-3667392.0
-3468707.0
-3717538.0
-3421456.0
-3673960.0
-3725909.0
-12921663.0
-3577822.0
-3376760.0
-3477725.0
-3574697.0
-3529053.0
-3430539.0
-3480922.0
-3684143.0
-3379884.0
-3631797.0
-3586975.0
-3535355.0
-3685731.0
-3539134.0
-3590568.0
-3490292.0
-3793649.0
-3486759.0
-3693144.0
-3438694.0
-3698232.0
-3699815.0
-3650180.0
-12484263.0
-3600623.0
-3700461.0
-3652570.0
-3805331.0
-3753103.0
-3655145.0
-3554679.0
-3453612.0
-12387893.0
-3863095.0
-3761671.0
-3455822.0
-3714833.0
-3560020.0
-3462196.0
-3309680.0
-3308658.0
-3614888.0
-3619454.0
-3772829.0
-3621338.0
-3671787.0
-3572110.0
-3574517.0
-3623998.0
-3572169.0
-3578005.0
-3476909.0
-3629959.0
-3478413.0
-13634049.0
-3734839.0
-3582672.0
-3637368.0
-3739812.0
-3485958.0
-3641099.0
-3487579.0
-3640646.0
-3847504.0
-3642839.0
-3746323.0
-3798884.0
-3697231.0
-3646152.0
-3750186.0
-3494737.0
-3701518.0
-3702724.0
-3651391.0
-3653594.0
-13295106.0
-3603776.0
-3552039.0
-3657175.0
-3759820.0
-3503733.0
-3454980.0
-3815883.0
-3662568.0
-3660799.0
-3716299.0
-3457697.0
-3768847.0
-3719258.0
-3717716.0
-3618617.0
-3669983.0
-3663031.0
-3773995.0
-3673383.0
-3572098.0
-3675865.0
-3574365.0
-3574154.0
-3472831.0
-3628040.0
-3579132.0
-3944645.0
-3736730.0
-3790808.0
-3791098.0
-3790585.0
-3897358.0
-3690086.0
-3741115.0
-3639992.0
-3640163.0
-3791727.0
-3796594.0
-3747565.0
-3695767.0
-3489219.0
-3901438.0
-3646966.0
-13648295.0
-3595943.0
-3961212.0
-3755335.0
-4016715.0
-3599582.0
-3967025.0
-3862764.0
-3812130.0
-3551640.0
-3763247.0
-3606417.0
-3813340.0
-3607939.0
-3819769.0
-3663550.0
-3664035.0
-3822064.0
-3768454.0
-3718791.0
-3666833.0
-3666929.0
-3720774.0
-12827825.0
-3668664.0
-3880257.0
-3931064.0
-3777824.0
-3620020.0
-12677392.0
-3831644.0
-3677530.0
-3779726.0
-3835777.0
-3679995.0
-3735232.0
-3682439.0
-13210484.0
-13527022.0
-3897450.0
-3794041.0
-3740691.0
-3688912.0
-3688829.0
-3903860.0
-3482141.0
-3693730.0
-3747643.0
-3907742.0
-3696752.0
-3539080.0
-3699328.0
-3594231.0
-3963788.0
-3701865.0
-3649362.0
-3650847.0
-3704740.0
-13176341.0
-3812117.0
-3809783.0
-3442699.0
-3920996.0
-13074556.0
-3975205.0
-3711904.0
-3659994.0
-3713174.0
-3715171.0
-3872956.0
-3770972.0
-13133627.0
-4092561.0
-3667335.0
-3827893.0
-3936312.0
-3882743.0
-3827767.0
-3829031.0
-3779419.0
-3725156.0
-3832604.0
-3676199.0
-3832939.0
-3836656.0
-3889645.0
-3626688.0
-3839771.0
-3733529.0
-3681180.0
-3842179.0
-3735618.0
-3898807.0
-4057905.0
-3793389.0
-4006948.0
-3795587.0
-3849920.0
-3850229.0
-3585276.0
-3692876.0
-3693389.0
-3800716.0
-3744286.0
-4121230.0
-3854336.0
-3697976.0
-3806559.0
-3699582.0
-3700881.0
-4023719.0
-3757224.0
-3650046.0
-3755435.0
-3651901.0
-3866725.0
-3813501.0
-3920938.0
-3763000.0
-3763654.0
-3762667.0
-3762987.0
-3820992.0
-3822595.0
-3716068.0
-4038861.0
-3826043.0
-3773343.0
-3935533.0
-3827048.0
-3720840.0
-3881392.0
-3991841.0
-3778387.0
-3832772.0
-3776996.0
-3834286.0
-13618744.0
-3835761.0
-3998278.0
-3943260.0
-3892226.0
-3947451.0
-3840916.0
-3949295.0
-3624602.0
-3465419.0
-3951775.0
-4007614.0
-3847810.0
-3899692.0
-3849929.0
-3903918.0
-3581336.0
-4067955.0
-3909348.0
-3855082.0
-4126057.0
-3911442.0
-3855970.0
-4075832.0
-3750334.0
-3913616.0
-3749501.0
-4078601.0
-3862540.0
-3751008.0
-3913682.0
-4189502.0
-3757452.0
-3920195.0
-3758918.0
-3759681.0
-4033224.0
-3979574.0
-3811285.0
-3708702.0
-3920156.0
-3927062.0
-3818947.0
-3767084.0
-3931331.0
-12783067.0
-3982829.0
-3989173.0
-3878814.0
-3823970.0
-3936865.0
-3934772.0
-3828508.0
-3993250.0
-13337012.0
-3886397.0
-3885991.0
-3833393.0
-4053650.0
-3888686.0
-3781309.0
-3944976.0
-4000857.0
-3782845.0
-4165244.0
-3951067.0
-3951572.0
-3843307.0
-3843460.0
-3953850.0
-4061180.0
-4120509.0
-3898891.0
-3847580.0
-3793931.0
-4014293.0
-3741651.0
-3797566.0
-4019606.0
-3745911.0
-3741211.0
-4077725.0
-3857509.0
-4299906.0
-3693561.0
-3912726.0
-3915675.0
-4025356.0
-3807980.0
-4085352.0
-3976431.0
-4142465.0
-3978204.0
-3867675.0
-3758850.0
-3924359.0
-4090396.0
-3980438.0
-4037759.0
-3871953.0
-3875108.0
-3876233.0
-3987115.0
-4043060.0
-4154887.0
-3823497.0
-3713965.0
-13826326.0
-3990115.0
-3828994.0
-3940733.0
-3884769.0
-3998280.0
-4054652.0
-3943440.0
-3886601.0
-4057790.0
-3889781.0
-3780790.0
-4172706.0
-4284639.0
-4118802.0
-3951586.0
-4006878.0
-3837455.0
-3843297.0
-4176860.0
-3899931.0
-4067851.0
-3959213.0
-3959610.0
-4128359.0
-4071192.0
-3739547.0
-4241730.0
-4021606.0
-3795725.0
-3911776.0
-13857086.0
-3912936.0
-3911202.0
-3858094.0
-4138102.0
-4084477.0
-4087173.0
-3862189.0
-3920464.0
-3919121.0
-4034637.0
-3979205.0
-3925288.0
-4262492.0
-4150418.0
-3982397.0
-3983116.0
-3872261.0
-3987754.0
-3931212.0
-3989221.0
-3933279.0
-4047132.0
-4272279.0
-4218787.0
-4049976.0
-3878488.0
-3771213.0
-4335046.0
-3942071.0
-3998986.0
-4168803.0
-3944869.0
-4114872.0
-4002032.0
-4284270.0
-4059784.0
-4060429.0
-4001607.0
-4006913.0
-4174740.0
-4066296.0
-4010196.0
-4122338.0
-3955814.0
-4125237.0
-3844929.0
-4015896.0
-3846104.0
-4126047.0
-3903279.0
-4018943.0
-4247317.0
-4078987.0
-3909478.0
-4023477.0
-3911255.0
-13515422.0
-3855735.0
-4138511.0
-4139701.0
-4251891.0
-3972499.0
-4088230.0
-4143604.0
-4027428.0
-4089900.0
-4144758.0
-4090111.0
-12045442.0
-4207347.0
-3981448.0
-4095977.0
-3925767.0
-3983677.0
-3871283.0
-4041126.0
-4158322.0
-4159526.0
-4159443.0
-12619685.0
-4103303.0
-4046061.0
-3994488.0
-4049941.0
-4110871.0
-4112319.0
-4111649.0
-4399379.0
-4001290.0
-4288488.0
-3945930.0
-4003536.0
-4234252.0
-4231699.0
-4178687.0
-3893231.0
-4065685.0
-3895267.0
-3952221.0
-4009307.0
-3955282.0
-13094793.0
-4356237.0
-4244971.0
-4016773.0
-4017247.0
-3960283.0
-4191249.0
-4020474.0
-4193226.0
-4079818.0
-4022879.0
-4076960.0
-3963377.0
-3967988.0
-4197407.0
-4373282.0
-3970839.0
-4143999.0
-3973353.0
-4145596.0
-4376894.0
-13630487.0
-4315698.0
-4092168.0
-3977282.0
-4267506.0
-4094937.0
-4211839.0
-4037749.0
-4038954.0
-4156619.0
-4041935.0
-4042536.0
-4101361.0
-4274360.0
-4041654.0
-4218812.0
-4105887.0
-3988632.0
-4220083.0
-4280504.0
-3935004.0
-3934792.0
-3934046.0
-3995419.0
-4111448.0
-4170494.0
-13128558.0
-4171182.0
-13536651.0
-4234107.0
-3943687.0
-4293726.0
-3945859.0
-4118935.0
-4063806.0
-3949220.0
-4064952.0
-4125534.0
-4007940.0
-4243851.0
-4304142.0
-4190036.0
-3898435.0
-4249545.0
-4134273.0
-4134878.0
-4195502.0
-4312007.0
-4253406.0
-4080852.0
-4198700.0
-4316942.0
-4434977.0
-4315696.0
-4083219.0
-4376088.0
-4145563.0
-3969557.0
-4032955.0
-4203703.0
-4151463.0
-4034325.0
-4270038.0
-4270347.0
-4155833.0
-4157955.0
-4097122.0
-4335734.0
-3986331.0
-4397896.0
-4279424.0
-4046757.0
-4105553.0
-4107011.0
-4104987.0
-4227706.0
-4111183.0
-4229765.0
-4347441.0
-4054392.0
-4228533.0
-4351478.0
-3999120.0
-3999952.0
-4235739.0
-4237876.0
-4120405.0
-4239133.0
-4237117.0
-4119164.0
-4004295.0
-4124374.0
-4126082.0
-4008594.0
-4303320.0
-4245143.0
-4304645.0
-4243352.0
-4188352.0
-4248812.0
-4132233.0
-4250861.0
-4430326.0
-4253964.0
-4313090.0
-4138143.0
-4138337.0
-4198772.0
-4315081.0
-4138057.0
-3963886.0
-4320554.0
-4319708.0
-12722694.0
-4085980.0
-4264705.0
-4088018.0
-13198573.0
-4148977.0
-4149288.0
-4209335.0
-4151654.0
-4092841.0
-4091946.0
-4449420.0
-4331962.0
-4208963.0
-4510832.0
-4333375.0
-4335083.0
-4394017.0
-4398877.0
-4280750.0
-4283528.0
-4344621.0
-4345610.0
-4167851.0
-4347871.0
-4587884.0
-4288440.0
-4470621.0
-4349159.0
-4173624.0
-4234381.0
-4291518.0
-4234642.0
-4176108.0
-4537618.0
-4180218.0
-4416801.0
-4121192.0
-4412886.0
-4180279.0
-4062867.0
-4422243.0
-4185639.0
-4426838.0
-4365639.0
-13169660.0
-4070441.0
-4249918.0
-4546813.0
-4253328.0
-4134414.0
-4315610.0
-4134684.0
-4191168.0
-4376704.0
-4437947.0
-4320829.0
-4381806.0
-4434358.0
-4323068.0
-4261681.0
-4326786.0
-4206149.0
-4147563.0
-4268462.0
-4026900.0
-4327966.0
-4391921.0
-4091805.0
-4152027.0
-4332592.0
-4395066.0
-4095270.0
-4456952.0
-4156705.0
-4096540.0
-4520448.0
-4097390.0
-3978027.0
-4342377.0
-4524549.0
-4164447.0
-4406217.0
-4104845.0
-4287321.0
-4470127.0
-4168279.0
-4350071.0
-4350920.0
-4049114.0
-4233804.0
-4293057.0
-4114967.0
-4235876.0
-4359117.0
-13996405.0
-4297672.0
-4295936.0
-4424012.0
-4485577.0
-4304850.0
-4306166.0
-4365759.0
-4368288.0
-4428843.0
-4249144.0
-4189791.0
-4431771.0
-4435047.0
-4371619.0
-4497545.0
-4193605.0
-4012410.0
-4317979.0
-4195392.0
-4198252.0
-4563273.0
-4259815.0
-4261023.0
-4379748.0
-4323162.0
-4201459.0
-4508542.0
-4326185.0
-4385447.0
-4267119.0
-4510743.0
-13533974.0
-4330488.0
-4636152.0
-4333229.0
-4272131.0
-4396035.0
-4520115.0
-4215806.0
-4644788.0
-4218038.0
-4707175.0
-4095493.0
-4220556.0
-4220311.0
-4529500.0
-4285590.0
-4283557.0
-4348332.0
-4473042.0
-4167389.0
-4290864.0
-4474845.0
-4475612.0
-14354400.0
-12270000.0
-4416783.0
-4416714.0
-4296389.0
-4112937.0
-4605091.0
-4483279.0
-4236073.0
-4362930.0
-4300837.0
-4425243.0
-4426609.0
-4180375.0
-4304204.0
-13999412.0
-4430810.0
-4432080.0
-4308224.0
-4372647.0
-4250590.0
-4372691.0
-4374310.0
-4500235.0
-4439341.0
-4438463.0
-4375666.0
-4255936.0
-4441533.0
-4567042.0
-4627883.0
-4322450.0
-4444685.0
-4447439.0
-4387438.0
-4385110.0
-4204818.0
-4389474.0
-4327658.0
-4516419.0
-4640869.0
-4331721.0
-4580198.0
-4458631.0
-4209940.0
-4522242.0
-4337037.0
-4148063.0
-4400128.0
-4522554.0
-4463122.0
-4528020.0
-4215885.0
-4651101.0
-4406527.0
-4469470.0
-4531538.0
-4534132.0
-4534080.0
-4285373.0
-4599288.0
-4474822.0
-4289619.0
-4539852.0
-4416005.0
-4354442.0
-4230885.0
-13857302.0
-4356524.0
-4546666.0
-4545883.0
-4548782.0
-4610886.0
-4301666.0
-4489607.0
-4551998.0
-4490293.0
-4493179.0
-4307609.0
-4308752.0
-4308930.0
-4559768.0
-4561294.0
-4372768.0
-4438421.0
-4438782.0
-4501350.0
-4565139.0
-4439990.0
-4315840.0
-4317234.0
-4379655.0
-4756592.0
-4444572.0
-4507771.0
-4320053.0
-4196394.0
-4260164.0
-4256908.0
-4448923.0
-4450733.0
-4702349.0
-4577365.0
-4390088.0
-4266242.0
-4454407.0
-4392170.0
-4395458.0
-4458379.0
-4521753.0
-4394579.0
-4776132.0
-4523876.0
-4527729.0
-4655169.0
-4589450.0
-4782589.0
-4658105.0
-4529350.0
-4534004.0
-13526905.0
-4474374.0
-4411827.0
-4535519.0
-4352415.0
-4415998.0
-4479871.0
-4480236.0
-4419155.0
-4546584.0
-4421686.0
-4423220.0
-4550607.0
-4614124.0
-4362059.0
-4554065.0
-4491685.0
-4487174.0
-4809711.0
-4493922.0
-4683644.0
-4623132.0
-4244645.0
-4623717.0
-4371813.0
-4754037.0
-4309216.0
-4502247.0
-4629434.0
-4504447.0
-13998611.0
-4633943.0
-4757026.0
-4568485.0
-4573168.0
-4638099.0
-4578153.0
-4450528.0
-4325383.0
-4643078.0
-4326024.0
-4455575.0
-4454498.0
-4326819.0
-4584823.0
-4394748.0
-4395375.0
-4394572.0
-4588444.0
-4589274.0
-4715413.0
-4719463.0
-4466137.0
-4465149.0
-4785227.0
-4724014.0
-4597792.0
-4726494.0
-4470029.0
-4472797.0
-4409767.0
-4345902.0
-4475744.0
-4859058.0
-4477143.0
-4350453.0
-4607770.0
-4222297.0
-4544937.0
-4417966.0
-4482876.0
-4543042.0
-13524221.0
-4612473.0
-4549624.0
-4421987.0
-4547108.0
-4553935.0
-4619359.0
-4619022.0
-4557313.0
-4687846.0
-4559014.0
-4496463.0
-4498027.0
-13149262.0
-4690272.0
-4629012.0
-4692929.0
-4695465.0
-4438104.0
-4438498.0
-4762887.0
-4378791.0
-4251641.0
-4510321.0
-4510989.0
-4639614.0
-4576888.0
-4644543.0
-4775432.0
-4709679.0
-14131159.0
-13421644.0
-4714412.0
-4392294.0
-4585461.0
-13681971.0
-4781529.0
-4524731.0
-4396119.0
-4656429.0
-4785848.0
-4721709.0
-4464358.0
-13819000.0
-4596758.0
-4466634.0
-13691132.0
-14274418.0
-4664481.0
-4730035.0
-4728554.0
-4536377.0
-4470769.0
-4601389.0
-4473380.0
-4540868.0
-4606923.0
-4543637.0
-4609286.0
-4736687.0
-4350529.0
-4675046.0
-4996601.0
-4612897.0
-4873405.0
-4483429.0
-4616397.0
-4550134.0
-4422169.0
-4422465.0
-4618700.0
-4491040.0
-4686812.0
-4491459.0
-4687649.0
-4492278.0
-4948774.0
-4495304.0
-4493104.0
-4692376.0
-4496277.0
-4627314.0
-4630298.0
-4631024.0
-4500781.0
-4697780.0
-4635048.0
-4701813.0
-4898326.0
-4896764.0
-4769292.0
-4771428.0
-4768464.0
-4706115.0
-4576878.0
-4579136.0
-4773300.0
-4515261.0
-4646818.0
-4514125.0
-4780661.0
-4712906.0
-4716681.0
-4521208.0
-4650502.0
-4588034.0
-4849955.0
-4523792.0
-4655576.0
-4983964.0
-4723217.0
-4656354.0
-4659944.0
-4725498.0
-4530711.0
-4594970.0
-4860583.0
-4728754.0
-4925156.0
-4271434.0
-4598781.0
-4666500.0
-4602518.0
-4604748.0
-4733484.0
-4672005.0
-4804680.0
-4806016.0
-4477437.0
-4671976.0
-4542497.0
-4546654.0
-4679150.0
-4615051.0
-4813664.0
-4814684.0
-4748933.0
-4750637.0
-4750553.0
-4555339.0
-4819820.0
-4819123.0
-4690154.0
-4691938.0
-4691163.0
-14362894.0
-4628252.0
-4628376.0
-4824037.0
-4497507.0
-4762841.0
-4697577.0
-4764903.0
-4958407.0
-4567615.0
-4833808.0
-4636386.0
-4570442.0
-4638597.0
-14175202.0
-4704271.0
-4839696.0
-4772989.0
-4772294.0
-4576117.0
-14178039.0
-4640469.0
-4578513.0
-4975454.0
-4714209.0
-4846500.0
-4716912.0
-4650995.0
-4785433.0
-4719435.0
-14653331.0
-4984713.0
-4922634.0
-4453661.0
-4724383.0
-4657315.0
-4657346.0
-4593164.0
-4726334.0
-4994762.0
-4729989.0
-4661048.0
-4728449.0
-4862273.0
-4730411.0
-4997703.0
-4734645.0
-4665506.0
-4469788.0
-4671417.0
-4738219.0
-4738675.0
-4874238.0
-4741245.0
-4742997.0
-4542980.0
-4744171.0
-4678551.0
-4812728.0
-4747904.0
-4681466.0
-4880480.0
-4682546.0
-4750486.0
-4549874.0
-4551780.0
-4818731.0
-4754220.0
-5090654.0
-4623991.0
-4557376.0
-5094680.0
-4693070.0
-14627422.0
-4822251.0
-4696997.0
-4831460.0
-4832946.0
-4632081.0
-4767569.0
-4702660.0
-4634421.0
-5038793.0
-4908303.0
-4771170.0
-4707954.0
-4843879.0
-4709123.0
-4845243.0
-4712586.0
-4848346.0
-4848150.0
-4781774.0
-4782398.0
-4649987.0
-4649698.0
-4718024.0
-4853496.0
-5058567.0
-4992380.0
-4651586.0
-14183919.0
-4994947.0
-4590382.0
-4590284.0
-4793668.0
-4726267.0
-4931528.0
-4865928.0
-4596369.0
-4665435.0
-4869292.0
-4664660.0
-4933606.0
-4465952.0
-4940522.0
-4738596.0
-5010546.0
-5078677.0
-4944357.0
-4468860.0
-4811852.0
-4672990.0
-5013441.0
-4950829.0
-4814664.0
-4749795.0
-4616451.0
-4888492.0
-4686099.0
-4687147.0
-5026878.0
-4689587.0
-4892360.0
-4827185.0
-4623366.0
-4824725.0
-4760806.0
-4557071.0
-4623971.0
-5172694.0
-4628172.0
-4696293.0
-4766875.0
-4696106.0
-4970646.0
-4837794.0
-4634138.0
-4703631.0
-4976506.0
-4978507.0
-4637781.0
-4635582.0
-4842555.0
-4707699.0
-4777799.0
-4846120.0
-4641091.0
-4983364.0
-4984754.0
-4645455.0
-4850302.0
-4988768.0
-4849930.0
-4989699.0
-4921923.0
-4649781.0
-4854429.0
-4925481.0
-4856241.0
-4788669.0
-4861017.0
-4725395.0
-4795231.0
-4589513.0
-5139516.0
-4934884.0
-4935047.0
-4936109.0
-4592818.0
-4871134.0
-14666306.0
-4597451.0
-4665341.0
-5013265.0
-4877370.0
-4810429.0
-4671917.0
-4673890.0
-5225733.0
-4608018.0
-5088801.0
-4745539.0
-4883315.0
-4814635.0
-4747568.0
-4889000.0
-4889022.0
-4683837.0
-4752381.0
-5099990.0
-4687808.0
-4964123.0
-4963944.0
-4690323.0
-4967471.0
-4830203.0
-4830654.0
-5039328.0
-4758592.0
-4903008.0
-4696967.0
-4763555.0
-4629769.0
-5183570.0
-4835474.0
-4700694.0
-4702037.0
-4840779.0
-4981159.0
-4913144.0
-4845082.0
-4499723.0
-4776649.0
-5051798.0
-4779453.0
-4709924.0
-4711875.0
-4919492.0
-13326706.0
-5059701.0
-5060522.0
-5059494.0
-5268125.0
-4643706.0
-4994042.0
-4993716.0
-4646906.0
-4927403.0
-4718977.0
-4927092.0
-4928128.0
-4721627.0
-4791913.0
-4793110.0
-5139361.0
-5072165.0
-4726115.0
-4727000.0
-5000142.0
-4939035.0
-5219356.0
-4662045.0
-5012330.0
-5081905.0
-5010120.0
-4875320.0
-4736644.0
-4947075.0
-4880113.0
-4670676.0
-4876868.0
-5019707.0
-5022772.0
-5022418.0
-5096860.0
-4815247.0
-4886448.0
-4890507.0
-4960681.0
-4890942.0
-4822879.0
-4958235.0
-4894431.0
-4685839.0
-4967264.0
-5108530.0
-5039105.0
-4829782.0
-5038416.0
-4760379.0
-4830768.0
-4972199.0
-4762931.0
-4904423.0
-4973105.0
-4834131.0
-13644024.0
-4836435.0
-4908885.0
-5260123.0
-13996579.0
-4699176.0
-4912719.0
-4700532.0
-4704152.0
-4983918.0
-4915387.0
-4916466.0
-4986554.0
-5341059.0
-4847288.0
-4569217.0
-4851132.0
-4848744.0
-4638804.0
-4500839.0
-5065374.0
-4785104.0
-4857617.0
-5139683.0
-5000388.0
-4999706.0
-4859396.0
-4931347.0
-5213333.0
-4932077.0
-5140920.0
-5004292.0
-5005822.0
-4936787.0
-4795937.0
-5077242.0
-14791104.0
-14162928.0
-5008461.0
-4869878.0
-5006254.0
-4872665.0
-4873438.0
-4732389.0
-4662846.0
-5086128.0
-5017839.0
-5228746.0
-4879056.0
-4735456.0
-4808522.0
-5306127.0
-5162394.0
-4811307.0
-5025366.0
-4953104.0
-5168065.0
-4955541.0
-4815437.0
-4888659.0
-5031689.0
-4892152.0
-4679477.0
-4751374.0
-4823543.0
-4888168.0
-4964607.0
-5109309.0
-5037422.0
-4827583.0
-4899530.0
-4969451.0
-5043172.0
-4830864.0
-4971243.0
-4969211.0
-4905716.0
-5190069.0
-5118179.0
-4764290.0
-4838076.0
-4908410.0
-5052832.0
-4983064.0
-4841332.0
-14627850.0
-4842491.0
-14274184.0
-4917198.0
-4845897.0
-4847727.0
-4918850.0
-4919053.0
-5062033.0
-5207724.0
-5063240.0
-5067953.0
-4924975.0
-4927753.0
-13143155.0
-4928200.0
-4930178.0
-5002918.0
-5147313.0
-5148613.0
-5149139.0
-4864290.0
-5147325.0
-5152436.0
-4866678.0
-5082882.0
-5369479.0
-5009193.0
-5082319.0
-5085860.0
-5159010.0
-5015469.0
-5160295.0
-4946852.0
-4947826.0
-14374840.0
-4948943.0
-5235733.0
-5165631.0
-5093417.0
-5024329.0
-5169003.0
-4953791.0
-14379307.0
-5241628.0
-4884470.0
-5028417.0
-4885077.0
-4888052.0
-5103961.0
-4960243.0
-5176747.0
-5104919.0
-5320005.0
-5035977.0
-5249725.0
-4892340.0
-4963288.0
-4894445.0
-4895843.0
-5468671.0
-5186847.0
-5331029.0
-5259392.0
-5189098.0
-4973493.0
-5188378.0
-4975981.0
-4832729.0
-5191608.0
-4906296.0
-4834166.0
-4978787.0
-4979455.0
-4837064.0
-4911041.0
-4982790.0
-5059716.0
-5060860.0
-5278675.0
-5061685.0
-5208070.0
-4990939.0
-5137647.0
-4993474.0
-4921171.0
-5141322.0
-4850139.0
-4923232.0
-5287952.0
-5001489.0
-5143892.0
-4930541.0
-5003110.0
-5222231.0
-5003487.0
-5150979.0
-12975076.0
-13917679.0
-4934243.0
-5006747.0
-5228646.0
-5441872.0
-4938990.0
-5158869.0
-5226205.0
-5233482.0
-5013324.0
-5018511.0
-4944403.0
-5090754.0
-5092494.0
-4949741.0
-4950218.0
-5241154.0
-4879587.0
-5243849.0
-5098124.0
-5025809.0
-5100627.0
-5172588.0
-4957549.0
-5395968.0
-4738361.0
-4960662.0
-4960077.0
-5322603.0
-5181570.0
-5108058.0
-5404683.0
-4967669.0
-5039804.0
-5041395.0
-5113261.0
-5261742.0
-5190121.0
-5265129.0
-5118894.0
-14828389.0
-5338421.0
-4830136.0
-5048694.0
-5197075.0
-14246938.0
-5346172.0
-5201910.0
-5128317.0
-5130209.0
-4983585.0
-5278444.0
-4985631.0
-5573083.0
-5134451.0
-5134774.0
-5282589.0
-5063862.0
-5284574.0
-14698030.0
-5065828.0
-4917717.0
-4919386.0
-5360522.0
-5141239.0
-5365928.0
-5071660.0
-5219878.0
-5149572.0
-5076778.0
-5367841.0
-4784340.0
-5152017.0
-5374166.0
-5374880.0
-5228807.0
-5229298.0
-5008493.0
-5451464.0
-5154844.0
-5231246.0
-4937460.0
-5011110.0
-5232250.0
-5380759.0
-5089738.0
-5163719.0
-5239293.0
-5534869.0
-5094267.0
-5312560.0
-5243580.0
-5243990.0
-5098176.0
-4803393.0
-5393620.0
-5026612.0
-5101802.0
-5250010.0
-5176839.0
-5178985.0
-5254068.0
-5105944.0
-5255250.0
-5108126.0
-5110031.0
-5332274.0
-5255722.0
-5406331.0
-5333593.0
-5263063.0
-5338174.0
-5116782.0
-5265929.0
-5119558.0
-5416715.0
-5046674.0
-5120760.0
-5270859.0
-5122213.0
-5049546.0
-4976234.0
-5496793.0
-5424754.0
-4978298.0
-5054392.0
-5127085.0
-4979654.0
-4980939.0
-5206204.0
-5357216.0
-5135533.0
-5204326.0
-14914385.0
-5212870.0
-5139109.0
-5065794.0
-4915886.0
-4695008.0
-5290301.0
-5217208.0
-5365254.0
-5144543.0
-5070158.0
-4998211.0
-5222940.0
-5297416.0
-5300200.0
-5151084.0
-5451630.0
-5227769.0
-5305655.0
-5231725.0
-5307316.0
-5156573.0
-5307763.0
-5226107.0
-5310156.0
-5087458.0
-5163357.0
-5089716.0
-5016400.0
-5390734.0
-5092469.0
-5313530.0
-5095240.0
-5245456.0
-5096508.0
-5470305.0
-5096529.0
-5469764.0
-4873715.0
-5246279.0
-5325013.0
-5174803.0
-5251972.0
-5477098.0
-4879063.0
-5255098.0
-5556028.0
-5181985.0
-4882216.0
-5256859.0
-5333525.0
-5110416.0
-5186577.0
-5335332.0
-5488525.0
-5112341.0
-5486940.0
-5265940.0
-5416821.0
-5189088.0
-5343860.0
-5344192.0
-5118024.0
-4970353.0
-5196724.0
-5423294.0
-5195273.0
-4973099.0
-5350506.0
-5348626.0
-5276559.0
-5352803.0
-5429019.0
-5202514.0
-5279572.0
-5356223.0
-5508908.0
-5662885.0
-5284824.0
-5210114.0
-5212111.0
-5363685.0
-5362439.0
-5439571.0
-5440059.0
-5289993.0
-5215943.0
-5368365.0
-5670171.0
-5141759.0
-5066862.0
-5296133.0
-5445747.0
-5220096.0
-5523709.0
-5374905.0
-5300986.0
-5452582.0
-5603384.0
-4923480.0
-4998022.0
-5227817.0
-5305044.0
-5152595.0
-5304486.0
-5457399.0
-5306866.0
-5535103.0
-5158650.0
-5158008.0
-5464040.0
-5692221.0
-5083591.0
-5159591.0
-5237829.0
-5087454.0
-5013697.0
-5392678.0
-5544853.0
-5624260.0
-5397435.0
-5549783.0
-5324624.0
-5248857.0
-5402722.0
-5251335.0
-5632528.0
-5400771.0
-5026496.0
-5095551.0
-5255180.0
-5484576.0
-5486021.0
-5256612.0
-5640305.0
-5108411.0
-5413857.0
-5567165.0
-5263620.0
-5187953.0
-5340891.0
-5341759.0
-5113524.0
-5419755.0
-5648668.0
-4961275.0
-5650630.0
-5422159.0
-5423142.0
-5042635.0
-5424234.0
-5270872.0
-5501262.0
-5503426.0
-5196466.0
-5428390.0
-5274709.0
-5502865.0
-5279155.0
-5506963.0
-5510114.0
-5357828.0
-5129064.0
-5206299.0
-5285066.0
-5438785.0
-5668683.0
-5288482.0
-5442985.0
-5444107.0
-5367860.0
-5291989.0
-5370424.0
-5218117.0
-5756145.0
-5296268.0
-5373084.0
-5220699.0
-5608181.0
-6143736.0
-5456264.0
-5380051.0
-5150316.0
-5303337.0
-5381818.0
-5383164.0
-5535992.0
-5307311.0
-5231100.0
-14693850.0
-5155588.0
-5387824.0
-5386233.0
-5467778.0
-5468768.0
-5314812.0
-5393966.0
-12620423.0
-5316088.0
-5702982.0
-5627493.0
-5166983.0
-5318797.0
-5319492.0
-5324117.0
-5479040.0
-5557769.0
-5480198.0
-5404333.0
-5559806.0
-5174137.0
-5483884.0
-5408127.0
-5564574.0
-5487076.0
-5564997.0
-5412749.0
-5413545.0
-5723816.0
-5413437.0
-5493480.0
-5336436.0
-5341172.0
-5651211.0
-5110737.0
-5343101.0
-5808254.0
-5422566.0
-5345402.0
-5346782.0
-5269053.0
-5268712.0
-5426213.0
-5503309.0
-5502406.0
-5505208.0
-5274457.0
-5275055.0
-5586122.0
-5587966.0
-5277427.0
-5510813.0
-15280916.0
-5514049.0
-5515496.0
-5358624.0
-5439420.0
-5593261.0
-5362785.0
-5597440.0
-5520229.0
-5365737.0
-5364762.0
-5366121.0
-5599948.0
-13267744.0
-5367120.0
-5596656.0
-5369592.0
-5526401.0
-5370096.0
-5293746.0
-13659930.0
-5838514.0
-5608893.0
-5298687.0
-5376242.0
-5533418.0
-5689500.0
-5454580.0
-5303729.0
-5226659.0
-5382220.0
-5460974.0
-5463000.0
-5382436.0
-5384892.0
-5466316.0
-5699786.0
-5311268.0
-5234786.0
-5468211.0
-5702816.0
-5471204.0
-5785887.0
-5395342.0
-5161225.0
-5632201.0
-5711423.0
-5243096.0
-5869979.0
-15007665.0
-5481100.0
-5403861.0
-5483185.0
-5404851.0
-5406503.0
-5795024.0
-5564618.0
-5249949.0
-5880326.0
-5646072.0
-5568953.0
-5568588.0
-5563833.0
-14473050.0
-5335654.0
-5414854.0
-5494694.0
-5573686.0
-5417612.0
-5339111.0
-5419607.0
-5418326.0
-5343087.0
-5498578.0
-5580886.0
-5739579.0
-13381445.0
-5583721.0
-5742195.0
-5505797.0
-5508054.0
-5429967.0
-5587931.0
-5586715.0
-5509227.0
-14882051.0
-5350708.0
-5277565.0
-5752278.0
-5673298.0
-15044016.0
-5832731.0
-5279189.0
-5596398.0
-5677488.0
-5440828.0
-5361574.0
-5362515.0
-5444561.0
-5524049.0
-5447378.0
-5763446.0
-5370998.0
-5761728.0
-5448309.0
-5214924.0
-5609803.0
-5533159.0
-5532895.0
-5455868.0
-5371936.0
-5299090.0
-5377619.0
-5774451.0
-5381634.0
-5856264.0
-14906580.0
-5226752.0
-5385380.0
-5544047.0
-5624876.0
-5781977.0
-5390850.0
-5074087.0
-5788712.0
-5631337.0
-5471901.0
-5554249.0
-5475951.0
-5238743.0
-5556464.0
-5477449.0
-5716071.0
-5559373.0
-13653771.0
-5322217.0
-5562206.0
-6198558.0
-5562063.0
-14848975.0
-5485250.0
-5404020.0
-5407097.0
-13737239.0
-5327242.0
-5566641.0
-5172022.0
-5570401.0
-5412594.0
-5492616.0
-5652621.0
-5734211.0
-5495463.0
-5254420.0
-5893157.0
-5576863.0
-5574095.0
-5657862.0
-5417790.0
-5578614.0
-5503494.0
-5902011.0
-5505345.0
-5426693.0
-5506400.0
-5666240.0
-5506875.0
-5510671.0
-5668140.0
-5353056.0
-5432378.0
-5673979.0
-5271155.0
-5913773.0
-5437822.0
-5597203.0
-5839776.0
-5436876.0
-5679334.0
-5599198.0
-5283014.0
-6002147.0
-5681921.0
-5925784.0
-5687232.0
-5607357.0
-13926262.0
-5610014.0
-5611387.0
-5451690.0
-5371812.0
-5533166.0
-5453547.0
-5534570.0
-5533012.0
-5532576.0
-5534816.0
-5619250.0
-5458185.0
-5781304.0
-5381467.0
-5623069.0
-5704070.0
-5463966.0
-5624249.0
-5543489.0
-5947318.0
-5867836.0
-5627231.0
-5547256.0
-5870218.0
-5709132.0
-5388762.0
-5389363.0
-5551230.0
-5471234.0
-6116575.0
-5394396.0
-5635964.0
-5717952.0
-5396915.0
-5879638.0
-5639867.0
-5560113.0
-5803342.0
-5642046.0
-5401943.0
-5725094.0
-5645268.0
-5403776.0
-5970555.0
-5567188.0
-5649290.0
-5569760.0
-5569899.0
-5652146.0
-5652083.0
-5655078.0
-5736635.0
-5898817.0
-5414761.0
-5658305.0
-5578903.0
-5578114.0
-15094719.0
-5500199.0
-5336735.0
-5581808.0
-5905929.0
-5823019.0
-5504743.0
-5421885.0
-5830130.0
-5831124.0
-5666713.0
-5588824.0
-5914791.0
-5349201.0
-5430344.0
-5672197.0
-5431106.0
-5756709.0
-13324473.0
-5917373.0
-5678424.0
-5679424.0
-5755923.0
-5843095.0
-5514636.0
-5515651.0
-5277522.0
-5926480.0
-5604233.0
-5847994.0
-5686422.0
-5601238.0
-5523595.0
-5445820.0
-6014776.0
-5527941.0
-5855920.0
-5856705.0
-5532366.0
-5453715.0
-5699008.0
-5619767.0
-5702532.0
-5785268.0
-5457168.0
-5620940.0
-5544082.0
-5382359.0
-5627838.0
-5873393.0
-5954721.0
-5466912.0
-5625656.0
-5548347.0
-5552744.0
-13918528.0
-5390880.0
-13594106.0
-5960978.0
-5634730.0
-5802557.0
-5880257.0
-5803312.0
-14251265.0
-5560644.0
-5886836.0
-5726589.0
-5726977.0
-5727338.0
-5727846.0
-5730406.0
-5647182.0
-6139011.0
-5323730.0
-5488400.0
-5817102.0
-5734542.0
-5735710.0
-14833171.0
-14835607.0
-5656062.0
-5739779.0
-15578355.0
-5495109.0
-5824987.0
-5827566.0
-5582167.0
-5664749.0
-5743635.0
-5749333.0
-5418182.0
-14683392.0
-5916709.0
-5588592.0
-5753050.0
-5425293.0
-5507560.0
-5590814.0
-5591809.0
-14277762.0
-14854600.0
-5677109.0
-5595767.0
-5840989.0
-5514577.0
-5678943.0
-5927041.0
-5600203.0
-5845443.0
-15603109.0
-5437766.0
-5520715.0
-5851002.0
-5934032.0
-5605233.0
-5769802.0
-5773264.0
-5773268.0
-5445364.0
-5611081.0
-5693661.0
-5939455.0
-5613180.0
-6028284.0
-5527945.0
-5699564.0
-5533654.0
-5537117.0
-5702767.0
-5373021.0
-5786565.0
-5621558.0
-5538582.0
-5622228.0
-5871564.0
-5790231.0
-5954798.0
-5957471.0
-5793311.0
-14552332.0
-5794927.0
-5628403.0
-5710920.0
-5548951.0
-5633088.0
-5713817.0
-5715708.0
-5717072.0
-13315194.0
-15056970.0
-5554883.0
-5886949.0
-14478495.0
-5971942.0
-5889774.0
-5641868.0
-5725341.0
-5476073.0
-5975901.0
-5812958.0
-5729860.0
-5565212.0
-5648709.0
-5815858.0
-5567653.0
-5650157.0
-13821613.0
-6150813.0
-5650785.0
-6232905.0
-5821694.0
-5653913.0
-6071570.0
-5741202.0
-5575974.0
-5576893.0
-5493594.0
-5576129.0
-5662385.0
-5745562.0
-5580006.0
-5748269.0
-5662328.0
-5416768.0
-5667992.0
-5667640.0
-5752179.0
-5669384.0
-5669562.0
-5921673.0
-5923521.0
-5757723.0
-5674551.0
-5507905.0
-5759743.0
-5760038.0
-5677096.0
-5845276.0
-5680316.0
-5431779.0
