998992
1599006
399003
-995
399018
799007
399000
599000
399009
-998
398997
399009
-1004
399006
1199002
-995
399012
399012
-1007
-998
1199002
399003
-1004
-998
-1001
799001
399000
799001
999004
-998
-998
399006
-989
-998
-1010
799001
-989
-998
799001
-1010
-1001
-1004
-998
599906
-998
1199007
399003
-1007
-989
399000
-1010
1801001
-1001
-998
999007
-1004
-998
-88
399009
-998
399000
799007
1999001
399000
-1004
-1001
399000
798998
-1001
799007
399000
1301001
-995
399006
-1004
1501907
399009
398994
-1004
-992
998998
-1001
399000
798998
799004
1198999
-989
-1007
399006
399000
1798997
1199011
-1010
999908
-998
-998
399000
-995
-995
-1010
399003
-989
398997
399009
399012
-998
-998
399003
-1007
-1001
-995
1199011
798998
599003
-1004
-992
599006
599912
-1007
399009
599900
-1004
399000
-998
-998
-1004
-1001
-998
-995
-1004
399000
1299907
399009
-1007
-995
398997
1199008
399000
-998
-1001
-1001
-995
398997
-995
998998
-998
399006
-1001
-1007
-1004
-995
-1007
799001
399009
1199011
-1001
399006
-1004
399009
-989
1199004
-995
-1001
-992
-1004
399012
-998
-1007
-1004
398994
598997
-1001
-992
1799012
398997
399000
1199002
-1007
-1007
399003
601003
1199002
-989
-1001
-992
-1010
