-7524
-7731
-5562
-7556
392652
2693638
-6622
1394878
392359
392027
-6723
-7539
-7134
793517
392577
-7728
392225
1192167
1792461
392269
1192342
392132
1592554
1193844
-7432
392784
792695
392420
792178
1592961
-7387
2093278
392812
592761
792534
-7238
-7462
392166
-7764
792181
-7584
1992088
792684
-7534
-7727
-7869
593782
1192748
-6812
-7455
2192277
792522
392285
794078
-7469
792366
792397
1594283
-7436
392254
-7059
1192094
-7548
-5721
1293484
392338
792356
392756
1592300
-7928
791909
-7153
2392395
792376
1992626
1793404
392351
392643
1392472
1992510
1192475
1592669
1693115
-6527
392520
792125
392177
-7962
792459
-7842
2394279
2392388
3192432
4997204
1392786
792188
1192244
-7510
-8053
-7905
-7466
-7878
992992
4592000
792159
-7620
-7726
392560
992470
792268
-7716
-7639
1792338
992500
792487
392667
1192151
-7733
392653
392273
1192256
-7904
-5825
994470
1392901
1596390
1192695
2392070
1792271
792323
1793150
995509
1392820
792483
2192168
1192286
791659
1394352
392563
393192
992076
392530
392062
-7535
1192363
792287
792588
594758
392671
992183
392386
1192063
-7945
393194
792712
-7548
1792382
394387
-8149
-7359
792055
-7520
-7695
392288
1592421
-5747
1394554
-7535
2593252
1592328
1592262
793972
-7339
1192879
-7738
993056
792503
-7955
792254
-6143
792586
392777
1792676
392770
1192911
792403
3792580
-7508
392572
994393
1792635
-7565
2392392
392645
392536
2792558
-7658
392455
792092
-7420
392751
-3799
2592986
392280
-7443
-7636
792401
792262
992375
792767
392153
1192541
1592491
1592445
3392281
1392304
1592874
-7490
1192286
-7658
392144
392481
-7616
-5366
1592791
1194393
392446
-9607238
392194
-7951
-7768
792672
1192562
-7159
1591991
791958
392370
392120
792864
-7256
-7551
1192412
-7641
392828
792454
-7462
392267
-6731
392562
792491
394664
391954
1592608
-7560
-7058
-7525
1192600
792145
1192552
-8040
792658
1992481
392564
-7511
-7474
-8285
393493
-7427
1192697
392541
1793406
1994640
-7548
2992278
394261
1192335
1592440
792353
792254
1191990
-7540
1393373
1192434
-7537
-7500
1992483
992700
1394732
1192371
3393444
-7653
2792144
1192497
893846
-7456
791998
1592418
-7752
792381
794183
1992247
2592301
395573
792621
392472
1194392
3392440
1792056
-7968
1192597
392169
792282
-8023
-7639
392547
-7483
392252
1193959
792768
1191971
-7435
593453
392047
392369
792511
792244
1191736
2893903
-7774
1192595
393372
2192316
392372
1592556
2392290
392844
592874
392763
1992258
392167
391985
1992913
396524
1592670
-7636
392626
2394524
792342
-7636
-7347
1394405
-7760
792238
-7579
-7261
-7829
793154
793281
1592089
3792312
392455
1992386
-7658
-6318
-7788
392358
993445
1994494
1392527
-7955
993973
1392346
1192158
392358
792781
392371
792352
1794696
392978
1392284
1191994
3894451
-8044
1192689
392394
-7428
593448
1794084
1592427
792485
392167
393122
-8069
1794567
392051
-1149
-7424
1194345
1992297
792481
992649
-5654
392392
792653
-7252
1194593
-7833
-8028
1993045
-7759
792353
394701
-7422
1992292
-7370
1793661
392452
391997
1192389
395247
-7409
392152
-7655
593281
392556
392488
1593104
792580
392673
-7662
994738
792725
392552
392081
392385
392551
392353
1192673
-7648
792560
893165
392463
4192749
-7420
1991967
993367
392158
1592306
-3519
-7707
1192607
-7630
392537
594676
391947
-5535
-7597
1192129
-7578
4392142
1593463
1192418
-7327
792543
1193382
2593900
1795002
-7739
792487
1192521
-8053
-7004795
-8013
992573
392252
-8438
-8105
1592412
994436
1194083
1392404
392530
1992273
-7530
792597
-5734
1394486
-7479
1392055
792558
-7967
-6424
392355
391864
-5549
-7323
994090
-6533
-7731
1192174
793313
792389
1192614
-7527
-7636
1192305
-7220
-7333
392134
792794
1592204
-6548
1194502
-7679
-7646
-7234
2592744
792484
794419
394588
793186
392382
392443
-7462
392650
1392949
393479
1994878
-7735
1992584
392382
2093161
792509
3392336
397179
-7371
1392003
394739
392369
393092
-7722
-7519
391963
2194525
395508
-7555
-7329
2592418
392275
392083
792388
1592385
792416
1392075
1592625
392472
2594092
1993273
-7515
1992209
994162
-7475
993848
792316
392574
394670
792374
792342
392658
-6237
-7497
392594
791958
1792689
1193426
393597
394430
1194878
394146
-6642
2194473
-7428
392246
-7947
792552
992508
792453
-10006818
1992778
1192521
1992336
2194493
392570
-7645
1592573
-8049
1592184
1592454
392359
3592215
792258
1592766
792757
-7601
1992472
2595795
1394138
792795
-7341
1192625
1196483
792259
-7118
392249
1992211
1192257
2392195
392068
392655
1192423
1192500
1992793
-7344
1393257
1392676
793649
392470
992882
-5704
792226
391983
393078
1592231
-7835
-7398
-7717
392467
1894503
393264
1792203
392537
793356
2592623
792527
392270
793685
792600
392061
-7710
793677
-7339
-7523
392280
392164
-7894
392759
-7848
792305
994662
1192497
792766
-7456
1192780
392207
392661
1196302
2594628
792379
1193006
392502
792775
1191999
794174
792642
392602
793360
2792204
792565
-7853
392471
391969
993178
391911
1192486
1991985
-7814
1394240
-8043
-6901
-7640
1992509
-6864
2392314
-8094
392565
1192293
792567
-5826
394266
392248
-7744
791981
794952
1192359
-7623
792539
1594581
392707
-5151
392395
1192455
-5856
1192304
-7948
-7506
392882
-7568
392394
994505
393198
1993674
391801
1192775
2192390
393311
392600
-7340
-7761
392144
1592479
-7627
392466
1992804
1292947
794383
-8197
1595366
592690
1194731
393866
792359
2592508
792375
1791969
-7825
3192010
-7558
-7480
-7120
1192375
794611
1194357
394693
-7347
1192441
-5972
392269
-7356
-7419
2392070
-7567
2392670
792406
-7374
2194497
2992070
-7653
392647
-7350
-7867
-7820
1192693
794174
394434
2191997
1592376
1494537
1592584
392653
1192126
792330
1192367
-8179
1192670
1595893
392541
-7162
1192689
2592576
-7682
792346
2193161
-8132
1194610
-7606
-3084
992568
-5658
792264
392287
-7659
792202
2392248
1792689
1592602
392456
792511
-7947
394466
-7627
394570
992384
392161
1395109
1392164
592786
-7597
392783
-7229
-7766
3192371
-6832
1592315
1993301
992896
391970
792769
2393043
1192708
-8025
2594507
1192309
-7807
993240
1192177
-8470
-7833
1992979
1192141
394284
3192341
1394484
792321
992861
-7725
-7646
-7929
1192579
-7655
392138
-6405
392393
-7145
594353
-7558
1592744
-7511
1993776
1592815
-7377
1192183
-8009
394961
-7839
792198
-7848
3192799
392181
-7839
1193070
1192503
3192101
1192435
794270
1793276
394387
396376
1192154
392331
-6913
1394063
-7530
792583
992602
-7908
392779
-7656
-5624
-7272
-7547
1593246
2194383
-5615
793559
1592727
3393396
392799
-6646
392486
392646
-5671
-7968
792689
1992801
-7325
-7143
-7555
-7289
-6739
2394217
2992171
392452
1192566
-6019
392276
2394230
-7534
992468
-7774
392300
-7565
392663
-5451
992354
-7725
-7402
795386
-7626
1992370
-7653
392656
1993071
592266
393560
1595511
392564
-3442
1592463
392698
1992832
-7941
392538
392206
394268
-7312
1793170
1592507
1394247
794192
792796
393247
392749
-7427
1592391
1194666
1991901
1592484
1192817
794603
392340
1192381
2192078
1693460
1592290
1192049
792573
-7449
-7732
-5055
-7705
-5346
1792429
1591961
1991976
-7493
2193485
-7578
4095964
-7537
-6557
392778
-7415
-7895
792219
792178
1193059
394690
792458
392755
1992355
792864
794891
-7859
1593392
1192294
392169
392457
1192760
-5232
1192191
792637
394506
393752
-7739
391982
-7740
1192491
1592378
392602
-7460
792455
-6727
1192334
-7981
1992410
392139
-7216
-7707
-7535
1192581
394376
1192488
394273
2795194
2593171
392557
1192802
-7415
1192522
392435
392210
-5631
392585
-6223
393073
1192589
1294577
-7604
1393676
-7761
1195408
3192645
392159
-7944
792183
-7526
-7697
-7563
394187
2792418
793202
792582
-5559
393085
-7149
392694
394378
1392892
3992205
1193268
792385
1195561
1595272
2198598
392364
1192185
392546
1192284
791989
392319
794366
593966
1392486
-7427
1592096
993054
792035
392666
-7536
394264
792692
592652
393086
1191897
1191973
994181
792085
391975
-6732
2592613
1795281
391953
392367
1695273
1592424
791989
-7515
2392497
1194484
1992701
1191742
2191908
-7425
392279
1993708
1992402
-7814
994468
392579
392088
792181
792001
392557
793089
792707
-7448
-7915
-7829
2194498
792674
1196590
-7544
-7438
793432
392217
792574
392465
-7741
2396358
394160
-8012
594482
392567
1991707
792278
1993040
-4698
1394688
1592585
-7806110
792291
392555
792544
-7733
792261
994431
1592367
1592357
392721
392544
-7952
-7756
792685
392292
792160
392175
792212
1992390
1793090
392636
392177
392581
1192634
792343
2392698
1192359
-7442
1192624
5994665
2992103
1694552
-7338
995695
392354
-7575
592070
-7547
392713
394092
1193297
2195271
995777
-6656
1392455
792533
391885
792567
-7417
1192178
1592155
2392879
392639
993603
1192081
792691
392451
392459
-7524
2393369
1391975
2792401
391976
-7906
1392586
2193505
394687
1592402
2192134
392188
1192489
1994510
1792363
392188
392315
792088
792346
392166
793789
1192746
3192218
1394070
1192624
392584
-5654
1592505
594052
1392713
392350
1193650
392207
2096373
-7749
-7243
-7528
792184
2994570
792574
392370
4592419
394789
-7445
392384
1392373
894063
1193526
3992038
792591
-7334
392431
2994353
-7596
-7542
-6953
794704
-7545
1992177
1192494
393559
-7955
392648
1592092
1194826
2693375
392997
1193474
392544
2393978
392258
-7548
2594082
-7500
-7105
392649
1592723
-6365
392689
-3803
392992
792370
792029
792381
-6449
-7727
392470
792266
1592795
-7498
-6547
1192554
792157
792266
-7556
1392284
792786
392434
-7673
393485
792238
1192177
-7533
792777
-7563
1592470
792855
1994323
-6007
1194385
792222
1591971
-7758
792768
4792326
392819
2792143
-7921
392245
394575
-7700
-2695
2792329
394062
1192387
3992312
2993061
1592077
394667
1192501
792413
1194381
1192460
792596
1192352
-4640
-7368
2392733
-7491
-7478
3293350
3995346
392555
1592693
2392645
-7712
792645
1392457
998244
-7528
793575
1792865
3792355
-7473
992083
-7564
4191791
2894585
1991877
1992263
1792696
395274
994560
2392021
1192521
1592297
-7220
392498
2792622
1191997
792295
793071
-8148
-7667
1992674
392462
2792284
792359
792205
792472
1592902
392693
893147
-7831
393953
-7846
1192671
1192069
792589
995343
791916
1192455
593570
-7443
792746
1192383
-7263
792569
792459
393153
392566
2395346
1991766
792511
1194159
-7549
392203
-7362
392394
392352
392186
392296
-10004821
392892
1992368
792173
392268
392554
594267
391984
392510
1192269
392441
-7250
596647
-6629
3393414
1792355
1592807
992569
1192457
2191868
3192488
-7442
-7391
1191967
792468
-5730
792074
392035
-7718
1192076
-7906
392162
795073
-7859
1592394
2592198
792635
-7362
-7240
392378
1792587
392493
-8409
1192058
1794319
392341
392303
792273
392276
1992446
1392395
1193578
792499
392712
791966
-10007606
1592495
-7309
596081
3393280
792559
1794508
1393364
1794284
792458
1592505
2792150
792409
391970
-7926
592417
391300
1192280
1391586
-5611
792567
392380
-5228
-5337
391758
392337
392452
392180
-7710
392041
1592190
1192503
992362
794442
2392735
392677
1192287
1595873
-7435
-7635
792073
-3463
1392294
392778
392921
392178
392323
-7550
2794546
1192281
792503
-7038
392539
-7417
1993226
1192589
992450
992261
794118
-7526
792563
792302
792166
995585
-7941
392706
-5862
792572
1592458
-6331
-7846
-7636
393000
392682
-7693
-7435
1592372
1192145
392343
392535
3191996
392375
-7226
392600
-7833
996514
792666
792211
1192358
1192273
797403
392279
394981
1393572
392387
1193440
-6857
392769
-7483
392040
393362
-7110
-7752
-7438
1592053
1192578
1993726
392472
797491
-7463
3394504
1192227
1192824
792244
1792389
792129
1993426
-6953
392350
2192869
-7527
792164
1592484
392501
1992794
392458
-7430
-3763
2493398
-5512
792995
392191
392465
-7610
1592414
1592374
1192465
-7630
-6861
392548
3392427
792084
-7534
392173
1192338
791953
392276
392572
392384
1191979
792497
992178
1595172
393167
1992592
392243
3393240
792366
-7344
792377
792547
1193081
392750
792096
2194082
792716
392879
1894167
993033
392074
792467
-7617
3792425
-5440
792494
-7640
1992203
792578
-7339
593374
-7937
392718
392274
794272
1192197
-7699
2195110
792386
392535
-7312
394431
1992462
394129
791921
792266
-7754
4792184
395409
-7774
792388
3794426
392581
3193256
1992358
992489
792256
392546
1192430
392156
-7573
392361
1792040
791893
391969
-7654
1593291
-7521
995377
792269
792476
1395284
1393631
1992422
1192671
-7626
792370
394377
992564
-7830
-7346
392321
392660
792597
392556
396174
-7203
791863
1992177
392273
593461
792151
792510
-7950
792815
392269
2192251
792364
393192
392520
-7841
2792295
-7621
1192295
-7663
792658
592385
-7814
2592458
794268
-7467
792151
392694
-7913
-5375
392341
-7432
1392156
1193413
1192022
792347
392713
1193211
-7435
392274
392293
-7753
3193228
1992108
-7480
-7561
1394391
-7824
-7768
392313
391935
3992118
-5599
1192448
392252
392196
-8012
-7432
1192388
1595602
3393455
392778
3195460
-6621
392454
-7768
1191889
1994755
-6352
1193164
1592657
3592513
393435
392378
2391925
1793046
2594395
-5747
1794208
794574
-6711
392092
394047
793381
392519
392382
392665
792777
392764
592687
-7553
793254
-7474
1194360
1591983
992459
3396503
1992423
392528
1991943
-5546
1392372
-7640
-7137
1993392
992408
-7849
2195337
392847
2593496
792487
2192797
393881
792552
2392182
1592227
-7705
1992615
392563
1593163
-1007
392458
-7166
1992303
392149
793002
395458
-7342
394580
1192480
392453
392548
1193333
2392364
-8062
392578
392595
592471
594571
392175
-7508
1192627
-7313
3992631
392492
2592143
-7471
1195018
1592282
393200
-7653
593477
392538
394552
-7762
-4632
-3658
2792612
992497
-7563
391949
1192155
392775
1193156
-7146
792623
-7534
2392171
792585
392699
1993794
794373
392461
392083
-7630
792395
-7345
-7942
394474
-7765
1192364
-6237
-7642
-4542
392674
-6522
792561
-5513
-7758
1792286
392529
1393386
-7859
794459
2592522
3992516
792659
2392396
1192972
3594097
392170
-7898
792178
-7156
392455
-8007572
-7388
392077
1192705
1192035
-7661
993279
392538
-7541
-5973
793116
1392520
591977
2793468
1192286
792264
1195081
792363
-7658
-7707
1192464
-7725
1392410
392472
2392338
-7347
794498
1591987
393492
392531
392542
2792551
1792386
392089
-7769
993346
-7549
594047
792869
792184
-6920
392022
792502
393782
3594511
-7443
1192092
1591967
2592279
792300
392694
3993906
1393109
392556
792388
1592498
792608
-7535
-7417
-6659
-7745
392788
1394622
1192858
992160
392771
792472
-6654
-7413
392559
792360
2392053
392585
-7541
392853
-7831
1192773
-7453
1196583
2592586
792787
792083
392373
1794298
1192049
592668
792696
593283
1992563
792565
2194032
392494
1192521
392171
393953
391955
392139
1592791
1193432
1993300
792410
1192586
1693395
1192380
-7840
1591958
592395
392376
-7333
-7549
1992426
-7242
-8041
794881
392693
795454
391828
-7872
392538
-7696
592482
-7397
792392
392599
-7399
392763
992253
392757
-7324
392214
1192376
1396147
392358
-7854
-7406
392365
-7848
1592666
794300
793351
2192887
392625
392348
1192604
-7656
-7586
-7948
792375
1194389
993523
2194511
-7642
1294643
392482
392686
392170
1795200
394071
1192250
392569
792587
1191981
-6697
992560
1592253
-7665
1192550
-7649
592221
-7456
1192702
791816
792281
392698
1398121
394504
801103
1592693
-7713
392074
-7570
1991749
-7762
-7201
392966
1194277
391868
-7666
-7505
-7768
1192805
-7817
1394422
-5754
-7744
392337
1792601
1192634
-6644
3192419
-7765
792895
1592243
392266
-8041
1192689
792406
1392462
792107
394095
992427
392584
-5431
2592494
1395254
1592443
-6757
593010
-6540
2792148
1993202
1192681
1192407
993518
-7660
391992
792573
1192693
392174
792291
-7629
592019
3093846
1992416
1192315
392304
-7818
2795206
393054
792276
1993309
1192481
2392455
1392179
1193494
392477
1192567
-7755
2192572
1592619
-5025
393271
392264
-7866
992394
994469
2792247
3792647
-7136
1193569
792373
1694241
-7740
-7745
1192549
392579
392355
-7643
2192680
395108
392330
-7462
1591878
792182
392464
-7765
-7389
392574
392159
-7607
-7835
793764
2792668
1592810
-7330
1192385
-6611
595244
-5642
392713
-7634
-7270
1595475
792687
792788
394081
391947
792554
792122
4392406
-7956
-7484
-7518
-7474
-7632
-7607
1592660
1992174
593078
-7287
391965
1992348
1194682
392073
-7560
1993979
393250
-7524
1592051
-7647
2192429
-7127
392624
792372
1192679
392870
392563
-6761
392867
1194418
-7350
3192233
792178
-7616
792089
392481
792305
392458
-7825
392776
792050
-7550
-7931
792208
2792204
-7523
-6351
992701
792460
-3724
-7813
-7364
1192297
392558
2594536
1196465
392355
794550
392481
-7759
992068
-4712
992356
1192282
-7030
2192475
-7653
-7595
392138
1192355
1192558
792704
1592589
792344
-7324
-8051
392074
-6844
1192158
395330
1793376
392473
792698
392371
1196079
1592214
791862
-7427
-7613
1394212
1594776
1592313
392670
792475
2392219
792092
392155
392490
1192518
394362
392547
-7469
1693615
-5846
1192192
1192715
-7767
393746
792007
792283
1592163
1592481
391819
794403
792065
2792246
392644
394274
1192396
-7709
392551
792370
792775
-6533
392066
792549
-6942
1192467
392581
-5569
-6034
-6265
2493292
-7060
-7948
-7759
993466
-7786
-7656
792299
392803
792269
396266
-7373
792692
2392206
392351
-7561
-7753
-7635
-7695
-6741
-7091
1192379
392645
3594279
792676
2094207
993407
1192623
593045
792340
2191759
1592415
992381
2192610
-7103
-7935
792604
394356
393115
2792116
-7877
-7826
2794431
1593278
1592242
594632
1595925
1392477
1392162
792290
992845
-7758
-7797
392961
792372
1592880
392089
993305
-7743
-5504
-7553
1592987
991920
1394167
792092
-7820
1592159
-7543
996277
-7968
-5229
2392174
392396
-5606
-7355
-7758
1193614
592683
393333
994495
1195127
4592344
-7544
-7817
-7502
795306
2192534
1992313
-7627
2393388
392062
795187
392863
-7748
392460
792284
1792199
391776
792300
2392376
-7711
792701
1592783
392195
392443
-7346
792393
395981
593533
2392275
792168
-7320
392763
-5678
793930
2192325
592349
792579
-7424
1192691
394476
2595077
392275
1592332
792775
1594186
392329
1592404
792505
1192723
392146
-7722
1191749
991849
392071
392426
792592
392388
2592826
2592224
392576
392574
2792572
-5763
392458
2195217
1793289
792056
5192026
-7730
991636
392285
1992345
-3732
-7948
392135
1992655
392391
392447
1996741
392141
792429
-7426
2095502
792149
792220
1191596
1192639
2794455
-7560
392265
1592846
1592473
392649
2192400
2392088
392361
1192682
792645
793604
-7732
-7273
2195699
-7312
994573
997388
792771
1192684
1392589
792646
1192035
1993232
392275
2792044
1192292
992345
2792533
-3642
1793174
3192382
393165
-7333
1992571
393751
392568
-7954
-8081
392064
392559
-5104
392091
2094876
392708
1594670
-7507
392252
392338
993383
1592666
1192706
-7336
-7223
3192101
792476
792411
792995
792186
792838
1792316
-6144
-4611
792158
-7341
1592402
1192327
2392405
794317
792866
1394067
-3584
792280
1592624
-5642
-7958
792182
793088
392724
-8167
592543
393001
-7135
1194192
993254
392990
392353
792089
-7597
392252
792394
593222
793287
792584
2392451
-7738
792183
392560
994211
392284
-7911
594643
792785
792257
792712
1592698
1192244
3192130
392296
792064
-6649
-7345
793166
-7612
392356
792406
-7739
-8083
792899
-7726
792958
1192081
-5242
-7667
393305
1792470
1192483
-7562
-7931
792671
2194215
-7371
792424
-7093
-7392
1794521
792375
392600
1192195
392282
-7872
392169
791890
392890
392488
1392463
392292
-7661
1992264
392491
1392256
-7331
1591916
992371
-7746
-8048
392605
392262
392745
-7450
1592702
792449
2494318
392660
592467
1992007
-4676
-7456
1996083
996366
1192343
-7311
392380
792419
393047
994217
791971
392439
792377
793477
792429
1392371
792853
-7472
1192680
-7938
593474
-7949
2192402
592854
393647
-7458
592442
792573
-7748
392613
1592817
1395005
1192901
2194695
792525
394067
392466
392659
392656
392471
792717
392754
1392558
-4701
2392618
1993164
392074
1594378
-7828
392158
396957
2992147
-8224
1192414
2396710
2392376
392275
-7532
-8143
-7654
391740
2792419
1192419
1592087
-7528
392257
792703
-7093
792085
792370
1192156
1194606
392377
-7949
-5837
392409
-7765
2793901
1795878
1192063
1193357
792487
392465
394189
397199
393127
-7539
395384
-7028
1594154
-7358
393079
-7405
-7762
1392387
-7827
-7822
-6845
392268
394609
392178
792484
1693191
391907
392343
392357
792496
-7663
-7707
792684
-7716
1392636
-7630
2094692
1192251
393153
792344
392566
1592466
-7559
1392244
2393108
1192237
392157
1393400
594234
992666
3991828
393167
392060
-7116
1592300
394785
792482
1992284
1192173
396326
1792001
-7515
393065
592647
794216
-5660
793344
1592727
792099
1594370
2992214
1192311
-7649
1193092
-7653
992147
393669
-7499
392538
1392575
2193678
1194289
-8069
-8080
392369
392244
792574
-7526
1192262
2595879
392302
593261
792806
-5731
391588
1594428
1992073
-7540
792383
1792470
392290
-7528
992663
392462
792617
-6919
3593871
1598165
2393042
392986
3192421
2594309
-7958
792587
1192256
1392549
393973
1194689
-7741
-7819
392444
1592430
1398277
792490
792608
-5519
1192255
392504
-7933
1394130
792865
-5942
1391898
1191593
392769
392639
394355
-7349
-7765
-7331
594582
393332
392589
793380
1192707
1792887
2192815
392470
-7109
392764
-7517
-7149
1192305
1592491
792565
792231
-7731
-7527
-7656
393249
893592
792354
1194423
1192610
-7472
-7975
392591
392240
-5532
392465
792223
1794296
2794392
392452
1192565
-7110
392681
792085
1791828
392174
-7187
-5632
1592559
392568
792344
4591948
1992208
1192924
1992205
-7727
1192331
-5360
792255
392605
792500
392844
791947
393233
793362
393014
392173
2193467
392325
1192656
-4720
792581
1393356
593204
1296276
593646
-5609
1191848
592981
1192472
1192694
392549
-7441
392656
1192185
3192404
1594973
594156
392459
-7867
-7938
2192510
-3749
1192388
392089
1192074
792205
392312
392091
996665
392537
392299
393175
792069
1392456
1392284
595377
1992319
3592132
792275
-7638
-7372
1791748
594319
1796123
-7734
792377
-7130
-7604
2992451
392258
392247
393522
4795113
1693276
-7324
2194370
792886
-5615
1192506
-3445
392655
792499
792092
394178
794580
2593299
-5315
-7465
-7437
792356
394309
-7542
1592303
-3307
794277
392646
1193707
1392665
1392710
392549
-7670
4592391
793574
792486
792495
392277
-7680
792472
-6713
1592391
392106
1192114
393059
3392692
1192402
792269
1193596
1392389
392283
-7627
1391888
592341
792053
-7416
-8147
994089
2596815
1592127
392298
-7570
2192926
993954
2795840
-7440
-5837
1394256
392550
-7856
792171
-7506
594654
-7908
792786
792449
-7665
792613
592636
1196108
792599
792269
-7728
-7531
392447
396276
1592688
-7735
1693518
391898
1592394
392375
792496
1192400
1192515
792278
1592152
-7441
1392451
392066
-7800
792536
1392380
394787
1192466
1792488
-7332
3192291
-7644
1192806
792247
792212
-8156
1393348
1792359
1194735
-7833
-1645
392066
1592148
1592504
-6734
-7339
3992885
1591764
1992738
1192484
392678
-7583
-7064
-7330
1593695
992034
792433
392592
792222
1194488
392570
392122
392017
1194503
392042
1592311
-8011
392647
-7573
792476
1992684
392429
5792565
1592116
-7863
2293950
2192349
792164
-7140
392408
593297
-7633
-7361
2392641
794162
1192792
-7509
592571
792398
-7521
791984
-7413
-7268
994226
3592529
-7831
596476
792348
4193514
3595432
2192597
1393611
1394509
-7468
1594910
-7355
1192494
792486
1993873
2192576
393437
-7521
1294666
394277
392454
393690
-7668
1392704
792388
1592372
2392249
392436
392144
392197
1192262
-7416
392091
-6847
1192054
-7748
1192372
792172
593273
1194533
1992190
2792441
-7753
392160
2991889
1591883
992792
392254
792895
994854
392159
392659
2392610
-7525
392791
2792307
1392203
3392705
-3838
-7715
392061
396091
392246
1191765
392285
1792402
994267
1792434
-7763
-7145
1992214
-7622
792321
1792790
992211
2395257
392352
-7398
792401
-7748
392383
2392379
993093
792297
792502
3791980
392086
1192394
391854
392703
1993081
-7529
1996478
-7760
1192568
392521
1693500
2594300
1394656
392134
792183
392358
2192366
-7709
1592847
392478
1993041
392083
1593084
792034
993181
395379
-7767
-7304
-5632
394770
792852
1994160
-7602
-7632
1795454
1191879
1591989
-7430
1192224
-7278
1192378
-7431
4197209
992703
792377
1392338
792138
393372
1393403
792570
-7542
996593
392645
-7824
1592431
-6146
1192518
392483
1191980
1192568
394127
-9207605
-7483
593050
1592226
392117
791945
792445
1392312
1993292
-7660
1392245
392020
1696024
392150
392228
-7884
392638
594778
392467
-6751
2391612
3992254
-7422
792358
1192502
792370
1191877
792049
2493222
-7756
792697
2592403
1394259
-5512
794026
2192421
392543
394302
1192257
-7367
-7256
-7731
1593089
1592516
-8145
1994701
392490
-7525
392492
-7652
1792937
393967
1592299
1596648
-7426
1192188
2193488
-6849
392541
391844
391662
392880
2191996
595570
1392962
-7657
1992173
792832
792398
1792269
392362
392371
1994249
794301
-7772
2494480
1592299
-1700
792294
792259
1192410
-7954
2192321
392282
392254
792297
2394698
1192066
-7472
392111
392771
1194317
392408
893281
791902
792574
1792295
-7376
-7417
-7622
392248
-5646
391821
2392707
392529
392461
-7273
792038
392698
393229
-7515
392449
1392587
-4534
792374
792302
-7337
392794
593072
792360
-7847
392372
-7701
592480
791791
1195277
2392297
1591907
392368
-7933
392473
1192507
-5348
1192100
994303
-7653
1294676
392652
-7382
-7652
1394190
793182
-7324
-8091
392066
392556
1192410
792277
-7948
-5515
-7560
1792301
793206
392456
392655
-8060
792710
1194164
-5227
-6612
792776
394590
392637
995308
1591942
-7473
3792106
1792697
-7259
-7760
393355
-7842
-7380
792346
1992349
792460
2392127
792222
391857
1795357
392451
1192694
-7494
392291
-5725
1192253
-3854
1196979
392173
994439
2992682
794274
1194256
792908
992512
392043
392490
-7459
1192470
1192497
793580
-7831
392655
1792214
-7619
2794091
792499
-7929
1192392
-7724
394439
-7576
1196620
-7850
2595506
792381
1592112
794192
1794007
392680
-5258
-7933
-7425
-7353
-7567
1595110
992271
593429
1592294
2591981
3594946
-6337
793193
-7720
-7651
3992411
792326
2698505
1193369
392390
-7639
392085
392298
592063
3392213
792438
2392344
1693713
392072
-7517
2594516
-7432
792054
792776
392563
2392620
3192032
2193184
992464
1594336
792978
1192352
1194162
392475
1593233
792972
392461
-7356
1191789
1992367
792161
1993416
594241
796192
594896
792251
1992476
1192392
1794077
792160
2197018
-7431
1592428
792280
2594594
392298
1192835
-7317
1992601
1592788
792083
-5660
792019
794701
792175
392408
1796271
392857
-7376
1192609
-7665
1192462
792339
1192686
-6742
1194603
392342
395867
1592492
2594288
393442
392373
1295580
792047
-5841
1192133
1592688
1592411
392269
1592195
994013
1192190
-7009
392488
596806
2792416
2392432
392365
-7120
1792356
392991
392491
394575
792233
-7326
792746
-7329
392258
792305
792575
3192637
992286
1792322
-7811
393108
1392379
1592465
-6807
2394454
792494
1192069
792311
-7664
-7928
1192701
1592733
394147
392031
-7774
1394561
-7471
2395482
2794546
-7627
392356
-4661
792073
2992046
1795313
792058
392071
1592399
991835
-7435
795508
1392624
-3841
1594882
1794803
792364
392580
792754
392442
392251
-7427
391999
2094577
792498
1592604
1592507
2592551
792465
-7564
-7475
-7043
792211
1192369
1993012
1992425
392240
-7742
3994278
592252
792381
392626
2792538
-7272
792233
992364
392265
2192089
-6735
-7269
-6847
-7853
794398
1192489
-7429
791990
792042
792604
2392585
792295
393453
1591920
-7771
-7135
1992790
792362
791969
792544
1192364
792734
392163
-7925
-7345
394504
392057
1193494
-5424
392541
1192564
1791945
1591979
3796289
2792740
392372
792272
393451
792566
992374
-7659
-7676
3392416
-7637
-6055
392450
792183
1792504
391787
393377
394411
793870
1992250
1592096
-7459
392265
-7960
392304
792078
-8148
392498
1592253
2391959
-7640
392131
-7644
392387
-7837
392373
391849
392623
594557
-7570
-7018
2396733
-7625
-7766
-7826
792102
794455
1593385
392463
392294
1392157
595376
992570
2192202
1792398
1992180
-7669
791957
993007
1192623
-7937
392558
392579
1993601
1192406
1793615
395564
1592077
1599106
1995919
392267
594704
2192748
1992506
792818
2392420
1395411
-7542
792147
-6743
-7620
792238
1592691
1192217
392058
1592533
392442
392404
-4624
-7542
593963
593769
-7503
-7808
392452
2992488
1192166
1192395
-3334
392542
-7775
1592153
792377
2592078
392171
392482
-7870
1197244
4694585
392577
1192154
392271
1592573
-7450
792360
-9607734
792352
2592895
395399
392156
1594948
-7767
992616
1192073
792501
392706
-7608
992961
1192352
-7438
392446
-7109
392428
-5325
1192200
-5550
792669
-7472
793072
392146
-7314
792216
792565
1192260
1191961
-7643
994121
1593289
-7128
-8049
1592295
-7224
392152
1192479
-7405
1191764
593082
2392312
-7756
-9607297
792403
-7734
-7465
392696
-6842
392004
792244
2192361
793366
1794090
792100
-7661
393509
2593397
593979
794219
2192516
-7821
392378
1594160
-7296
-4892
-7332
-5448
2192771
1792506
392647
-7345
1191687
-7335
392251
2192109
392294
392439
392461
2792299
-7728
792278
-6126
994349
2392578
392390
392385
-7534
595520
-6442
392256
792253
392536
-7621
1192985
3592746
1593898
1994610
-7872
-7965
995155
392666
2793991
392667
394380
-7849
-6644
393112
-7902
1592468
392150
-7719
1392351
3392516
596471
392519
1992416
1592783
392402
-6648
794773
2192412
392763
792391
392282
991978
-7337
-1655
1593491
2192977
-7722
-7439
1192160
794249
2192313
1192294
1192588
-8044
1792367
392852
-7670
593156
394474
1992439
794457
994578
894583
794452
1192339
392493
-7376
-7860
792578
792399
1192302
-7564
-7740
392557
2395541
2792500
-7450
793201
1392056
-7749
794257
792148
1592902
392555
-5926
1192277
1592083
-7579
992084
792276
792343
792396
392271
792645
-3460
393138
1592405
391598
1394869
-7670
792500
793666
392371
1992446
-7772
1192787
394462
-7752
393544
792360
3394347
-7552
1192566
792780
1593210
1192317
1992500
792597
993271
-7963
792660
394278
392040
-7575
1993126
-5646
-5788
1993694
-8051
391776
392513
392052
1191998
992676
-7965
392233
393348
392468
-7086
792198
-7869
-7133
392373
997980
-7748
-7760
394165
1394448
1397274
794552
392358
-3338
594172
-7608
-5333
-7575
3192549
-7846
-7878
2792402
392517
392675
792352
392701
1192053
2597824
-6752
-7371
2894071
-7739
1192606
1592515
993199
1992399
1793099
392167
-7952
392064
-7411
3797399
1194391
791772
1992139
1592074
1192551
-7626
-7634
393176
1792905
-7327
-7640
1192317
392756
394274
592250
1393378
994503
1192380
3493082
1191776
795460
994977
1193675
392472
393280
392564
1992375
-7480
2392204
392477
-7413
-7819
392274
2792623
1596468
-7813
392464
-7949
392599
1192295
392554
393983
392248
-7259
1192645
792507
-8807097
-7714
1194768
792663
1592523
-4911
593425
-7755
-3850
-7743
392627
1192063
1693558
-7616
-7943
3392480
792272
1192499
392573
-7209
1192922
-7415
392367
392347
792582
1193290
594192
392207
1592631
-7715
392283
1396591
-7260
1192304
2192491
792322
1392694
392059
4298195
792604
-6422
1191955
792063
392607
-7827
392174
1192327
-7956
-7658
792262
392817
-7662
1193347
393764
1392306
792660
792645
-5750
2596368
392527
392366
2591791
791953
793278
1192435
1592394
994653
-7510
793375
1391844
792521
392786
-8057
392130
792774
-7435
-7217
-8053
-8356
392154
792277
392501
2592610
1591842
792983
392568
392551
392045
2592275
3192504
392085
-7648
792448
-7342
3393389
392273
1592175
792212
392261
2192437
392550
1192508
792578
-7640
1596221
-6413
992780
-7002
3992186
791993
-7744
3395354
2594144
-7510
-7975
-7284
393444
1195374
2095657
391881
-7848
-6828
1992699
2192467
1992328
393964
392464
392180
-7497
392710
792396
1994168
-7725
792660
792358
792283
392569
2394458
392676
392469
1192084
1193003
1592429
392783
1597001
2195620
-7731
1592452
392672
1193289
1793496
-7674
-7718
5192187
392265
1194196
1992206
996347
1592166
-7417
1794353
-6701
594516
391858
392382
-7840
792879
392637
992469
1392804
392876
-8283
792851
-7677
392263
792427
392061
-7547
594292
1192314
-7959
792659
1192182
1793126
2594396
1192398
-8217
-6640
392569
1192517
-7554
-6740
-8051
1596200
-7650
392177
-7414
-7391
1192349
-7455
-7801
792681
-8272
1592236
392259
1992702
792457
1192583
1592492
792441
395483
-7839
392453
392751
-7442
1392412
792814
394661
3398039
1191870
2792519
792282
-7979
392240
792402
793674
393273
594445
-7869
2192147
-7760
-7483
791962
392039
3392284
992712
2592293
-7395
-2887
2592248
592502
2794188
792664
-5310
595261
3792913
791830
792411
1192580
2394589
391923
792301
394264
1192199
1793211
-7455
394150
392362
394279
-5814
-7127
1693357
392431
1693880
1795281
1992278
1992499
1393902
-7783
594542
1394781
-8078
392452
392378
392569
392353
392472
1192413
392486
-7348
-7364
792554
792513
-7661
994588
392465
391994
994355
994224
-7452
-7684
792545
392752
792541
392153
1192384
1592314
-7634
-7627
1791899
392264
392964
393256
2991864
392375
1992595
1992049
1193155
594462
1192498
-7551
-8343
1392524
-8178
1192680
-7711
-7786
2394978
-7671
391950
793187
-7664
1992468
-7737
-7651
-7453
-7737
-7611
1195272
392060
-7689
1192323
392656
-7521
-7638
1192466
792337
1592076
1191735
392049
-7938
1196605
392232
793660
1995335
594633
1192386
3297722
792578
-7352
1592302
791871
1192526
-7720
792255
792471
392309
-7760
-7854
-7525
1992536
792771
2192622
393647
792153
1192555
993194
1392254
-7412
1192407
792601
1592328
392086
2792146
-7048
2393656
2194741
392461
1398472
-8018
592398
392395
-7731
1596476
2991988
992653
1992758
792678
2398599
392516
392469
-6807
393355
992452
-7840
594441
792165
392742
1392386
392512
-8062
1191955
1592087
1999186
2893564
392188
794720
392758
1192483
796426
392772
2194303
792480
1192290
-7647
593870
392521
-7842
792157
792240
-7140
792588
792845
-8065
-6927
793344
1192464
591962
-7815
392513
2592250
996672
392339
1394520
1192895
792387
793453
392091
792350
-7127
2796515
393215
1592404
792571
2192123
1992508
593166
392413
-7246
1192709
392175
392441
1994984
2400318
2192973
994541
1192579
392897
392101
1992654
1192486
394252
392494
392385
792071
-6231
792526
392709
792469
1792841
792272
-7952
-7817
392385
1392838
1192118
1593990
395035
2792506
392045
1591994
1696007
392405
394859
-7642
393095
1392275
-5444
1694822
-6396
792505
1192054
792556
-7619
392009
1193560
792476
592261
792377
-8036
-7626
1992065
392571
1192413
792687
-7838
1192096
1693006
392664
392475
-6822
1592598
1592259
395693
792344
-7572
394669
1192367
792441
792069
1592813
994483
1695285
1192084
794316
-7694
-8074
-7562
392467
992157
392539
2596153
1793366
1992259
-8033
794144
993070
1795648
-7550
394485
392092
-7462
792079
-8083
792352
1192579
1994072
1392244
-8059
792480
-7767
994570
-7863
-6819
994251
-6868
392342
393064
1391732
4791957
1392246
2393103
392483
2392534
1192414
394544
-7359
-7419
2192184
1592132
392178
3401470
992505
791949
2594426
-7725
1792532
793392
792354
1592293
-7318
794670
1992305
793983
392205
-7626
1592419
2194685
394178
-7317
-7462
393286
-7947
1592717
392587
1592661
1592037
792514
792557
1192420
-7536
-7951
595598
392274
792361
-7643
392183
1192280
1394389
796318
392165
795100
-7542
2192599
392659
392053
396167
792475
-7636
792259
792077
792455
393386
392616
392362
792300
2792362
791954
394201
1392179
1992394
391935
1192373
792139
792287
792971
395384
595299
991609
2792317
-7630
392088
1192419
1594190
-7564
1592693
794143
-7941
392157
1191942
792103
-7935
593376
-7329
792718
-6435
592342
1592484
1693686
-6838
594025
2194165
392236
2794323
392524
2392108
2392611
392677
792410
3793558
792458
-7646
596292
792294
792281
794363
-7813
2594011
-7213
1192365
1592395
-7948
-7249
392282
-7822
993167
393454
792252
793165
394006
-3775
-7360
3193237
-7257
1795093
-7356
1191655
1192266
1992720
-7863
-8066
392366
1594663
-7676
392242
-7668
392568
793474
392242
1192376
-7655
3794510
-7574
993015
992188
392252
-7971
-7654
2795136
-7403
392545
395083
391857
-7645
-7544
1594089
1192698
-7772
-7456
1191895
1394070
1592387
-7612
392496
993081
1592111
393444
393447
792990
392588
1194371
-7748
392069
1192096
2392598
392456
1394201
-7667
392052
792285
-7721
792314
996286
-7761
792370
792507
3096540
392578
1992402
393583
392483
-6532
392471
-7734
1192619
-7633
2391731
-7567
-7439
1593255
395148
2595587
1192387
-7740
392487
1793814
-7608
1992608
794748
792685
2592187
2794268
-7537
-7951
392258
3192421
792500
1594238
1195677
392350
-5553
792056
-7958
394264
792466
992494
591873
-7768
792197
1992285
1592405
792248
592475
-7626
-7337
-7558
392273
392478
1195116
-6993
392492
593059
2192677
2792503
794376
-7542
792365
394417
-7659
393347
1592568
1192301
393639
1191843
392252
-7390
-8131
594442
1592570
-7721
1192717
-7448
1192452
392480
392575
792779
-7802
2992281
-7632
593281
992422
392239
1793982
-7561
392698
394251
2392478
-5541
1794186
1992197
792215
1392329
2392417
1592660
2594859
392097
-7760
392154
392114
-7751
793272
392542
2394587
794239
1192513
-7431
2592374
392467
1592467
2595307
-7054
-7084
392354
792431
1192198
2595014
-7946
-7837
-7758
-7649
1192260
792006
-6726
2593000
391782
1394309
392716
-7802
792213
792466
3392250
2592606
392220
1592602
-8184
2493286
-5458
1194065
993406
392397
993401
-7866
-8022
-7842
1993497
1192632
3192313
2393399
392270
1592276
1592538
792474
1794181
-7409
996247
994958
392347
792373
393680
1394463
592693
2392417
-7668
2593468
392368
-7656
-6953
3192124
792292
1192104
792140
-7078
-7510
-7528
-7336
794196
394429
2392270
792755
392163
-7089
1192333
792277
594334
-7875
391970
1391965
1592426
1793082
792346
-7641
794184
1193518
792143
394290
391799
1592312
-7339
-7408
1594287
596071
391763
992434
-7548
-7423
392607
392153
1192284
2594993
392320
1592150
794100
-7135
792139
392677
793982
1992302
1395050
-7955
1391958
792055
-4556
996397
-7426
791768
392353
392101
1591498
392076
2392625
592769
392668
792585
1394985
1192069
392462
792177
1192967
2191795
-7246
792297
-7174
392693
991836
-7462
1192380
392655
1592131
392549
1592821
391992
-7747
1592483
992467
1992834
1592190
-6817
992331
1992697
-7536
2592007
-7265
-5552
592775
1592329
-8142
1792350
3599785
992273
794367
392265
-6505
792245
992614
392762
2192494
592433
994389
392540
-6602
-8044
392674
792327
-5125
-7113
-7896
1592302
392510
792575
592471
792179
1192602
-7735
394098
1592656
392557
792364
-8118
1192663
792579
1195133
1295505
1192079
793485
-7744
-7634
392000
-7547
1192341
-7602
1992314
393365
-7331
2392270
-7737
-7421
792886
-7541
792151
994525
4392501
792769
2792297
-7648
392078
392257
394345
1992213
-9605113
-7637
392634
1592096
792174
-7948
392057
1794475
1592147
392165
-5865
-7773
1192279
1393366
1392147
1592179
1493248
792234
1392799
1594408
4793837
792497
394374
394268
1394274
2198737
794567
1992526
-8109
792387
791871
392275
792203
1998782
792344
792562
392457
-7658
-7511
-7473
-7635
-6549
993284
2792044
1192761
1592618
-7627
392612
792680
1192599
395061
396359
392164
792574
1196298
593475
1191898
994079
392291
392261
393282
1993681
-7167
392980
-7964
592228
1592605
792493
992732
-7634
-7658
-7758
-7854
993766
2394225
392188
594096
1192574
1192114
392042
2792722
-7853
1191970
-7258
2096665
1592508
392143
2592389
1192561
-7667
392196
793816
-7531
-5962
-5426
2792210
2192253
1192217
2592235
1193185
1193500
-7747
793172
1592592
-7800
1192782
392395
792571
1192130
-7700
1592277
392251
-7218
-7352
-7325
393045
792353
992598
-7765
392625
-7861
792559
1992485
-6805
1592599
992647
-8040
-7394
-5045
792508
792719
392578
-7456
392144
392458
1392725
1192459
1592314
1592596
792190
792120
2592026
1192668
392778
392788
-5328
392113
392756
392279
1191910
792059
-7953
1192391
-7807
1392972
791878
994156
792187
-7067
-7540
-7182
-7925
-7362
-7331
392448
-7776
3992921
-7663
1194488
-6270
392274
792438
392301
1192769
-7642
392591
-7465
792872
-7245
392131
2394058
1592298
792600
392358
391958
1792580
1192431
791751
1592439
1592696
1192008
792400
-7334
392630
-7926
792345
392082
792466
792698
994595
392586
393465
393296
1392379
792399
2792562
392369
1393411
792066
792262
792538
-7547
795178
392142
392083
-7563
4992558
3393634
792264
2392776
-7440
-7517
1192493
1591990
1592500
395263
392748
1992457
392700
-7443
995282
792905
-7492
-7615
392645
792569
392311
792073
-7031
-7664
395273
3192513
2392612
1693355
-7752
-7698
2392500
392630
792508
793023
1192736
3192634
1192169
1994375
-6063
1393741
1192288
-7367
1191757
2193056
392559
992439
1394092
394576
392479
392171
392360
394157
-7942
792288
-7681
