-1004
-998
399003
-1010
-1007
399000
799001
799004
398997
1398998
-1004
799001
-1001
998998
998998
1198996
399003
-995
398994
799001
-998
1799000
399000
398997
399009
-88
-1001
799007
799010
-998
-1001
-1007
-1001
999001
798995
399003
-998
-986
1399002
-998
799007
399009
-992
-1007
399006
599009
-986
799010
1399011
1198999
-992
1198999
-1004
1398999
1199002
2199910
399003
798995
999001
-995
1199008
398997
-1004
-995
798998
399003
1198999
398994
399009
-989
399003
-992
-1010
1199002
600997
399015
398997
-995
399000
398997
598994
-995
398997
399012
-998
-992
1199008
398991
-1004
1399905
1599006
799010
398997
-992
-100
-1001
799001
-989
1199011
598997
399000
399003
-1004
-989
799010
-1001
-1001
-998
-1004
1598999
999007
-1004
-998
399006
-1010
399006
399003
399009
-995
2201007
799001
-1007
398997
799001
-995
-995
-998
-995
-1004
-995
1999009
-998
-998
399006
-998
799001
1299910
599909
399000
-998
-998
-995
798992
999010
798995
-1004
399006
-1001
399000
1199002
799001
1400999
-1007
799001
399000
-998
-1001
399012
399009
1199008
2001004
-1007
799007
-992
-1004
-998
-1007
399006
-1001
-998
398997
799013
799007
2599005
-1004
-1004
799001
-1001
799010
598994
-1004
-1001
-1004
399003
-989
-995
798998
-998
799004
-1004
-998
-97
-1001
399907
-1010
-1004
799004
-992
398997
-1001
-992
399009
799001
-1007
399003
399006
-998
798998
2200998
-1004
-989
999001
399006
-1001
1701011
998992
-1001
399000
-1010
-1007
-1001
1398996
398991
-998
799001
-1004
-995
-992
398997
1199005
-1004
399000
399003
399006
-1010
-995
799004
399006
399006
-1001
799004
-998
-992
798995
-998
-1004
799001
398997
798995
399012
-1001
1198993
799908
-1010
399003
399003
799007
-1001
799007
-1010
-1001
-1007
-1001
1199002
599897
799010
-1001
798995
-998
1199005
-998
1199011
1001001
399000
1198993
601006
-995
-1001
599003
798998
999901
-1001
399009
-1004
398997
-995
-998
-998
-1004
-1001
-992
399003
399000
399006
-995
-992
-995
-989
-1007
-1001
-1004
-1001
-1004
1199002
-1007
398997
-995
-1007
-995
799007
399012
399009
-998
999001
-1004
-1007
799001
598994
799010
-992
1198998
398997
998998
399015
-1007
799010
399006
599909
999899
-1001
1599009
599003
1199005
-1007
-1004
-998
-1010
-1004
599000
799010
-1001
-1007
-1004
-998
1399005
998998
-995
799007
399006
399000
-992
-1004
-992
-1004
399003
399012
399000
-995
-1001
1015
799013
-1007
-992
399012
-998
-995
2199007
799010
399009
1199008
399003
399000
-998
799010
1199002
399012
-998
-989
399003
1399002
398994
-1010
-998
798998
399003
-989
-1010
799013
-1001
399003
1599006
799001
-1007
-998
-998
799007
799007
-1004
-1007
398997
-1001
1198999
1601902
-995
399012
399012
398997
-998
399003
-995
-998
-998
999007
399003
-992
-1007
-989
1599003
-995
399003
798998
399012
398997
-1001
798998
-1001
399003
-995
399003
799001
399012
-995
1199005
-995
1799005
999001
1399002
-1010
-1007
-1004
-1004
399003
399003
-1001
399003
-998
1201009
399006
398997
599009
1598997
399000
399000
2399001
-1010
-998
799007
-1007
799004
399000
399006
399000
399006
600991
-995
398994
599003
-992
399003
-1001
901009
-1004
-998
-1004
-992
799001
399006
-995
599006
-1004
399003
-992
-998
399000
-1007
1598999
-1010
-1001
-998
399000
-998
399009
-1001
-1007
399000
399006
-1007
1999000
798998
399003
-992
-998
1201000
-998
999004
399006
-998
599000
798995
-998
399006
399003
-995
399006
-998
398997
-1007
799001
-992
-1007
399000
1999004
-1001
398997
-1004
-995
-992
1198996
799007
1999009
-995
-1010
-992
-1001
-1004
-1001
-1004
399003
-992
599006
-989
399006
1699908
798995
798998
399012
599891
399003
599003
-1001
-989
-1004
799010
-1004
-998
799004
601003
-995
