798998
2199004
-989
399012
399000
1000
-1007
799902
1199011
399006
799004
-1004
399006
-1007
-995
-992
399009
-986
-998
798998
-1001
398997
799004
1198999
1199005
398994
399012
399006
1199011
399003
799004
2799010
1199002
799016
398994
399006
798995
-995
-1001
399009
-998
-1004
-1007
-1001
399003
-998
-998
799001
1198996
-995
799004
399003
-1001
399012
398997
-992
399009
398997
-998
801008
399009
399006
-1004
-1004
-998
-995
399003
599000
799001
-998
-1001
1399008
399012
399012
-989
-995
2399002
1799006
-992
2199007
-995
1399002
1799006
399000
1199005
799001
1399011
1799006
1198999
799001
399006
-989
-1010
1199002
398994
-1001
399003
-1001
399006
-998
799001
1399002
399003
1199002
-1007
1199002
-1007
-995
399015
-1004
399006
1399002
-1001
398997
398997
-992
-989
-995
-992
1599009
398997
-992
1199002
399006
999001
-998
1599006
799001
399012
399003
-995
1198996
399009
-1004
399006
1301010
-995
-1004
399018
-1001
-1001
399006
399009
-992
-1004
398997
-1001
-1007
-986
-1007
-992
399000
1799000
399012
-989
-998
799010
399009
-1004
1599006
599006
1599000
801008
-995
-1007
1799003
799016
-995
398994
1700999
399000
-97
399012
-1001
399003
1999007
399006
399009
-995
1799006
-1001
999004
-995
1399011
-998
-998
1598994
399009
399006
399006
-992
599015
999001
-992
-995
-1004
2599001
999904
1999004
-1004
398994
-1010
-998
398997
399003
799004
-1007
-995
-989
799016
1598997
-1001
-1004
-998
-1007
-1001
399000
-998
1199008
1199008
-1007
799007
-989
399012
798998
398991
1199002
-1004
398997
-992
-992
399003
2799005
398997
-1001
-1007
-998
1198993
399000
1599000
-1004
799004
398994
1598994
-998
-992
-1001
-1007
1001007
1999004
799001
399006
-1001
1199008
399012
899900
-1004
-1007
798995
-1001
-986
-1010
2399010
-998
-1001
-992
1399011
799013
-1001
799001
-992
-995
1398996
398997
-992
399006
-992
399006
1198999
1999007
798995
-995
399003
399000
799010
-998
-983
-998
-1007
1599000
-992
1999007
-1004
-1004
-1001
999007
-998
-1001
399003
399000
-998
-1001
399006
-1001
-1007
399006
599006
-1001
399003
-986
399009
399006
-992
-995
799004
399003
399006
399003
1599901
-995
-1004
399006
399000
1201005
-992
799013
-995
-998
-1007
799010
-1004
1999006
-998
399006
799001
-992
-998
-1010
2599002
-989
-1004
-1001
799007
399006
-998
-1010
398997
-992
1999001
1001004
-998
-94
398994
399006
1401009
-1004
-1010
399009
399000
799010
799007
-998
399009
-995
-1010
799001
799001
-1004
-1001
399003
798998
-998
-995
1199011
998998
-998
-998
-1004
-1004
-1001
2399004
399000
1799006
-1004
-1001
399003
-998
-992
399012
799004
2199010
1001007
-992
398994
399006
-1001
-992
398997
399006
-1001
799010
1999007
1198999
-1001
-998
1001010
1199005
1199005
399000
-1007
1199005
-998
1199008
798998
399012
399006
399003
-1001
-1004
-1001
-995
1399014
-995
1198999
399003
399000
-1007
399006
1799000
-1004
-995
-992
1199008
1301010
799001
-1007
-1001
-1001
-995
-1004
799007
-1007
-1007
-995
-995
-998
799010
-992
-1004
1701011
398997
2199004
599003
799004
399003
1599009
399006
799007
399006
399015
-983
399015
-995
-992
399009
399000
-1004
-1004
600997
399006
799001
-998
-1007
1599006
399003
798998
399000
-995
1399005
1799006
399000
-1001
398997
-1007
1799912
1999000
399003
-1001
399009
-989
599009
998998
601006
-1001
-1004
-1004
1799000
-1001
399000
398997
-998
2799002
599003
399006
399009
798998
398997
399012
-1004
399003
-1007
399006
1599000
399003
1599009
-998
799004
399000
-1001
799004
2398999
-1007
-1001
-995
600997
-1001
399009
399913
-998
1199002
399000
-995
398997
1399005
1599008
798998
799007
-995
-1007
-989
799004
-995
-1001
399003
-1001
799001
1599009
-1007
399009
1999004
-998
999010
798998
799007
799004
-998
-1004
399003
-998
799007
-998
-998
1799006
399003
-1001
799004
-1004
799001
1198999
799004
1599005
-1004
799001
999007
1599000
-995
-992
798998
999004
-1001
-998
399003
-995
-1001
1799903
1701008
399006
-1004
-992
399003
-1001
1999006
1000998
-998
1399902
1599003
399006
799007
999004
1199011
798995
401007
398997
398997
799004
-998
399009
399000
399012
-1004
-1001
398997
1199011
-995
-1001
398997
-989
1199008
399006
-995
398997
399000
1199008
799004
401001
-1001
-989
-1004
-998
799004
-1004
998998
1599009
-1001
-998
-998
399006
1199005
-992
399000
799010
799001
398997
1799006
798995
-995
-995
799004
-1001
398991
-995
799004
1399011
1199008
799010
-998
-992
-998
-1010
999004
1599000
399012
399003
399000
1199014
399006
-1001
-1007
398997
2599910
1199002
-1001
-1007
799007
398997
399009
1598997
398997
-1007
-992
399003
1198999
799007
-989
1799907
-1004
398991
1199002
798998
-1001
1199005
399003
399006
398994
-998
-1010
398997
399000
-998
399012
-998
398997
-998
-1007
798998
-992
-995
-1001
1000
1599003
-1001
1199014
-995
-998
-1001
398997
-1010
-1001
1199002
-1004
1199008
-1004
799004
-992
799007
1399002
799013
599897
-998
399009
799007
-998
-1004
799001
1399002
-992
-989
-1010
599006
-1004
399006
799010
999004
1199014
-995
-1010
1599000
3013
399003
-992
-992
998998
-1001
1198999
1799005
799001
2199001
798995
399006
-998
-998
398997
1199004
799001
799013
-989
399003
-1004
398994
-1004
-1001
-1001
1599000
-1004
-1001
-992
-995
-1010
-992
799007
799007
-992
-992
399003
-1001
-998
799004
399003
-998
399003
399003
-989
-995
398997
799004
-998
399015
-986
-989
799004
1399014
1199005
1399903
1198999
1199005
399009
2199007
-1004
399000
399009
-998
799004
-1007
799010
798998
-1004
399006
798998
-998
399000
-1001
1199002
399000
-995
-1004
399012
-1001
401004
-995
-998
399006
798998
399000
-1001
1399902
2201007
999004
999007
-1004
-1001
799004
801008
399009
-995
1399005
1199011
999004
-1001
-1001
-1004
799001
599000
399015
1199005
399009
399000
798998
1598994
-1001
399009
-998
2399006
399009
399006
-1007
-1007
399012
1301007
-1004
-995
-1004
-995
399003
1199005
-1007
399000
1199008
399006
-1004
-1001
799001
399003
799001
-998
-998
-995
-1001
-1001
-1007
799004
799007
398994
399009
999001
799001
1399002
-1010
599000
799013
999004
-1010
399003
-1004
-998
-998
-992
-1007
1599006
-998
-995
399009
-1007
-986
-1007
-998
-998
-983
1999010
-992
-998
399006
399003
1799000
398997
-1004
399003
399006
399006
-998
799004
-1010
399003
399006
399006
-989
-998
-1001
-1007
398997
799001
1199008
1399896
799007
599003
-1004
399009
-989
399009
398994
399012
-995
798995
399000
-1001
799007
399000
1398999
1799002
399009
399012
1199005
598997
-1004
-995
1198999
399012
-998
-995
399006
-1004
399003
-1004
1398993
3401899
999010
999010
-998
-998
399000
799004
-1010
599012
-992
-1010
-995
-1001
-986
399006
399009
-986
399009
399006
-1007
598997
-1010
798998
399009
399000
999001
-1007
799001
999007
399006
1901011
-998
398994
-989
399009
-989
1999007
-992
1201006
-998
-995
399000
799004
-989
899906
-1004
-989
799010
1999000
-1007
799001
-998
799001
1399002
-995
1199005
2799003
-992
-989
798998
399003
-995
399006
599903
799001
799001
398997
399000
399006
-992
1198999
399015
-1004
399009
-1010
1599003
-998
799001
399003
798998
398997
-1007
799004
-1001
799004
399000
799007
599006
-1007
-1001
399000
399003
-1007
-989
998998
-1001
-992
399006
-1007
-1010
2199003
-989
399009
-992
399006
799004
399006
399000
399009
-998
-998
1599003
1199011
799004
-995
2101006
-995
-1004
398994
-1010
399012
-992
-1010
-992
1399005
-995
398997
1799006
799001
398997
-1001
599006
1399008
399012
398997
399000
-1004
398997
-998
-995
1399002
799001
798995
-992
901009
399000
399003
-1007
598994
399009
-1004
-995
799914
-998
-1001
998998
-986
1199005
1399008
-1004
-1004
-989
798998
1401005
399000
-998
-1010
399006
398997
-989
-1001
-998
-998
398997
399006
-995
799007
399000
-998
1199005
1199005
598997
-995
-995
799001
-1004
1199005
399000
599012
799007
399009
-998
799001
-998
399009
-1007
399003
799004
999895
998998
-995
-1004
-998
1799003
798998
-998
-1010
-995
-995
398997
1599000
-992
1199008
-995
399000
399006
-1007
-1001
-995
1199005
-995
801002
999007
-995
-995
398997
-1010
1799000
1799003
-998
-1001
-998
999001
-995
-995
-1001
799010
799001
399003
599909
399003
401001
399003
-1007
-1001
399009
-1004
799007
599006
399012
-1010
399003
799001
-1004
-1007
-1004
-1004
-998
399006
799007
798995
1599008
399000
999901
-986
799001
-992
398994
-989
798998
1599000
799010
-998
2499906
-998
399006
-998
399003
-998
399006
-1001
-1010
-998
399003
-1004
-1001
399006
1199005
399009
-1001
999001
799004
-995
-989
399012
399000
799004
799010
398994
-1004
398994
799007
-1004
399006
798995
-995
-989
-995
-1004
999911
399018
-1004
-1001
1599006
399003
599009
1198999
1006
399000
1399008
398994
1399008
-986
399006
1199005
399000
599009
1199002
1198993
399003
-1001
398997
-998
-1007
399006
-998
-1004
-1007
-992
799007
-995
-1001
-1010
399006
-986
399009
-1001
-992
1599003
-998
798995
-998
-998
-998
799004
398994
1999000
-998
399003
399003
399006
599903
-1001
1599003
-1001
-1004
399009
1399002
-1004
-998
798998
799013
-998
799007
1599000
-1004
1398999
799013
1199005
-992
398997
399003
399000
-995
1199002
399003
399006
798998
399009
999004
399000
-1001
1999012
-998
2399001
799001
1198999
1598999
-1004
399003
798995
799007
398997
1599009
399003
399000
799010
2701007
1012
-1001
-998
2599004
998998
-995
999007
399000
1599003
-989
1599002
-1007
599009
-1007
799001
1599009
399006
-995
-986
-1004
-1001
1399008
399012
399009
799001
-995
-998
399006
398994
-995
1701005
399003
-995
-989
399003
799010
399000
-995
799010
799007
-1004
-998
399012
399009
-992
-1004
399009
1999010
399009
398994
999001
599012
398997
1198999
399015
1598997
398997
-1001
399000
399009
1799000
1199005
799007
598997
599006
-995
-1004
398997
799001
-1004
-1001
-995
-992
398994
-1007
398994
799001
-1001
-995
799004
399003
399006
399000
-1004
1599003
799004
-989
398997
399006
-983
1999007
798998
798998
-995
399006
-1010
-1004
999901
-998
399006
-1001
-992
-1004
-1007
-1007
1399011
799004
-992
1001001
-998
599009
399006
-1007
399009
799004
-1001
399000
-992
399009
-995
399003
799004
-1001
-992
399012
399009
399000
-1007
799007
399000
-1001
999010
399006
-1004
398997
799007
399006
798998
-998
799001
-1007
399012
1199011
399006
-1010
-989
1199002
799004
-1007
-998
399006
399000
1598999
-998
799001
1599012
799004
399000
1399005
599003
798995
-998
1999007
-1001
-992
-1007
-1001
799001
1799002
799004
-1007
399006
399003
-998
-1001
999001
799007
799001
799004
999007
1198999
-998
399000
-998
399012
-992
399012
-1007
799001
-992
999004
1199011
-995
1799006
-998
799007
799007
1399002
-1007
-998
1199007
1199008
399003
1199005
399012
798998
399006
798998
-1010
399003
-995
-91
399003
798998
-989
399009
399006
799001
-1004
1398999
398997
999001
399012
399006
-989
799004
-1007
-1010
-1010
799010
-1004
-995
-1007
399000
1198999
1801012
-1001
1199002
1799009
1198999
799001
399000
-1001
999007
399000
-1001
399000
-1001
-1007
-1004
798998
-1004
1599000
1799006
1198999
798998
-1004
-1001
1199002
-1001
399003
799001
799001
399009
-1010
-1010
398994
1599006
398997
1999012
399003
-986
399003
1599003
-1001
999010
799001
-995
399009
399003
-1004
-1010
-1001
1199002
399006
798998
1198996
-992
-1004
399003
799001
1799000
-1001
1199002
1899902
-995
-1007
599009
-998
399003
399003
399003
799010
399009
-1007
1598996
399006
799004
399009
-1001
-1001
-1004
-998
398994
1299904
-1004
1199002
-1007
-1007
1999908
399000
-1001
-1001
999016
-989
-992
399003
1199008
1399005
399009
-1004
-998
-1001
399003
-1004
-1004
399006
399003
399012
599000
-992
-992
399009
601006
1599006
-1004
-995
799001
1999004
398997
1799006
799001
599900
-1001
399012
-992
-995
-995
-1004
399006
-1001
399000
399009
-1004
-998
799001
399000
-1007
399015
999004
399006
399006
1399008
799001
999007
399009
-998
-1001
-1001
-998
1399002
600997
-995
-1001
1398999
399003
999007
-998
399003
-1004
1199008
-1007
-1001
999004
399009
399009
-989
-100
398994
399003
399009
1599000
398997
-1007
-1007
1199002
-995
1199002
1398999
399000
-1004
799007
-992
-1004
799013
399009
-998
-1004
1199906
399003
-1007
-1004
1799006
-995
799007
-995
1199002
799001
999010
1599011
-995
-992
-998
399006
799007
399000
-998
-998
798998
-995
999904
-1001
-1001
399003
-1004
-998
-992
1199002
399012
399006
2199009
1199011
-1010
798998
799007
2199007
1199008
798998
799001
798995
1198999
799016
399000
-992
1399002
-1004
-995
1198999
599006
-995
1199002
2199004
399000
399009
-1007
398997
-992
1799003
-1007
1199005
-989
-998
799013
-998
-998
399003
-998
1199005
-1004
799004
399003
3199000
799001
1202998
601000
-1001
-998
399006
999004
799001
601009
-995
799007
-1001
1399008
799004
799004
399009
799001
999004
1998997
-1001
-1004
1999004
399000
399009
799007
398994
-995
799010
-989
-1001
-989
599000
-995
1001007
1199005
-995
-998
798995
399006
-992
-1004
1015
-992
-992
-1001
-1010
-998
399000
1199008
-995
398997
-1007
399006
2199004
-989
399000
1199002
-998
-1001
398994
-1004
399003
1399908
-992
-1007
2199007
799001
-1001
798995
1599006
399006
-995
1599012
1799006
398997
798998
1198996
-998
-1004
1199008
398997
-1001
399000
2398995
-1007
-1001
-1001
-1001
-1007
398997
398997
1199008
399006
799007
999904
399000
1199002
-998
1999006
799001
-998
399000
-989
999007
-995
399006
-992
799001
398997
399012
399006
399000
399003
999001
399006
-992
398997
-998
-995
-1007
799001
398997
1999004
-1004
-1007
-998
-995
-989
399012
398997
398991
398997
-995
1198999
1999007
399012
399003
399009
-1007
399009
-998
1199899
798995
-995
1799005
-998
398997
999004
-995
1398999
2599005
399003
999013
-998
398997
-1004
-1004
-992
-995
-992
-1004
-998
599000
1999906
1198999
399006
799001
1599009
-1001
399009
-986
-989
399000
-1004
600997
-992
799010
1799003
798998
1199002
-998
1599012
399000
399000
799001
-995
399006
-992
-989
399006
-1007
1199901
-992
999010
399012
798998
1999001
799013
798998
799001
799013
798995
-1010
799004
1799003
-998
-992
398997
1399002
-998
-995
399006
1199002
799010
1399005
-998
-1004
599003
1598997
-998
399003
399006
399012
1599006
399006
799010
-998
399006
1598996
-998
798995
399012
799001
-995
-992
399003
1198996
399000
799010
-1004
1198999
999004
-992
399012
-1007
999004
798992
398997
-992
-992
-992
-992
-986
1199011
399006
-992
-1001
2199010
1198996
998998
1199005
-1001
398997
-1001
-1001
1999004
-995
399003
3301003
2099900
1799006
1999010
398994
398994
-1010
-998
1599012
-989
399009
-1001
399009
1999001
798995
-995
-995
1399011
-998
1199005
1699911
799001
-1004
399003
1199008
398994
1599003
-986
399000
398997
1199008
-995
-1004
399904
399006
-1004
1599005
-1001
799007
399003
798998
2199007
399012
399006
1599008
1199005
398997
-998
799010
-1004
1199002
-1001
399006
399000
-1007
-989
-1007
399009
-998
-998
1199002
1599009
799001
-992
-1004
399012
399003
399000
399006
799001
1198999
399003
-1001
399000
399006
799010
-1004
799001
-998
-998
399009
1599003
-1001
399015
399000
399006
399009
1599000
-1010
-1007
399006
-995
399003
399000
-1004
-995
1001004
-1007
799001
1201011
1199005
1299910
-1010
-1007
-1010
-1007
399006
1399008
398994
799007
799004
398997
1199005
-992
-992
798995
599012
399904
399009
1198995
1599009
1599006
799010
-1007
399009
-1004
-983
399009
1399002
399006
399006
399003
-1001
-1007
799001
1399002
1801006
1599003
-1007
-1007
799004
798995
399009
-995
398997
-1007
799007
399000
399009
1199005
1999898
-992
799001
398994
-995
-995
399000
-998
-992
1799009
799001
599006
399009
-1004
399003
-1001
799001
399003
599003
-992
398997
399000
-986
-1010
2399010
-1001
399003
-1010
399000
-995
1198999
-1001
1599005
799004
1399002
-992
799007
1199005
-1001
-998
399006
-1001
399000
-1007
1199005
-992
798992
799007
-1004
-1001
799004
1199005
399003
399006
399003
398997
798998
-1004
-995
1199005
-998
-995
-1001
-1007
-1004
799004
-1001
798998
399000
-1001
599009
1399005
1599009
1599006
-1004
399009
1398996
-989
398997
-983
-992
799001
398997
1599006
-1001
398994
799010
-1004
399000
-1004
2399005
-992
-998
399006
398997
999007
-998
398997
399003
399012
399000
399003
-1004
-1001
1199005
-1004
399009
1999000
399006
-998
-995
601009
-986
399006
399003
-995
399003
799001
398994
2001009
399000
-1004
1398996
399000
1199002
1399005
399003
-995
599006
-1001
398997
1799000
798995
999001
-992
-1004
1199008
398994
-998
399000
398997
398994
799004
-1004
-998
399003
-1001
-992
-995
-995
-998
-986
-1001
1599009
799013
799004
-989
-992
799004
798998
399009
799001
999901
-995
398997
-1001
798998
-998
398997
398997
399000
-1004
1599006
-1001
-995
398991
1199002
399000
399006
398997
1199011
-995
1999001
999904
399015
599000
1199005
-1001
-983
-995
-1007
799013
-1004
399015
-998
-1001
399910
-1004
-992
-986
-1004
1198999
399006
1199008
-1004
799010
399009
-992
799013
398997
-983
-1001
799010
-998
1599009
-1001
399904
600994
-995
-995
3001907
998995
-992
399012
1199005
798998
399009
1599005
-998
-998
-989
999010
799001
399000
-989
1199011
-998
399003
-998
999004
-995
399000
799007
399003
-1001
-1004
399006
-992
-1004
-998
1198996
-995
-992
1399011
399006
-995
999007
398997
398997
799010
-992
798998
398997
-998
398994
399003
-995
599006
-998
-1004
-97
399000
-995
798998
-1001
799010
-995
2199001
-989
-1001
1599006
799004
-1001
-986
999010
-1001
-995
-986
-998
799010
798998
-1001
399006
1199002
398997
799010
799013
-998
-992
799004
-1004
398994
-998
998995
1199011
-1007
399009
399006
799001
399000
-1004
799001
399000
1199008
-995
1799003
-1001
-1007
-998
-998
2201009
-986
799007
-992
-1004
399009
998995
798995
399006
398997
1399908
399009
-1001
799004
399003
-1004
-1004
399003
799004
399003
1199002
-1004
799013
-1010
799007
1599006
399009
999007
399000
-998
-992
-995
-992
-1001
399012
799004
-998
799001
399006
-1007
399015
2399007
1198999
798998
-998
801005
399006
599000
399009
798998
1198998
999001
-995
-995
-998
999001
1006
399000
2999007
1199011
399006
-1010
399000
1399005
-989
598997
399003
799004
399006
-1004
398997
399015
-1004
-1007
1199002
-995
1299907
399009
999013
599006
-1004
399003
-1001
799001
798998
599009
-1010
-1004
1199005
-998
-1001
1399014
2599005
399003
-1001
-1004
1399002
-1007
-992
399006
-998
-995
2399007
-995
-1004
599903
799004
1009
1399008
1599006
1199002
-1001
1199014
999013
399003
1799009
798992
1199011
399000
-1001
-1001
2201905
-998
1199005
-995
2199907
399006
399003
1198999
398997
398997
-995
-1007
998992
-1007
-1004
-998
-1007
-1010
1198999
-998
1199014
-995
399000
-992
398994
399012
1399014
-998
799004
799004
3399000
1598994
799007
-998
1199005
1599009
-1007
-998
1999007
-995
398994
399012
1799006
-1007
399003
-992
-992
-1004
1199011
399003
1599003
799004
-989
-998
398997
799007
-1001
799007
-1001
-1010
3399004
-998
399003
-1004
399012
-998
1199002
399006
-992
399000
399012
799007
-992
-998
799004
-995
1399002
1199011
399003
-1004
798998
-995
399000
-995
-992
399012
-992
799001
799010
-989
-1001
1199002
799001
399003
-989
399003
399003
398994
799007
-1007
399006
799010
1599003
-998
-998
1198999
-998
-998
399009
399006
998998
399009
-992
-995
-1001
799007
799004
1199008
2901005
-989
1199002
799001
1399008
799001
-1001
798998
-1007
399015
399006
399006
-992
-989
401007
399006
399000
399000
-995
399000
798998
798995
-1001
798998
1799009
-992
1198993
799004
-1004
-1004
1198999
-1001
1399008
1198999
1399002
398997
399012
-1001
399006
-1001
-995
-1001
399000
399012
799010
1799000
399006
399006
399000
398997
-1007
799001
-998
1599006
-998
1198999
-1007
-992
399003
1198999
1199008
1799009
799001
399000
-1007
799001
399003
-989
799007
-992
1398999
-992
-995
-1010
1199002
-992
-1004
399009
-1007
399006
-992
599006
1198999
398994
399006
-1001
-989
399009
1599000
399006
1798997
-1004
-1007
-1001
398997
799007
399006
-1004
799016
-998
-1001
398994
799007
1999000
-995
1999003
-998
-1010
-995
-995
1799000
1999003
-995
2001000
-986
1999007
-992
799007
2199010
1801006
398994
399003
399012
-1001
1199002
-1001
1199005
399000
-995
-992
-998
2599005
-1001
-1001
399015
1199005
-1001
-1001
799016
799004
399009
-1004
-1004
-1004
-1007
-1004
-998
398991
-995
399003
399000
799001
1799006
-1004
-1007
1399008
-998
1198999
398997
799004
-1007
-995
799010
1999007
-998
-1004
799001
799016
399000
399009
-1004
1399002
1199002
-1004
399009
398994
599003
799013
-992
1599003
1198999
799007
-998
999013
-1007
-995
1199002
1199005
399003
398997
399000
-1001
599912
1198999
-1007
-995
799001
-998
999001
-998
-995
799001
1399005
-995
-1007
1599011
599900
399003
799001
399003
398991
399009
-995
-989
-992
-995
398997
399000
-1007
-1001
799007
-995
-995
-1001
-1007
399015
399009
799013
-1010
399000
1599000
399009
799007
-998
799004
799016
2598999
-995
399006
-995
-995
399000
1503004
399009
999001
399006
-986
999004
1399008
-1007
1599000
-992
399009
399003
799007
399006
-995
599003
1199011
-1007
-992
398997
1199008
399000
399006
799013
399003
399009
799004
-1010
799010
799004
399000
1599003
399000
1999007
-992
398997
1001001
1199002
399006
999001
-1001
999010
398994
799007
-1004
399003
1599002
-1010
799007
-995
799004
-992
1199001
2199004
-989
1399008
799010
399895
1199002
-1001
399006
399006
1399005
-1001
-1004
-1010
-992
1199011
-1007
-998
798998
799001
2999003
-998
399006
-992
399003
-992
1199005
1198999
399006
-995
398994
798998
399003
399000
1199011
399015
799908
-998
-995
399012
1199008
1199005
-1004
799001
-998
1598997
1199008
-989
399000
-1004
999004
-998
399003
399000
-998
1599009
-1001
399006
2799003
-992
399012
-1007
1199005
1799002
1599003
398997
-1001
1199002
399000
-995
-998
399012
-1007
1301010
799007
-1001
-995
399009
399003
1399011
-992
399003
-1001
-998
399003
-998
-1001
399009
-992
999001
399006
2199000
399006
399000
2799899
399009
-998
799911
-995
399003
398991
1799003
2399007
-1010
-998
-998
-989
799010
798998
399000
-992
399000
799004
-1001
1398999
399000
-998
-992
-1007
399003
1399002
-1007
-998
399003
-1004
399006
1199011
799004
-1001
1599000
799007
399003
1599000
1799000
-1001
-998
399006
-1001
-1010
-983
1199008
398997
1603002
-995
-995
-1001
2203909
-998
-992
398994
-1007
398997
799013
-992
399003
799004
-1007
-1004
399012
799010
799001
-998
-1001
-998
399009
-995
399000
398994
398997
799004
-995
-992
-1004
-998
399000
399015
-1007
398994
-1007
-1001
799010
2999003
999007
-1007
-995
-995
799001
399006
-1004
399000
398997
599009
799001
-998
-1007
798992
1399005
799004
399006
799001
-1001
-1001
398997
-998
799001
-995
601000
-1001
799004
-1007
399003
-1007
-1007
-998
-1001
-992
-992
1001001
-1007
-992
-998
799004
1198999
399003
398997
1799006
1599000
399009
-992
799010
-995
799007
999001
-1004
1198993
-995
398997
798992
399003
1199002
-1001
599012
399006
-1001
-992
-1001
-1001
-995
399012
-1007
399000
1399002
398994
599903
1599003
-998
1598999
1198999
399006
-1004
-998
399018
999004
-1001
1198993
-998
1012
-1004
600997
-998
-986
-1001
-992
1199008
399000
601009
799007
-1007
-1007
2999005
-1007
799004
-1010
798998
599903
-998
798998
-998
799007
-1001
799007
398991
1198999
398991
1599003
398994
799010
399003
2400995
-1001
-989
-995
-1007
-1001
399003
-995
998998
-1001
798998
-995
799004
1398999
-998
-1004
-1007
-995
1399002
-995
998995
1599000
399000
-1001
399006
799001
-1001
799010
1999003
-1004
1399002
799004
-998
-995
-1007
399006
-1004
-1001
799007
-995
-992
799007
999004
398997
1799006
399000
-1004
799001
398997
399000
399003
399009
-995
-998
399009
1799003
-995
4199901
-986
399006
1199011
-995
-1004
798998
1199005
-992
1399008
-1004
-989
-998
-1007
399009
799001
799007
798998
-992
1799903
398997
799001
-998
-995
1399014
399003
1199005
-1010
-995
-998
398997
-998
-1001
-1007
399000
-998
-1004
-1001
2401001
399000
399009
799010
398997
398994
2399005
399006
-1001
398994
1001001
999010
799004
799004
399006
799010
799004
-1007
-998
1599000
-1004
999007
799004
-989
3799003
999007
399009
-998
799004
799001
399009
-995
599903
-989
798998
-995
-1001
398994
-1001
-1001
-1001
798995
599006
399006
-1007
1198999
398994
799004
-986
-1010
399003
-986
-998
799010
1599009
-1001
1398993
799007
-983
-1004
-998
-1001
799004
399000
-995
-998
799004
1001010
798995
399003
-1004
399000
-995
-1004
1399002
-1007
1199001
399006
-998
398997
-998
399003
401007
399006
1199008
-995
-998
1198999
399006
799010
799013
399000
-989
-992
-1004
799001
-995
799004
-1001
398994
-1004
-1007
799010
-1001
-1004
999010
1198999
-1001
2399001
-989
-1004
398997
1599008
1199002
-995
-989
399006
-1001
-1001
1199912
1199014
399000
399006
399012
-1004
-989
-986
399009
-1004
1701002
1999001
399003
-995
-1004
-998
801008
399003
399009
399006
798992
-995
999007
399006
-1001
-998
999001
399006
1801000
399000
-1007
1199011
1198999
999004
-1007
399006
399003
-995
-998
1999004
799001
398997
399009
-998
-1001
399006
-998
398997
1799005
-998
-1001
1199005
-992
399003
-998
-995
999001
-998
399003
799010
-989
998998
1198996
-1001
398991
-1001
1999007
-1001
-992
-998
399003
-1001
1199002
-1010
799004
798998
800999
1599005
398997
399003
399006
-992
-1004
-992
399006
799010
-998
399006
399006
1198993
-998
-1004
398997
398997
399003
799001
398997
398997
-992
-1004
799010
798995
-1007
398997
799004
399009
1999004
1199008
798998
-1007
1198999
398997
1199005
-992
399009
2401000
-995
-989
-1004
-1001
-1004
999910
-995
-1001
-998
-995
-995
399006
-998
1599006
1799900
598997
1399008
-1001
-1001
798998
399003
-1010
1199002
1399005
-1004
-998
398997
-995
399003
398997
-1004
-989
998998
-992
-1001
-1007
399003
399000
-1007
1198996
-1001
399006
399003
399009
1399005
1399005
-1004
399000
399000
399012
-1007
399009
-1007
799004
399009
-995
-1010
798995
-998
-998
2399010
-1007
399006
-998
-1001
1199008
399000
-986
-998
799007
399003
2999000
1199002
799001
-1001
399009
399006
-1004
799007
1399002
-986
398997
-1007
-992
-995
-989
2001006
-998
398994
1399011
2399001
399000
-1004
-992
-989
1199005
-992
399006
-998
399000
1199008
399009
-986
399000
-1001
799004
398997
-995
-1007
-1004
399006
399003
1199008
999001
399009
799007
-992
-998
-998
798992
799001
-1010
-1007
-992
-1004
399000
799010
-998
1598997
399003
-1004
398997
-1010
399000
-1004
-998
399000
399009
399003
-1001
398997
399006
-998
-998
799007
1401002
1599003
-1007
1199002
399009
399012
1198999
799004
-1001
399012
1999007
-995
-1001
1999000
799004
-1007
399003
-1001
-998
799004
399009
999016
1998998
399006
-1001
798998
1599003
-1001
799007
398997
-992
-992
-995
-992
1999004
-998
-998
1599006
799004
-998
398994
398994
-1007
398997
799001
-1001
799007
398997
399000
-1004
1198999
1199011
399009
399003
1199002
798998
1199008
1599009
399000
399000
799010
799001
798998
999007
399003
-998
1599009
-1004
-1007
-1004
-995
399000
-1001
-97
-1001
799013
399006
399009
599009
399000
399006
798995
799007
799013
1001001
1799003
-995
-992
2398996
-1001
-1007
399003
-1004
399003
-1007
399006
-1010
398991
799007
-1004
399003
-995
-1007
798998
399000
399006
-1007
1199005
399000
1199005
399000
799004
799007
-995
399015
-998
398994
-995
-995
799010
-1004
-998
-1001
-1004
398997
-1004
399003
399012
-1007
1198996
1199014
-998
398997
398991
1599006
598997
-995
399003
399000
-1007
399003
798995
-998
399006
399003
-1004
601000
-1007
-1001
799007
-1001
-1004
-1004
-1004
799013
-1001
999007
-1007
799004
-1007
-1004
799001
-986
399901
-1007
799004
-1007
-995
398997
799013
1599002
-1004
-1001
1999007
799001
1398999
-1001
-995
-995
799007
1399005
1199002
-995
-1004
-998
-998
399003
-1001
799010
1199008
2199001
-998
-1004
-1007
399009
-998
-1001
-1007
-1007
-995
799004
1199005
1398993
-995
799001
398994
1999000
399006
1198999
799004
-1001
1599009
-992
399009
399012
-1007
1198996
-989
799908
398997
-998
399003
-992
399006
-995
-992
-998
1001007
-1004
399006
399009
-1001
-1004
-1004
399006
799013
398997
-1007
2399004
799001
399006
-1004
599003
-995
-1001
1599000
-1004
-989
799004
1199005
799010
799004
999001
-995
-995
-1007
399006
399009
-995
399003
999004
-998
1199005
801008
799007
399003
1798997
-995
2501003
399009
1198996
1199005
798995
799007
399018
399006
398997
1198999
-998
999010
-97
799001
1399008
799004
-998
-995
999001
-995
398994
798992
-1004
1399011
1399002
-983
999001
399006
-995
399003
1599911
399006
-989
1199001
-998
-1004
-995
-998
399006
1599905
-1007
-995
-995
-1001
399000
-989
399015
399006
-1004
399003
398997
998998
1199005
-1001
-995
-995
-1001
398991
-992
399000
-992
398997
-1004
-1001
399003
601006
1399002
399003
398997
1999003
1299907
1198999
-983
-992
399006
1199005
1199002
799001
-992
1999007
799004
1399005
-1010
-995
798995
798998
-995
799010
-995
399015
-992
-1001
1199005
-1004
399006
399006
-1007
399003
-995
1199005
999013
-995
-1001
399000
799010
1399005
798998
399009
399006
1599003
2701007
399003
-992
398997
-1007
-989
399000
399003
601006
-1007
398997
398997
1999004
799004
-998
-1004
399006
399006
-986
399006
-995
-995
399012
399012
399009
798998
1399002
-998
-1010
-1007
799004
398997
-1001
1199008
-995
399003
399003
799001
-998
1199909
799001
-995
-995
399006
399012
1399002
-1004
1199002
-1007
799007
-1001
-995
399000
1198999
-998
-992
1401008
1199002
-998
399000
-1001
398997
-995
398997
-992
-992
399000
398997
398997
-1001
399006
-989
999001
399000
799010
999007
-998
399009
-992
-992
799013
399003
399012
399006
-1001
-992
399006
1701005
1199005
-1001
1599000
-992
399006
398997
398994
399006
-1004
399012
799004
-992
399012
399006
-998
-1004
1199005
399009
1199005
399006
1015
-998
1199005
399006
398997
-1001
1199005
399000
399009
-989
-1004
399009
-992
1199002
399003
-1004
-1001
399003
-992
-1001
399003
999004
-1004
399000
399012
399006
798995
1198999
399015
399009
-998
399003
399003
1599009
399009
-989
-998
2099900
-998
-1001
-1001
-1001
398997
1599009
399000
399009
-1001
398997
-992
398997
-986
-995
1398999
399009
-998
399009
1599003
798998
398994
1199008
1599006
-1004
-998
399006
599906
-1001
398997
1199005
798995
1799000
2201010
-1010
799007
-998
399907
399009
798998
-1001
399003
599906
1599006
399003
399009
1199011
399006
398997
799004
799004
-1004
399006
399012
-998
798998
798998
399000
-998
-995
-986
399000
799001
1398999
-998
-989
1198999
1398999
-1001
1199011
1399902
398997
1001010
-992
-992
1399011
-1001
-1001
-1004
-998
399003
799007
-1001
-998
1199005
-1001
399000
1599009
-995
-998
-998
-1007
-1001
-1001
-1001
-995
999001
-1007
-998
398994
799010
799004
-1004
799001
-1001
398994
-992
2799010
399015
-998
-1004
-998
1198999
-998
1599005
-1004
399000
-1004
999898
-998
-1007
-995
-1004
-992
799004
1701008
799004
798998
-1001
-1004
799001
399012
799007
-91
-1001
399003
1599002
-1004
399006
398997
999007
-1004
-998
-998
-1007
799010
-983
399009
1199011
-1001
-1001
-989
1798997
-998
399000
-998
-1001
399012
799004
399000
399009
-998
799010
399000
-998
399003
1198999
399000
399000
-1007
399006
-1004
399003
798998
-998
-1004
-1004
-998
-995
798998
1399008
799007
-995
1198993
399012
-998
-995
-1007
399009
-995
399009
1401011
1799006
399006
399003
-998
399003
-995
799010
-1007
799007
-1001
399003
399009
-983
1599008
1199008
399003
-1001
399012
999001
-1004
-1007
-1001
-998
-1007
-992
-986
1198996
399003
399003
-998
-1007
-1001
399006
-1004
-998
1199008
-1001
399006
-1004
-1004
-998
1198993
-1004
1199007
1199008
-1004
-998
399003
399006
-989
1401002
-995
399003
998998
799004
1399005
-1004
-995
3401001
2799008
1199008
398997
799016
1899911
1399005
399012
399003
799013
-992
999007
-1007
-995
1599012
-1007
999004
-992
799004
399015
799004
398997
-1004
-986
1198996
-1001
1199008
-1001
-1007
399000
-1004
1599000
-1001
399000
-998
399003
799007
398997
1198999
-1007
399012
-1004
799001
1399005
798995
-1007
799001
399003
1001010
1799003
-986
399000
799004
398994
399000
-998
799905
-1001
-1004
-1010
-1004
-995
399006
399000
-1004
399009
799007
-989
799001
-1004
-1001
399006
3601003
-995
399000
1198999
399009
999010
-998
799013
-989
799001
398991
-998
-995
-992
398997
-1007
1199008
398994
601000
399000
1199008
-1007
-986
999001
-998
1399011
-1010
-998
-1010
401010
899900
798998
-1007
-998
799010
-1010
1999004
-1001
799001
1399008
-1007
-1004
-998
1199011
399000
1599005
-998
399000
799010
399009
399006
399012
399006
2799005
399913
-998
799001
1199011
1399008
-1010
-1010
-998
399009
-989
399003
1399002
599006
-1001
-1001
798998
-998
-992
-989
399000
-1007
-995
-995
999004
-995
399006
799007
399003
1599006
799007
-995
-1001
1199008
-1001
-998
1199002
-998
799001
399003
399009
-1004
399000
399012
399012
1599003
399003
1999007
399003
-992
1799000
-995
1198999
1599003
-1001
-1001
399006
399009
1198999
1599012
599003
-1001
399000
-995
399006
399003
399006
399006
-995
-995
399006
2399010
399006
-998
-1007
-1010
399012
1399002
799010
-995
1599003
-1007
399000
1399005
799001
1999000
-1010
399000
-1007
-989
-1001
399000
-1001
-998
999007
399006
399000
1798997
-992
398997
999901
799001
799004
1199005
998998
399003
399003
798995
2299909
-998
799004
-995
399003
-1004
1999903
799004
1199002
398994
398994
399003
799001
399009
399006
-1007
398991
399012
-995
1399008
-1004
1399005
-998
1799005
-1001
399000
399003
-1001
-1004
399009
799007
999907
-1004
2199004
-1007
399006
-1007
399012
-1004
-986
1599009
-1004
-1001
799004
-1007
399003
398997
-1001
799007
599015
998995
-989
799007
799010
-998
-995
399006
-995
798995
399012
399000
999004
-992
999895
-992
799004
-989
3701006
-995
799001
1799006
-995
-992
-998
799004
1000
799010
398994
399012
399006
799001
-1001
399009
1198996
-1007
1999009
399000
399003
-1004
-1007
-1001
-995
-1001
399003
-998
-992
799007
-998
-986
799010
-1001
-1001
-1004
401010
-992
-995
1199002
1199005
-1007
1599008
-998
-998
-1001
2199004
-998
-995
-995
1399011
799004
-1001
-989
799016
1599006
999004
-995
-1007
1199005
399009
1399008
399000
799001
-1004
799007
799001
-1004
798998
-986
-995
799004
399000
-995
-998
-1001
-1001
1798997
-995
-998
1198996
-986
399003
-995
-995
-1004
799004
999001
398997
-1001
-992
1799000
399000
-1001
-989
799004
398997
799007
799007
399000
799001
1199008
-1010
1799003
1199903
399003
399009
-1001
-1004
-1004
798998
1399005
999007
1198999
399006
-998
799004
399012
-995
-995
-1001
1198999
-1001
2599010
399006
798998
2199000
-995
-1004
-1001
-992
399003
-986
399009
798998
-992
2399005
399006
-1007
-1001
-1004
-995
-995
-998
600997
-998
398997
-1001
399009
399009
399006
1199002
-1004
1199002
1199014
1599005
-1001
399006
1599905
2399002
-1004
-986
-995
799004
399000
399000
399009
1398999
-992
1198999
-1007
-1004
399003
1599003
999007
-1004
399003
399006
-1001
-1010
799004
799004
-995
-986
-1001
-1007
-989
999004
999010
399006
799010
799007
-986
-995
-1007
399003
1599009
599000
999001
399006
1198996
799004
-1001
799007
398997
799004
1599009
-998
399003
1599009
-998
-989
-1001
1599002
1399002
399012
399009
798998
-1001
1799003
-989
-992
799010
1799012
-1001
-995
399006
601000
-995
798998
999910
399003
1199005
-1001
799001
-1001
1599000
-1007
1401014
-992
399003
799010
-998
399009
1199011
798998
399904
1799000
999898
-998
-1004
-995
399006
799007
-1007
-998
-1007
-992
799007
399009
-998
999007
1798997
-1004
-1001
399000
1599006
-1001
-992
-1001
1199011
799001
-995
-91
1198993
599009
1399002
-1004
1599003
399003
-998
799004
1799006
-1007
799007
-998
-998
599009
-1004
-998
1399008
-1001
-998
798995
799007
-998
1599000
399006
799004
-1004
799004
-1004
-992
-998
799001
-995
399003
-992
-998
999001
799007
1199002
399006
-1004
799004
-992
1199002
-992
-1004
399009
398997
-1007
-1001
399003
-1007
-1004
1199005
399003
-1007
1398999
-1007
-1004
1198996
-97
-1004
1199005
-1001
799007
-1004
1199005
398994
-1004
399012
-992
1199005
799007
1199014
-992
-992
-998
798995
399006
399000
799010
-992
399006
1300995
1599000
798998
-1004
399006
-998
799004
-1007
398997
1599000
-1004
1399005
398997
399000
-992
1398999
-1010
1199008
-998
-1001
799001
399012
-998
-998
399003
-1001
-989
1199008
-1007
399003
-1004
399003
399009
1598997
1599006
1999001
399006
399000
1198999
-998
399000
399000
399009
399006
1299913
798998
398994
599003
-1007
1199002
799001
2299909
-1001
-1004
799004
399003
399009
-989
798995
-1001
399009
1199011
1598997
-1004
799007
398997
-1001
799010
1599006
-998
-1004
799902
399006
399003
798998
-1004
-995
1599006
-992
799004
799004
-998
998998
-989
1701011
-1004
-998
-995
799004
-998
1201898
399000
2201007
799004
1799003
-995
399006
1199005
-1001
398997
799010
799004
-1001
1199011
-1004
399003
-1004
-998
-1007
-989
-1004
399006
799004
599006
-992
-1007
999001
799004
799013
1199002
1799012
-986
799004
-989
2299900
398997
798998
399009
798998
1799003
399012
799013
-1001
-1010
399009
-992
799013
399012
399000
-995
799004
799001
1399002
-992
-1007
-992
599003
-992
1199002
-989
1599000
399006
1399011
399003
599003
1199005
799007
-1007
-998
-1010
-992
-995
-998
-983
-1004
-995
-1007
798995
399006
599003
399009
-995
399003
-1001
1199011
-989
-986
-1001
799016
-1001
799010
-998
1199001
399009
-1001
799007
-998
799013
399009
-992
399006
1009
-995
1299904
2399007
799013
-1001
398997
399000
799004
-998
799007
-1001
799004
599000
399003
399009
399009
1199005
-983
1199011
2199010
399009
1199008
-1007
798998
398997
-1004
399000
799010
399003
399009
399009
-998
-1007
-989
-998
-989
1399911
-995
-1001
-989
999916
1199005
399000
798998
399006
399000
798998
