-10007263
-8981
-8368
-8978
-7868
-8279
-8786
-8277
-8280
-8280
-6478
-7779
-6383
-6373
-8475
-8979
-8267
-8058
-6267
-8381
-8672
-6979
-8574
-6582
-8365
-10007052
-8673
-8678
-8473
-8482
-8074
-8267
-10007664
-8285
-10007158
-10006959
-8284
-8281
-8476
-8773
-8566
-10007661
-8371
-8285
-8471
-8471
-8675
-6262
-4871
-8569
-8371
-8867
-8269
-6773
-8258
-8377
-8478
-8678
-8070
-8767
-8474
-8174
-10007567
-8582
-10004531
-8377
-8075
-8671
-8573
-6276
-8065
-8372
-8481
-8381
-8683
-8570
-10005445
-10007951
-7773
-10008062
-7483
-8481
-8678
-8479
-8387
-8477
-8172
-10007261
-8368
-8283
-8260
-8465
-8883
-6377
-6667
-7878
-8481
-10008364
-7677
-2377
-5471
-4058
-10008354
-6669
-6674
-8266
-10005243
-8661
-7478
-8677
-8682
-8165
-8669
-8178
-7971
-8280
-7068
-8579
-8672
-8680
-8161
-8577
-7173
-8276
-10005346
-8059
-8481
-8470
-8581
-7979
-8769
-8160
-8780
-8170
-8479
-10006452
-8782
-6357
-8479
-6970
-10005443
-8482
-8061
-8683
-8085
-7868
-8269
-8889
-8789
-7657
-8677
-7983
-10006071
-8077
-8375
-8386
-8277
-6175
-7586
-8884
-8474
-8684
-8269
-9185
-4373
-8280
-8481
-6560
-8892
-6585
-10005537
-8372
-10007668
-8462
-4281
-8275
-8882
-10006745
-7874
-10006242
-5151
-8371
-6175
-7072
-8274
-8281
-8171
-8264
-8565
-10006162
-7477
-8781
-8586
-8863
-8360
-8474
-8589
-8882
-7475
-7987
-8483
-8267
-8788
-8269
-8064
-8469
-10008762
-8277
-8674
-8585
-8472
-7570
-8280
-7470
-8170
-8473
-6986
-7067
-8275
-10005540
-6276
-8176
-8671
-8584
-6365
-7381
-8659
-8571
-7373
-8577
-10006450
-8177
-8461
-8882
-10006549
-10005766
-8075
-8283
-6378
-8386
-8082
-8377
-5977
-8371
-3867
-7881
-8785
-8277
-8265
-8271
-8366
-8279
-8282
-6472
-8077
-6569
-8670
-8083
-8375
-8377
-8281
-8777
-8170
-8369
-8468
-8979
-8370
-8483
-10007460
-7964
-8886
-8774
-8491
-8275
-8280
-8880
-10008376
-6572
-8477
-4575
-8478
-7874
-8676
-8359
-8267
-10007954
-8782
-8363
-10006848
-6359
-10006763
-8885
-7278
-8173
-8487
-8579
-8773
-8478
-10008878
-8471
-5174
-6274
-8165
-7178
-10006750
-6778
-5470
-7263
-7785
-9181
-7281
-7969
-8480
-8078
-10007869
-8978
-10005744
-8478
-8481
-8576
-8680
-7777
-10007863
-4779
-8489
-8874
-8483
-6976
-10008061
-8566
-7467
-8373
-8575
-8478
-8473
-8071
-7682
-10007966
-8983
-8569
-8568
-8762
-8285
-6384
-8176
-8283
-10007664
-8475
-8873
-5873
-8683
-7781
-6573
-8974
-8264
-8377
-8076
-4181
-8177
-8161
-8481
-8376
-10008469
-8177
-8680
-8984
-6877
-8679
-8263
-8069
-8170
-7979
-8276
-8679
-8270
-10008268
-10006067
-10008567
-8285
-8376
-7379
-6462
-10007042
-8071
-8277
-6486
-10008263
-8173
-8470
-8475
-7867
-8969
-8376
-8185
-8367
-8377
-8265
-7981
-8673
-8373
-10006145
-10008263
-8882
-8586
-5572
-9078
-8689
-8178
-8663
-10005964
-7578
-8277
-6069
-8582
-8774
-8578
-7376
-8170
-8580
-6572
-8076
-10007560
-5369
-10007855
-5484
-8679
-10008065
-7375
-6469
-8576
-8686
-8472
-8679
-8577
-7369
-8874
-6563
-8269
-5164
-4677
-8076
-10006558
-6469
-7376
-4680
-8780
-8583
-7865
-10008267
-8074
-6277
-8281
-8269
-8484
-7172
-8071
-8486
-7377
-8268
-8688
-8476
-10007962
-8474
-8376
-8277
-8282
-5475
-8780
-8582
-10006663
-8488
-9074
-6175
-10007557
-4571
-8669
-8163
-7959
-8691
-6671
-8381
-7972
-8463
-8166
-8683
-7076
-10008660
-8470
-6484
-8577
-10006759
-10006858
-10008369
-8272
-8871
-8483
-5375
-8571
-8283
-8681
-8374
-8379
-8486
-10006145
-8461
-8565
-7576
-7886
-8785
-10007969
-8366
-8375
-7977
-7669
-8475
-8786
-7482
-7780
-8283
-8468
-2662
-8579
-8583
-8987
-7481
-8055
-6473
-7769
-10008159
-8382
-6274
-6486
-7577
-8364
-10006855
-6562
-8282
-10007869
-8373
-2470
-8262
-8372
-7460
-8582
-8382
-10007453
-8685
-8180
-7577
-8664
-8372
-8271
-8271
-8683
-8484
-3380
-8872
-8187
-10007148
-8480
-10006553
-8483
-8574
-8377
-8372
-10005648
-8064
-8577
-7072
-7578
-8883
-8175
-6982
-8573
-10006951
-10004838
-8471
-8261
-8472
-7564
-8373
-8079
-8686
-5875
-8578
-7971
-8886
-8461
-8585
-8485
-10004857
-8881
-8463
-8585
-8783
-8572
-8282
-6476
-4783
-8275
-8683
-10008367
-10005140
-7469
-8986
-10008070
-8483
-8165
-6770
-8274
-8467
-8362
-8074
-8584
-10008461
-8580
-8181
-6588
-8379
-8379
-6477
-7582
-8689
-8175
-8282
-8584
-8586
-10008062
-10008571
-3966
-8469
-6365
-8375
-10005657
-8881
-8385
-8166
-10006772
-6770
-8585
-8373
-8478
-8274
-8791
-8578
-8272
-8577
-8169
-8673
-7561
-7864
-8275
-6576
-6680
-8380
-6174
-6364
-8069
-8673
-7582
-10007356
-8573
-8472
-1676
-7978
-10008058
-8663
-4976
-8373
-7780
-8681
-5482
-7482
-8178
-8073
-8570
-8377
-5275
-8764
-7989
-8673
-10007759
-8875
-8377
-8877
-6974
-8472
-8474
-5676
-8378
-8465
-8675
-8779
-10007057
-8580
-8787
-8280
-8176
-8482
-8369
-10008459
-8086
-8369
-10005328
-8380
-8274
-8169
-8780
-8164
-8372
-6976
-5170
-8085
-8382
-8278
-10008265
-10006656
-10007454
-8675
-7976
-8780
-6672
-8269
-8478
-8567
-6567
-4482
-8373
-8585
-8679
-6181
-8387
-8463
-8462
-10008265
-8475
-8570
-8481
-8480
-10006455
-10002538
-8376
-7278
-8874
-8570
-6771
-7880
-8585
-8368
-8488
-8783
-8163
-8684
-8369
-8766
-8982
-10007155
-7969
-7880
-10008067
-8470
-8071
-4466
-8583
-10008359
-8279
-8488
-8377
-6374
-7878
-8578
-7184
-7674
-10006854
-7970
-8888
-8583
-10005949
-10008562
-6579
-8274
-10007149
-8173
-8886
-7790
-8474
-10007470
-8176
-4368
-8080
-8792
-4776
-8569
-8562
-10005656
-8166
-10007872
-8885
-8165
-10007859
-10006760
-8576
-8071
-8782
-8483
-7067
-8483
-8879
-8668
-8379
-8173
-5677
-8283
-8379
-8286
-9084
-7375
-8369
-8673
-8583
-8365
-10005236
-8271
-7161
-7266
-6580
-8771
-8372
-7987
-10005038
-8175
-8577
-6776
-8671
-7263
-8567
-7360
-9072
-7883
-8566
-7175
-6282
-7977
-7785
-8377
-8677
-8583
-8078
-8276
-10007156
-8677
-6784
-8470
-10005345
-8578
-10006457
-8468
-8581
-6479
-8471
-8585
-8174
-8467
-8478
-8168
-8470
-7583
-7974
-8278
-10007462
-8673
-10006246
-8879
-8380
-9183
-6184
-8278
-7575
-8158
-8473
-8585
-8784
-8575
-7885
-8285
-10007258
-10008272
-8764
-8579
-8680
-10006246
-8773
-8480
-7862
-8365
-8686
-10006356
-8181
-7089
-8169
-8684
-8475
-5569
-4577
-7873
-8384
-8176
-8871
-5482
-10008273
-6471
-10007571
-6583
-3680
-8076
-8374
-8076
-8874
-8579
-10007768
-8471
-6175
-10005354
-8584
-8580
-8672
-5768
-10007446
-5869
-8274
-7881
-9078
-8779
-10007957
-7770
-7160
-10005141
-4279
-8267
-6475
-7871
-8277
-10006159
-8676
-8576
-8361
-8377
-8473
-4679
-10007659
-4778
-8374
-5764
-10006853
-8385
-8170
-8373
-8680
-8377
-6362
-8580
-8383
-6472
-8478
-8378
-8363
-8577
-8581
-8370
-8370
-8163
-8275
-7476
-8455
-8679
-7078
-8188
-8063
-8262
-8683
-8278
-7971
-10007950
-8082
-7976
-8376
-10005442
-7873
-7868
-8278
-6769
-8176
-5589
-5973
-6080
-9087
-8270
-8682
-8367
-8776
-8756
-8378
-8177
-8380
-7176
-8585
-6773
-10006448
-7673
-8080
-8873
-10006855
-8673
-8573
-10006354
-8276
-8276
-8282
-8376
-7767
-8475
-8682
-8680
-6264
-8757
-8173
-8581
-8376
-8168
-8381
-8481
-8353
-7881
-7581
-6873
-8881
-8379
-6267
-8574
-8678
-9075
-8274
-8579
-6775
-8373
-8587
-8267
-10007757
-8473
-6580
-6973
-8574
-8381
-10006858
-8577
-8483
-8479
-6574
-8370
-10006048
-8881
-8373
-8575
-8769
-7385
-8576
-8779
-8478
-8383
-8375
-6474
-8278
-7169
-8371
-8368
-8680
-6585
-8387
-8574
-10008174
-8468
-8062
-6680
-10006544
-10006552
-8173
-10007968
-8368
-10008075
-8477
-5981
-8375
-5780
-8079
-8273
-8272
-10007857
-7370
-8383
-8370
-8577
-8275
-10008066
-8368
-6162
-7675
-8669
-8576
-8681
-6371
-8888
-8685
-7276
-8379
-10007355
-10006351
-5972
-8283
-8174
-8474
-8185
-8179
-7764
-8386
-9080
-3584
-8778
-8367
-6380
-10006157
-7983
-7378
-8478
-6476
-10007751
-8370
-6483
-8480
-7678
-8673
-8372
-8386
-6778
-10005137
-6481
-6673
-8677
-10007770
-8576
-8280
-8077
-8272
-10005342
-8480
-8564
-8771
-8373
-8480
-7668
-6270
-8480
-8483
-4776
-8074
-8078
-8778
-8478
-7386
-10008064
-8877
-8479
-8377
-8478
-8978
-6875
-6082
-7683
-8281
-8575
-8479
-8175
-7968
-10007757
-8172
-8781
-8675
-8884
-8983
-8365
-8268
-8776
-8477
-8275
-7962
-10006364
-8378
-6588
-8567
-10006753
-7589
-8375
-10005745
-7170
-4385
-8385
-8890
-8385
-10007652
-8478
-8683
-7683
-10006261
-8574
-10008058
-10003961
-8273
-8080
-8274
-8372
-6475
-8377
-7476
-7971
-6368
-6574
-7785
-8477
-8777
-8577
-8784
-8488
-8572
-7972
-8967
-8477
-8164
-8580
-8279
-3379
-8271
-8677
-9275
-8582
-8579
-8361
-10008263
-8264
-5484
-7473
-8182
-8764
-8780
-8981
-6374
-7475
-8280
-8575
-8273
-8272
-8371
-8772
-8177
-8472
-5986
-7778
-8071
-10006764
-8472
-7173
-8183
-8388
-8376
-8486
-8457
-8173
-4870
-7278
-8287
-8683
-8474
-8578
-10006555
-10008872
-8677
-8880
-10005547
-8372
-8771
-8469
-5483
-8676
-7785
-8975
-10006044
-8386
-8175
-8474
-8684
-10006862
-8476
-8479
-8374
-8162
-6261
-7675
-7177
-8274
-8166
-7776
-8282
-8288
-8883
-8482
-6768
-8365
-8376
-8270
-8280
-1265
-8262
-8269
-10004837
-10006549
-7979
-8589
-10007459
-8581
-8979
-8674
-7673
-8467
-8176
-8265
-8382
-6375
-8588
-8482
-8787
-8058
-7978
-8677
-7573
-8567
-6660
-8270
-8377
-8078
-8073
-8380
-7783
-8480
-8284
-6370
-8281
-8075
-7469
-8366
-6380
-6678
-8378
-6684
-8470
-8157
-7962
-10003866
-8179
-8779
-5275
-8178
-8169
-6577
-8581
-8380
-5563
-8275
-8463
-7581
-7587
-8692
-8479
-8371
-8383
-8782
-10005846
-8482
-8464
-8684
-7480
-8282
-6786
-5271
-8079
-8767
-6277
-8671
-8884
-10008267
-8075
-8370
-8282
-7583
-7669
-8578
-8258
-4472
-8279
-8576
-6881
-8580
-8870
-10008066
-10008054
-8483
-8376
-8581
-8369
-8570
-7376
-8573
-8173
-8673
-7979
-8580
-8769
-8579
-7362
-10008172
-8784
-8682
-7269
-6176
-8385
-8481
-8661
-8267
-6272
-8481
-8375
-6676
-8883
-8279
-8371
-6380
-7874
-8386
-8471
-8582
-8578
-8371
-8376
-8083
-8680
-2058
-8276
-6372
-8667
-8272
-10007862
-8472
-7583
-6588
-8361
-7478
-6672
-5480
-7979
-10005743
-8379
-7776
-4064
-4776
-10007354
-8781
-6180
-8478
-8278
-8474
-8578
-6367
-8064
-8582
-4974
-7261
-8568
-8178
-10007556
-8170
-6481
-8080
-7280
-8065
-8471
-8268
-8576
-8175
-6882
-8380
-8669
-7469
-10007660
-8684
-8479
-8680
-10007160
-8577
-7582
-10007059
-8593
-5969
-8364
-8378
-8082
-8273
-8467
-6974
-8482
-8573
-8578
-8783
-10005461
-4879
-8484
-8686
-8688
-8275
-8284
-8166
-10007566
-8278
-8572
-8373
-8872
-7677
-8779
-10005639
-9090
-8069
-8680
-8278
-10008255
-7375
-10006170
-8779
-7969
-8173
-8273
-10006855
-8376
-4469
-8776
-7686
-10006965
-8281
-8577
-8868
-8592
-6262
-8186
-8670
-6481
-8177
-7865
-10005953
-5373
-10008154
-8165
-8477
-8685
-8475
-8375
-4978
-8567
-10005153
-8786
-8175
-7963
-8671
-8172
-8477
-8680
-7870
-8172
-8571
-8269
-6874
-8688
-10007861
-8477
-8082
-8080
-8186
-8374
-7487
-6273
-7587
-8169
-8667
-8475
-8575
-8072
-8274
-8465
-8564
-8584
-10007563
-10008359
-8068
-6583
-8073
-7775
-8788
-8267
-8579
-8278
-8173
-8866
-8366
-8469
-8165
-6675
-8363
-8271
-8677
-4573
-7975
-8275
-8359
-8366
-8479
-8579
-7474
-8273
-10005751
-8476
-8375
-6577
-8579
-8275
-8279
-8488
-6176
-10006452
-10005443
-8466
-10004942
-8480
-7756
-10006248
-8281
-8073
-8572
-8476
-8173
-8476
-8581
-10008060
-7670
-8478
-7974
-8170
-8887
-7472
-8974
-6562
-8581
-4574
-5679
-8378
-8380
-8365
-8276
-10007163
-8464
-5277
-7669
-7682
-7977
-7171
-10007054
-8472
-8470
-10007964
-8370
-10008566
-8068
-7572
-8285
-8575
-10007659
-10006057
-8374
-6881
-8584
-8470
-8382
-8791
-7687
-8572
-7379
-8363
-8569
-7972
-8271
-8077
-10007653
-8788
-6869
-8778
-6477
-10006168
-6870
-6479
-8380
-6281
-8177
-8761
-8671
-8676
-8362
-8074
-7279
-8175
-8381
-8374
-7786
-8583
-8474
-6573
-7868
-8261
-8675
-8976
-10005941
-6273
-8489
-8379
-8487
-5460
-5478
-8667
-8174
-8178
-10007756
-8477
-8166
-9085
-6576
-7977
-8074
-6475
-8684
-8787
-8279
-10008266
-8074
-8671
-8068
-8786
-8072
-7065
-8166
-6387
-6375
-6371
-8578
-4571
-10007862
-8588
-8565
-6274
-8374
-8988
-10007958
-8471
-8169
-10006953
-8776
-8270
-8172
-5471
-8474
-8371
-8664
-10006244
-8369
-8276
-6263
-7861
-8275
-8679
-4869
-8182
-7479
-8578
-10006959
-8684
-8687
-3883
-8484
-10005058
-10005038
-10008165
-8163
-6568
-8683
-8181
-8479
-8476
-8081
-8360
-8183
-10008057
-7777
-8380
-10008354
-6575
-8576
-8780
-8077
-8673
-7782
-8479
-7464
-8072
-8778
-7771
-6273
-8584
-8471
-8875
-8068
-4966
-10007355
-8573
-7579
-10007657
-8468
-6678
-8577
-6164
-9078
-8471
-8164
-8479
-8079
-7783
-8576
-6263
-8172
-7873
-8572
-10005664
-6371
-8084
-8987
-6965
-7973
-10005953
-8280
-7674
-8672
-10008156
-7168
-8273
-8468
-8467
-7979
-8653
-8678
-8581
-10007746
-8468
-8482
-7985
-8374
-10007961
-7372
-8469
-8277
-8270
-8185
-8574
-8574
-8577
-10007363
-7680
-8267
-7787
-8271
-8775
-8488
-8283
-8271
-7174
-8369
-8364
-8384
-8567
-8483
-8180
-8271
-8562
-10007255
-8264
-6275
-8777
-9590
-8875
-8477
-8077
-8465
-10007858
-6980
-8774
-7972
-10006466
-9085
-6573
-8774
-10006453
-8471
-8785
-8279
-8065
-8280
-8378
-8773
-8880
-8371
-8480
-8379
-8473
-6377
-7772
-8269
-8381
-7966
-8280
-7376
-8781
-8481
-6383
-8770
-6574
-8372
-8275
-8381
-8367
-8482
-8669
-8569
-10005445
-8368
-8479
-8268
-8478
-8477
-8168
-8675
-10007250
-8573
-8467
-8180
-8477
-8777
-6782
-8677
-8171
-6380
-8461
-8074
-8465
-8686
-8080
-6378
-8376
-8580
-8579
-7174
-10006363
-8467
-7969
-8274
-7258
-8179
-8688
-7881
-8582
-10005558
-8568
-10005237
-7964
-8586
-8274
-10008369
-8772
-7681
-6683
-8471
-10008467
-8786
-10008361
-6474
-8476
-10005347
-6576
-8573
-8483
-10007460
-8370
-7376
-7482
-8276
-8377
-8559
-8379
-8375
-8058
-8382
-6368
-6373
-10007758
-8072
-8366
-8279
-8078
-8683
-8681
-8583
-8676
-6378
-6568
-6888
-8071
-7875
-8673
-8385
-10006155
-8273
-8580
-8678
-8668
-7684
-6787
-8374
-9293
-8578
-8276
-8561
-6170
-7878
-10006154
-8585
-7577
-8171
-6686
-7979
-7471
-8071
-8078
-8173
-8181
-10006846
-6471
-7687
-8470
-6679
-10008370
-8174
-8575
-8480
-8374
-7373
-8270
-8175
-8981
-5578
-8376
-10008069
-8563
-8160
-7971
-9178
-8282
-8372
-8279
-8682
-8382
-5375
-8690
-10007758
-8569
-8991
-8278
-7974
-10006168
-8073
-8882
-8471
-3579
-6886
-8269
-8182
-8462
-8772
-8576
-4382
-10007351
-8565
-8876
-10007868
-8072
-7370
-8771
-7686
-8275
-5879
-8381
-8482
-8271
-7280
-7073
-8381
-6572
-8581
-8586
-8676
-8472
-8485
-8771
-8268
-6684
-8069
-8082
-10002638
-8375
-8773
-7765
-8179
-8169
-6575
-6766
-6068
-8682
-8275
-10007658
-8670
-8276
-8169
-8068
-8782
-8367
-8465
-8275
-7874
-10007559
-6278
-6385
-10007854
-7578
-8373
-8062
-6567
-6573
-6785
-8672
-8490
-8985
-10007358
-10007858
-8477
-6382
-8470
-8682
-6686
-7974
-8386
-8476
-6377
-7583
-10007961
-7487
-8786
-8565
-8384
-8572
-8383
-8080
-8278
-8281
-8276
-8278
-6477
-8465
-8388
-6370
-8679
-8873
-8573
-8479
-5478
-8663
-8383
-8668
-8574
-6682
-8277
-8462
-7279
-7372
-6579
-8184
-8575
-8072
-8062
-7466
-8575
-8265
-8676
-4971
-6376
-8386
-8284
-8383
-8865
-8171
-8074
-8281
-8584
-6081
-7868
-8781
-6179
-7474
-8176
-10006650
-8681
-10006558
-8576
-8476
-7974
-6882
-8477
-8585
-8175
-8462
-8578
-8792
-7576
-8472
-8586
-8670
-8581
-8379
-6563
-8274
-7674
-8378
-8883
-7577
-8168
-8180
-8877
-8462
-7782
-7781
-8574
-7968
-8174
-8589
-7669
-8377
-8281
-8570
-8572
-8574
-4562
-6169
-8560
-8283
-8371
-8164
-8466
-10008464
-8174
-8573
-1985
-7579
-8274
-8066
-8790
-7580
-8574
-8269
-8276
-10007451
-7482
-6369
-10007962
-8272
-8666
-10005346
-8876
-8870
-8672
-8470
-8378
-8583
-8269
-6977
-7877
-10004449
-7586
-8679
-10006456
-5760
-10007047
-8176
-6482
-5888
-7262
-8668
-6167
-8270
-8471
-8887
-8771
-5579
-7574
-8685
-8579
-8377
-8787
-6370
-8889
-8782
-8781
-6780
-10004841
-8570
-8062
-8476
-3766
-4573
-8468
-10008564
-6386
-6786
-8673
-8163
-8279
-8580
-8474
-8376
-8884
-8175
-5888
-5672
-8160
-8780
-8069
-8671
-7373
-8577
-8680
-8275
-8195
-8686
-7069
-8589
-7779
-8183
-6171
-8076
-8687
-10005941
-6169
-6576
-10006553
-7182
-10007462
-5672
-10006952
-8285
-8278
-8278
-7089
-6371
-6077
-5773
-10008661
-8372
-10005649
-8364
-10005240
-8073
-8781
-8675
-10005541
-8962
-7572
-7176
-8381
-8279
-8378
-10006957
-5979
-8472
-8172
-8472
-8783
-9276
-8372
-7969
-8488
-8166
-6679
-8678
-8669
-8572
-6579
-8067
-7469
-8271
-10008263
-7686
-8372
-7882
-10006047
-7880
-6374
-8379
-8574
-10008364
-7979
-8374
-8685
-8578
-8285
-8679
-7569
-5664
-8477
-8780
-8370
-8580
-7682
-8273
-8269
-8475
-8463
-8162
-8684
-8688
-7472
-6876
-8181
-8278
-6673
-8469
-8572
-8579
-8176
-6675
-8859
-6166
-8684
-10006050
-8271
-6789
-8582
-10004634
-7878
-6579
-8470
-8273
-10008361
-8676
-6373
-8577
-8574
-8583
-6581
-6572
-10007662
-8285
-6383
-4368
-8763
-8672
-8276
-10007857
-6271
-8666
-6569
-8379
-10005237
-8674
-7481
-6368
-10008169
-8378
-8883
-8667
-8473
-8792
-8282
-7767
-6258
-8073
-10008473
-8574
-6276
-8781
-8265
-7969
-8363
-10003933
-8676
-9262
-8474
-10006953
-8579
-8569
-8072
-10007056
-8472
-8373
-8373
-8469
-8467
-6476
-8586
-8782
-8270
-7680
-5981
-7885
-8371
-8171
-8372
-7978
-8778
-8870
-8177
-10008673
-6271
-8076
-8374
-8179
-8673
-7179
-8477
-8679
-8370
-7167
-8165
-8776
-8383
-6281
-8080
-5582
-8071
-8279
-8182
-10006960
-8370
-8169
-10007155
-7974
-6576
-2254
-7283
-10007048
-8661
-10006951
-9096
-8568
-8275
-7581
-7180
-8483
-8185
-8688
-8590
-8472
-8478
-8372
-7169
-6276
-8887
-8370
-6863
-8482
-8675
-6578
-8896
-7871
-8167
-8477
-10007761
-8776
-8278
-8474
-7475
-8559
-7678
-7278
-7363
-8376
-10007458
-6486
-8368
-8883
-8689
-8374
-8882
-8371
-8070
-8081
-5362
-8874
-5271
-7682
-8673
-8585
-10008366
-8276
-10005339
-8585
-8367
-8685
-8275
-8286
-10007261
-8575
-8683
-10008368
-7675
-10007762
-8269
-6577
-8377
-6673
-8277
-8383
-8475
-6874
-8373
-8778
-6276
-8361
-8676
-8363
-7662
-8555
-7484
-6788
-10006958
-8186
-6578
-8369
-8265
-7979
-10008154
-7364
-6273
-10006646
-10005246
-7366
-10007162
-8183
-8474
-5172
-7779
-8583
-7378
-6078
-8681
-10006853
-8277
-8167
-7572
-8468
-8070
-8267
-6479
-8790
-7971
-8375
-7771
-10005948
-8185
-8791
-7885
-8563
-8469
-8672
-8269
-8582
-8676
-8775
-8377
-8278
-10005035
-8476
-8480
-8487
-5986
-8382
-7379
-7469
-8079
-8476
-8577
-8067
-8689
-8483
-8279
-8373
-8676
-10007959
-6169
-10008258
-7168
-8570
-6880
-10008068
-8578
-8384
-7579
-8677
-10005259
-7980
-8383
-8375
-7575
-8886
-8177
-8470
-6573
-10008259
-8281
-6078
-8870
-8488
-8692
-8687
-8177
-8489
-7982
-7579
-6680
-8277
-8682
-10008075
-8567
-8270
-8571
-8274
-10006451
-8368
-9296
-8469
-8581
-8281
-8358
-8985
-8174
-8678
-8573
-5474
-8989
-8673
-8277
-8686
-8685
-6964
-6565
-5876
-7380
-6476
-6367
-7977
-6077
-8482
-8577
-7875
-8368
-6077
-8981
-7983
-6878
-8877
-8191
-8171
-7965
-7672
-6074
-7262
-10008158
-8563
-8478
-8472
-8583
-6481
-8267
-8786
-10008156
-8272
-7570
-8280
-7677
-7962
-8072
-8075
-8268
-8364
-8261
-10006148
-6676
-8580
-10007153
-5883
-8367
-7267
-8470
-7581
-6268
-7684
-5676
-5869
-7882
-8385
-8376
-8376
-8261
-8574
-8472
-8373
-8380
-8469
-8570
-10008067
-10005742
-8479
-10006348
-8376
-8275
-8384
-8371
-10007868
-8280
-8566
-8570
-10006857
-8382
-10006556
-8572
-8179
-10004335
-8781
-8866
-8270
-8376
-8778
-4367
-8970
-8573
-8479
-8677
-8388
-8276
-8164
-8178
-8681
-8285
-8774
-6581
-8079
-8373
-8577
-8681
-8978
-8574
-8670
-8083
-7271
-8481
-8483
-8679
-7473
-8177
-8276
-9193
-10007248
-6582
-8977
-8074
-7256
-8582
-5575
-10006359
-8689
-8467
-8373
-8174
-10007772
-8876
-8083
-8489
-10006064
-10007756
-8381
-10007348
-8364
-8866
-10004436
-7974
-8682
-6785
-8279
-8374
-7666
-8876
-8485
-8480
-8479
-8474
-8772
-8164
-8067
-8067
-8278
-8178
-8277
-8174
-8168
-8568
-8875
-8278
-5277
-8788
-8466
-8478
-8259
-7876
-8777
-8780
-8880
-8478
-8680
-7782
-8377
-8470
-8572
-6872
-8469
-8182
-5383
-8168
-8276
-10006559
-8576
-5975
-8276
-8581
-8179
-8168
-8471
-6578
-8677
-10008163
-10008865
-8472
-6781
-8465
-8067
-7984
-8375
-8675
-5772
-6472
-8180
-8381
-8577
-7281
-6782
-10007972
-8476
-8167
-9181
-8382
-10007865
-8370
-8892
-7368
-8775
-7873
-8781
-6586
-6569
-8565
-8072
-8380
-6382
-8382
-8474
-8086
-8279
-7777
-8185
-8481
-8387
-10004537
-8374
-8877
-8790
-8663
-8472
-8084
-8484
-6473
-6671
-6475
-8581
-8076
-8182
-8181
-8679
-8895
-8373
-8480
-8480
-6776
-8776
-8160
-8073
-10008173
-8886
-8386
-7974
-6580
-10007258
-8985
-8284
-10008267
-8576
-8280
-10006265
-8583
-8374
-8576
-7968
-8485
-8779
-8178
-10008065
-8577
-8467
-8177
-8771
-10007052
-8076
-8371
-8483
-8476
-8474
-8571
-8174
-8178
-8781
-8468
-8579
-7788
-8462
-7586
-8484
-8378
-10004239
-8487
-8684
-6876
-6474
-6675
-8361
-8584
-10007062
-8578
-8980
-8567
-10005846
-8274
-8684
-8372
-5877
-8077
-7678
-8483
-6369
-8175
-8179
-8782
-5587
-8881
-10007153
-8485
-7992
-8466
-4479
-10007257
-8269
-8683
-9083
-8682
-8875
-8072
-10008063
-7682
-8478
-8579
-8073
-8273
-8673
-7369
-8280
-2473
-8274
-7571
-8377
-8888
-8581
-8573
-8781
-10006440
-5377
-6474
-8572
-6585
-8570
-8173
-8666
-8586
-8279
-8683
-8463
-8677
-7676
-10005845
-8671
-5892
-10005450
-8771
-8772
-8466
-5772
-8269
-8272
-10006247
-4586
-10005142
-9067
-7576
-10007561
-10007961
-7377
-8382
-8061
-8385
-10008063
-6375
-8371
-9084
-6568
-8564
-10009371
-8680
-8173
-8172
-1762
-8789
-8579
-8065
-8378
-8178
-10007051
-8477
-6474
-8262
-5561
-7164
-8486
-8474
-6480
-10005843
-6275
-3781
-8688
-8177
-8368
-8682
-8485
-8685
-7569
-8174
-10004946
-6381
-8890
-8081
-8773
-8572
-8685
-6870
-7975
-6785
-8484
-8079
-8477
-7578
-4275
-10007148
-8278
-8567
-8270
-8377
-7162
-8264
-6362
-10008267
-8382
-8471
-8485
-6786
-6478
-8362
-8274
-10005440
-4967
-8859
-7479
-8174
-6663
-5269
-8873
-10005947
-8685
-10008463
-8382
-6783
-6274
-6780
-8780
-8467
-8260
-8084
-8485
-8370
-8670
-6380
-8472
-8476
-10007968
-6175
-7684
-8483
-5184
-8476
-8360
-6263
-8578
-7075
-8166
-8266
-8775
-8572
-8368
-8072
-8180
-7279
-6766
-8480
-8373
-9188
-8583
-7682
-8286
-8276
-6475
-7676
-8173
-10005242
-8380
-10008275
-8576
-8275
-7269
-8481
-7971
-8379
-8382
-8375
-8677
-6574
-10007363
-7674
-8465
-8783
-8272
-5879
-8677
-2664
-6074
-5281
-8785
-7970
-8166
-4374
-8376
-7175
-8176
-10007063
-8890
-8687
-8365
-8281
-6473
-10007853
-6580
-8784
-5659
-10007264
-8483
-8476
-8373
-6263
-6676
-7675
-7969
-10007551
-7484
-8471
-8382
-10003344
-8184
-8375
-8276
-8583
-8475
-8159
-8879
-8276
-8075
-8466
-8683
-7669
-8266
-8676
-8671
-8659
-8680
-10008264
-7668
-8570
-7775
-5272
-10006350
-8374
-8476
-8582
-8681
-8774
-8269
-8478
-8375
-5675
-7870
-6375
-5580
-8869
-8460
-6076
-6272
-8271
-8880
-8078
-8366
-7583
-6274
-8064
-6578
-10008266
-8574
-8982
-7569
-8383
-8482
-6368
-8173
-10005751
-8470
-6178
-8482
-8174
-8678
-8671
-8379
-8676
-8069
-8283
-8281
-8784
-10008156
-6278
-5481
-5268
-7475
-10006556
-8159
-8469
-8378
-6377
-10005445
-6176
-10003530
-8370
-6567
-8574
-8264
-10008571
-10006157
-8673
-10007663
-8276
-8276
-5267
-8458
-8280
-8177
-8780
-8368
-7674
-8780
-7360
-10007875
-6183
-8278
-8172
-8774
-8172
-8177
-8474
-10007670
-8172
-10005646
-6778
-8168
-4687
-6373
-8182
-3966
-8578
-10007565
-8571
-8470
-8478
-8770
-10008161
-7579
-6779
-8168
-8270
-6379
-10007857
-7687
-10007061
-8374
-10007048
-8484
-7377
-8477
-8479
-10005847
-8779
-8470
-8181
-5470
-8181
-8982
-10006569
-6758
-8675
-10007968
-8470
-8078
-8280
-8184
-8664
-8079
-7378
-8479
-8477
-8166
-7071
-8574
-8965
-8269
-8070
-7865
-6375
-8766
-5876
-8688
-8374
-8281
-6378
-7856
-7866
-8378
-10008269
-8466
-4076
-7959
-570
-8279
-10007062
-8380
-8173
-6357
-8279
-8364
-10007255
-2678
-8375
-7787
-8280
-8170
-8378
-6265
-8769
-8272
-8269
-7963
-8581
-8476
-10005263
-6679
-8674
-5767
-8795
-6174
-8079
-6482
-8581
-8475
-10007959
-4870
-8074
-7183
-8168
-8873
-10007964
-8581
-8282
-8382
-8681
-8770
-8079
-5277
-8375
-8171
-8165
-8777
-8073
-8379
-8777
-7569
-8790
-7270
-7682
-8571
-8577
-8474
-8579
-8670
-10006050
-8488
-7378
-8369
-8777
-8584
-8570
-7985
-8065
-10006754
-8472
-8374
-7978
-8079
-8270
-8472
-8577
-4477
-10006554
-10005443
-8477
-7281
-10004239
-8072
-7963
-7872
-8266
-8270
-7968
-7957
-8679
-8385
-8159
-8668
-8469
-8491
-7979
-8380
-7477
-8067
-8378
-8370
-8264
-8778
-9080
-10008062
-6174
-5375
-6564
-8578
-6383
-8079
-7376
-8379
-8681
-8381
-8570
-10008360
-8681
-8484
-6460
-8781
-10007471
-8775
-8678
-8569
-8176
-8279
-8276
-8382
-10004739
-8882
-10007056
-8473
-7370
-8378
-8271
-8790
-8585
-8678
-8475
-8275
-6888
-8681
-8986
-6573
-8476
-10008268
-8282
-8786
-8270
-8370
-8658
-8576
-7177
-8280
-6462
-8180
-8375
-8177
-7979
-4968
-7961
-8070
-8380
-8465
-10007974
-7568
-8478
-8081
-6369
-7473
-8881
-10006251
-8071
-8580
-8072
-8877
-8577
-8172
-8179
-8577
-8674
-10006247
-8159
-7677
-6267
-6267
-8478
-8484
-8580
-6374
-8387
-8568
-8681
-8883
-10007555
-8481
-8682
-7385
-8378
-8063
-8381
-6583
-8872
-8570
-8481
-10007864
-8382
-8376
-8474
-7975
-8579
-6780
-8690
-10007662
-8379
-7783
-8078
-10008467
-8567
-10006049
-8080
-8781
-8566
-8263
-8479
-6065
-7966
-8382
-8583
-8372
-6868
-8280
-8181
-8263
-8376
-7772
-4072
-7481
-6781
-8865
-8472
-8173
-7778
-8582
-5774
-10005237
-8687
-8779
-8768
-7868
-5661
-7273
-7469
-8177
-8168
-8783
-8373
-10006654
-8774
-8083
-1578
-8475
-8181
-7679
-8274
-8479
-7466
-7972
-7980
-8274
-8477
-10002031
-8782
-7588
-10008061
-8276
-8485
-10006562
-6785
-10004540
-8473
-8374
-7984
-6488
-7277
-10006343
-7562
-8079
-6575
-7581
-8478
-8283
-8377
-8765
-7572
-8669
-7866
-8276
-8366
-8778
-8479
-8370
-10006646
-8280
-8681
-7576
-8376
-7973
-8674
-8476
-8884
-8575
-8270
-8375
-8371
-8770
-8568
-8687
-8281
-10006861
-8080
-8184
-8789
-7383
-7578
-10007769
-8271
-8586
-7779
-10006963
-6685
-6581
-7576
-6276
-8281
-6275
-8579
-6176
-8579
-8369
-8373
-8583
-8866
-8182
-8587
-8688
-8178
-6383
-7874
-8485
-8076
-6783
-8380
-8477
-8157
-8372
-8171
-4784
-8484
-6578
-8366
-6559
-7968
-8885
-8376
-8272
-8277
-8276
-6675
-10006952
-6568
-8480
-8173
-8071
-6280
-8181
-6476
-8266
-10006950
-7482
-10006151
-8274
-10006044
-8163
-10007662
-8067
-5075
-8471
-8568
-8181
-8573
-10005944
-8276
-8375
-8176
-8271
-8265
-8977
-8786
-7082
-8270
-9176
-8490
-8766
-7167
-7374
-6380
-8372
-10005044
-6364
-8278
-6285
-8185
-8373
-2074
-8375
-9186
-10007965
-8179
-8990
-8471
-4482
-8476
-5777
-8780
-8580
-10007753
-8878
-8670
-8689
-8378
-8891
-8265
-10007251
-8277
-10006267
-8669
-7576
-7861
-10006160
-8683
-7979
-6668
-7370
-10007655
-5977
-8261
-8387
-6172
-8264
-6386
-8169
-8277
-8676
-8378
-10006762
-8685
-5578
-7270
-8885
-8075
-6765
-8661
-8362
-8275
-8480
-7871
-5675
-7074
-8475
-10007569
-8581
-8568
-6868
-8675
-10004273
-7783
-4562
-6280
-10006252
-10006852
-8665
-8266
-7276
-9086
-8384
-5873
-8679
-5966
-8574
-7480
-8477
-7671
-6582
-8376
-8373
-10007772
-7182
-8082
-8584
-8478
-7690
-8083
-7176
-8780
-8668
-6374
-8379
-8578
-10008072
-7972
-7674
-4467
-6372
-8480
-8784
-8586
-8376
-8464
-5085
-8580
-10006962
-7474
-8383
-7477
-8481
-8471
-8572
-8479
-8267
-7279
-8771
-8075
-8965
-8382
-6170
-10006152
-6582
-6468
-8179
-8373
-8480
-8279
-8265
-10007861
-8891
-8579
-8683
-8279
-10007764
-6577
-8986
-8780
-8781
-7979
-7783
-8168
-8875
-10006961
-8588
-8377
-5784
-6570
-6167
-7570
-7973
-5869
-7876
-8464
-8855
-8881
-7866
-8878
-8173
-6064
-8371
-8275
-8774
-8478
-5480
-6586
-5362
-8578
-8274
-10007060
-8567
-6976
-8169
-7369
-8179
-8574
-6768
-7973
-10008066
-8763
-8371
-8477
-6275
-7965
-5870
-7983
-8278
-8381
-8455
-10003928
-6164
-8575
-6485
-7880
-8575
-5962
-8260
-7977
-8573
-8263
-6676
-8179
-8369
-8358
-4676
-10008071
-8368
-6471
-8578
-7975
-8473
-8580
-5071
-8373
-8184
-4469
-8382
-10005640
-6383
-8181
-8677
-8366
-8879
-8467
-8273
-8280
-6879
-8676
-8564
-8679
-7576
-10008561
-8369
-8568
-8572
-7577
-7968
-8060
-8884
-8379
-8675
-8571
-6277
-10008472
-8174
-5161
-6676
-8587
-8084
-8265
-8383
-6469
-8285
-6779
-8286
-8067
-8590
-6469
-10007766
-8562
-8480
-8260
-8182
-6059
-5879
-8372
-7162
-8174
-8667
-8466
-8472
-8462
-8677
-7875
-8478
-7878
-8371
-10006956
-8382
-8467
-8677
-6678
-8180
-8474
-8577
-8875
-7771
-8376
-7555
-9189
-10007874
-5964
-6378
-8686
-7976
-7781
-8878
-8476
-8873
-8569
-10008366
-8057
-7579
-7978
-8585
-8464
-8474
-10005844
-8278
-8269
-8674
-8167
-7965
-6067
-6273
-7880
-8880
-8675
-8791
-8576
-8089
-8256
-1370
-8378
-6680
-5679
-8387
-8271
-6592
-8070
-4473
-7782
-8282
-7582
-8275
-8075
-7382
-8174
-8486
-8374
-8577
-5372
-8781
-6677
-8473
-7278
-8477
-10007561
-7176
-8475
-6979
-8785
-7368
-8661
-8267
-8769
-7568
-8775
-10005955
-8376
-8277
-8663
-8285
-8068
-8080
-8266
-8063
-8580
-8172
-7888
-10005137
-5783
-8281
-8377
-6887
-8487
-6469
-6277
-8589
-8575
-6684
-8471
-8068
-8285
-8364
-10008264
-8283
-7569
-8078
-8485
-8271
-8282
-8660
-8374
-10007449
-8478
-7267
-8067
-8270
-5583
-5967
-8166
-8587
-10005746
-3580
-8281
-8277
-8576
-10005642
-8267
-6475
-8368
-8268
-8478
-8377
-9163
-8475
-10007764
-7373
-8267
-8174
-10006951
-8381
-8364
-8278
-8390
-8277
-7864
-8374
-8371
-7664
-8080
-8685
-8380
-8374
-6873
-7973
-8581
-10006250
-8271
-8378
-8470
-8473
-8357
-7175
-8473
-10008362
-8380
-8377
-8365
-8679
-6584
-7075
-8674
-6178
-8483
-8468
-7972
-8490
-8966
-8783
-7482
-8279
-8283
-10008359
-8080
-8372
-8571
-8381
-8476
-8481
-8975
-6786
-5683
-8479
-8570
-8466
-8078
-10007267
-8769
-7581
-8477
-8592
-8570
-8274
-8468
-8476
-8687
-8575
-8368
-8364
-8370
-8889
-7466
-6283
-8888
-6462
-10006740
-8263
-8181
-8479
-8582
-8485
-7478
-8572
-7880
-6787
-10004449
-8590
-7486
-8884
-8484
-7771
-8265
-6377
-8183
-8271
-8573
-7575
-10007147
-4283
-8079
-8063
-6470
-7277
-4878
-8374
-6180
-7479
-5378
-8583
-5676
-8474
-6481
-5277
-8482
-7075
-6476
-8175
-8282
-6069
-8574
-8280
-8567
-7979
-8479
-7683
-8480
-8474
-6973
-6580
-8183
-8483
-8582
-8680
-10004527
-7482
-10006054
-8170
-6683
-8670
-6381
-8476
-8577
-8066
-8477
-7982
-8076
-5478
-7770
-8586
-8481
-7573
-8272
-8071
-7576
-8574
-10007857
-8076
-8284
-8175
-8577
-8789
-8475
-8280
-8169
-10007253
-10007760
-10008163
-7382
-6775
-8173
-9296
-10006145
-8780
-10006163
-8074
-8256
-8282
-8063
-8378
-7966
-8370
-8086
-8582
-6077
-8075
-6973
-6681
-8366
-7880
-7965
-8175
-8171
-8483
-8276
-7784
-8584
-6370
-8684
-8471
-8670
-8677
-8388
-7369
-8271
-8177
-6377
-8681
-6881
-7489
-8478
-8972
-10005243
-5979
-8385
-8164
-8587
-6987
-6585
-8584
-7468
-8269
-8274
-6270
-8371
-7874
-7881
-7463
-10007059
-8680
-8665
-8366
-7582
-8581
-8373
-6777
-8468
-8586
-6373
-8076
-8178
-8569
-8280
-8685
-8467
-9083
-8374
-10006456
-10007858
-8271
-6170
-8784
-5682
-8572
-8587
-8767
-8777
-8784
-8374
-8080
-8269
-10007147
-6772
-8373
-8463
-8370
-8375
-8068
-6479
-7777
-7378
-8370
-8471
-5469
-6478
-8173
-8382
-6787
-8678
-8364
-9189
-6678
-10005134
-5471
-6586
-8364
-6272
-9080
-6176
-8564
-6171
-10006854
-10006751
-8380
-8077
-7780
-8476
-6870
-8882
-7778
-7979
-7571
-6973
-8983
-7569
-8473
-7570
-8170
-4669
-8277
-10008166
-8580
-8277
-8477
-7786
-8169
-8169
-7379
-4868
-8574
-10007557
-8180
-8370
-7967
-7872
-8267
-8580
-6864
-8583
-8382
-6382
-7575
-8756
-8675
-6472
-8170
-10007154
-6578
-7884
-8677
-4283
-8067
-7870
-8286
-10007462
-6466
-6462
-8181
-8175
-8183
-8563
-8681
-10006446
-8569
-2961
-4666
-8272
-8466
-8580
-7870
-8374
-10006654
-8064
-8166
-8485
-7675
-8180
-8271
-8174
-6366
-8380
-8070
-8479
-8176
-8693
-10006863
-8471
-8677
-8480
-10007967
-8281
-10005736
-8584
-5977
-10003757
-7564
-9491
-8676
-8285
-8469
-6684
-8686
-7284
-8564
-10006248
-7675
-8272
-6375
-10007960
-8383
-7177
-8668
-6684
-8379
-8459
-8675
-8382
-10008269
-8885
-8461
-8078
-8273
-6570
-7576
-8263
-7271
-8081
-8084
-7877
-8271
-8264
-8782
-8275
-4269
-8880
-7884
-7375
-8371
-7972
-8379
-10007865
-8073
-8473
-8684
-8676
-8883
-8276
-8376
-10004252
-10007657
-8375
-8478
-8586
-8276
-8471
-8382
-8267
-8068
-8675
-8673
-5686
-7979
-6573
-8579
-8171
-8375
-8675
-8688
-7681
-8381
-8488
-8380
-8376
-8571
-10007864
-8477
-10007851
-6078
-6777
-7166
-8369
-8682
-8473
-8584
-2674
-8468
-8479
-8274
-8580
-7774
-8481
-8383
-8069
-8169
-8182
-8377
-7477
-8879
-10007456
-8384
-8581
-8076
-8366
-6682
-10007156
-8262
-8165
-7659
-8380
-8285
-8568
-8761
-7271
-8360
-6265
-8676
-10004435
-8993
-8587
-8067
-8683
-4974
-8581
-8682
-8685
-8585
-7480
-8380
-8384
-7284
-8283
-6466
-8586
-8884
-8471
-8380
-8576
-7782
-8377
-8174
-8476
-8363
-8279
-8170
-8276
-8874
-6375
-6793
-8685
-10006958
-7374
-7968
-8287
-10004959
-8068
-8269
-6174
-10007764
-6586
-5374
-5870
-8569
-8462
-8777
-8371
-8464
-8559
-8576
-6878
-8379
-8665
-8381
-7973
-8371
-6481
-8377
-8266
-8780
-8276
-10005852
-8378
-8476
-8675
-8374
-6286
-8470
-8281
-8474
-8273
-8483
-8974
-6076
-8280
-8278
-8984
-10006241
-8574
-8374
-7573
-7486
-8273
-8691
-7970
-8069
-6271
-8587
-8485
-8465
-8481
-8478
-6276
-8182
-8386
-7582
-8781
-8577
-7169
-8072
-8075
-8376
-7683
-8770
-8486
-8479
-8478
-8479
-8677
-10008068
-7860
-8680
-8170
-8177
-8180
-8379
-8457
-8275
-6682
-6777
-8178
-7563
-8274
-8666
-7481
-6969
-7171
-8374
-6160
-8681
-8373
-8587
-10006055
-8081
-7968
-8188
-7961
-8575
-8482
-8381
-8183
-5576
-10007558
-7962
-8679
-8170
-8371
-8782
-7486
-7967
-8479
-10008266
-6664
-10007960
-8070
-8689
-7873
-8273
-8186
-8676
-10005845
-10006350
-8276
-8667
-8284
-7479
-8472
-10006545
-7379
-6279
-10007346
-8175
-8574
-8471
-10007963
-8886
-6269
-8265
-8463
-8671
-8776
-8474
-8079
-10005857
-8881
-8173
-8888
-8372
-8574
-7771
-8880
-7377
-8381
-6576
-5372
-8282
-8470
-6371
-8168
-5576
-8673
-8378
-8365
-8487
-10007657
-10007054
-8779
-8176
-8280
-8279
-8076
-8875
-8170
-8487
-6684
-6267
-8675
-7785
-8385
-8281
-1768
-8365
-8669
-6783
-8582
-8169
-7574
-4356
-6680
-8575
-8270
-6674
-6671
-8188
-8064
-10008155
-8666
-8567
-8373
