-401
-398
399603
-404
-392
-392
-401
-395
-401
-401
-404
-395
399603
399600
399606
399600
-398
599597
-395
-395
-395
-404
-404
799601
601597
-392
-401
399603
-401
399603
-404
-395
399603
-401
799598
-401
-401
-404
399600
-404
399600
399606
799601
-401
-401
-401
399603
799601
399600
999604
-392
-392
399603
-401
399600
599603
399600
-395
-401
-401
-395
-395
-395
-401
-404
-398
-398
799601
399606
399603
799604
799604
799604
399606
399600
-398
799604
1199602
399597
-401
-398
1599600
-398
799601
-392
-401
799601
-401
-398
399603
-404
-395
-401
-395
399606
399603
799604
399603
-404
-401
-404
-398
-392
-401
-401
-404
399597
-398
799604
-398
1199599
799601
399603
399600
-401
399600
-404
-401
799604
-392
-398
799604
-401
799604
-401
-401
399603
399600
-398
-401
999604
399597
-398
799604
999601
-401
399606
-404
-401
-398
799604
1399602
399600
-401
-401
-398
799598
-401
399606
-404
-398
-401
-395
-398
399603
-401
399600
-404
599603
-398
-401
399597
799601
-404
1799600
-392
399603
-395
-401
399603
399603
399600
399606
-395
-392
-392
-404
399603
399603
399600
399600
1199601
-404
-395
1199602
-398
799601
-392
-398
399600
399603
399606
-404
-404
-395
399600
-401
-395
-401
-398
799601
-392
-395
799601
-395
-398
-398
799601
-398
-401
-404
-398
-398
-398
999601
-401
399603
399600
399600
-395
-398
399603
399603
-398
-395
-404
1800504
-398
799601
-398
399606
-404
-404
-398
1399602
-395
399600
-395
399603
-401
1599599
-401
-398
-398
399600
-395
1001601
-398
-398
-401
-401
-395
-398
999604
-398
-404
-398
-404
-401
-398
-398
799604
-398
-398
799604
-401
-392
399603
-398
-401
799604
799598
399597
-398
-401
399600
-395
-401
799601
-395
399603
-398
-401
-398
-398
999604
-404
-401
-401
799604
-401
399600
-395
-398
399600
-395
399600
1199602
-398
399606
-395
-404
-401
-401
399600
-398
-395
-392
399600
999598
399606
-398
-401
-395
999598
-398
-395
-395
1599602
799601
-398
-395
-404
399600
-398
-398
599603
-401
799604
-395
-398
799601
399600
-395
399603
-401
-398
1199599
-404
399597
399606
-392
799598
399600
-398
399603
1399599
-404
-398
399606
799601
-401
-401
399597
-398
-398
999604
-398
399597
799604
-398
-395
-395
799604
-398
-404
-404
-401
399606
-401
-401
399603
-404
399606
-392
399603
399603
-404
-401
-395
-395
-395
-395
399603
-404
399606
-395
399600
399597
-392
-404
399603
-392
-392
799598
399597
799604
1199602
799601
-404
600500
-395
-398
-401
399603
399603
600497
-395
599606
-401
-401
-404
-398
-392
799604
-401
399603
601600
-401
399600
-398
-398
-404
399603
-404
-392
399606
-398
-398
-401
-401
1799600
-395
-398
399603
399603
-395
-392
-404
399603
799604
399603
-392
-395
399606
-404
-392
-398
-404
-395
399606
-404
901597
399597
399600
-398
-395
399600
-404
-392
399600
1399599
399600
-398
799604
901603
799604
-404
-401
399603
999601
-398
-404
799598
-401
-404
799604
399600
-401
999604
399597
-395
-395
-401
-398
-395
799604
-395
399603
-398
1199602
799598
-398
-398
-398
799601
399606
399600
799601
-401
-398
-401
-398
1199599
799601
799601
-401
799601
399597
399603
799601
-395
-404
-401
-404
-404
-404
-398
-404
-404
-395
399606
-398
-392
399606
-404
-404
399600
901603
799601
-395
399597
399603
399603
-398
-395
-395
1799600
399603
-401
-392
399606
-404
-395
-398
-404
399603
-395
-401
399600
399603
1199599
-398
399600
-398
-404
-398
-401
901603
-398
-398
-401
599603
-395
399600
-398
-401
799604
-395
399606
399597
399600
-404
399600
-398
-404
-392
-404
-395
399606
-398
599606
-404
-401
399606
-404
1399602
399603
399603
-398
-392
399606
-401
-404
399606
-404
-404
1606
-401
599603
1199602
-401
399600
799598
-401
799604
-401
-401
-398
-398
-398
-395
-395
-398
-398
-392
-395
-401
-401
-401
-398
-401
399603
-404
-401
-404
399600
-401
-404
799604
399603
399603
-398
399600
-404
-398
-404
-404
1199599
399603
399600
-404
-395
799604
-401
-392
-398
799601
-401
1199601
-392
-401
399603
-395
799601
-395
799604
-401
-392
-398
-398
-398
-404
1599600
-395
399606
399606
-395
-401
399606
-395
-395
799604
-401
399603
799598
-395
399606
399600
-398
-401
399600
1300501
1599602
399603
799601
1399602
-398
-404
399603
-401
799604
-401
-398
-395
999601
-392
-401
799601
399600
-398
399597
-398
-392
-404
-395
-398
-401
399597
-398
399603
-395
-404
399606
-404
799601
399600
-401
-398
1199602
-398
399603
-395
399600
-395
399600
-395
399603
599603
-398
-398
999604
799606
-398
399606
399600
399606
-404
-404
799601
399603
799601
399597
-398
399603
601603
-401
-398
-401
-401
-401
-398
-404
-398
-404
-401
599603
-401
-404
399597
-395
-392
-401
-392
1199602
-395
-401
-401
-401
-401
-398
399600
-404
-404
1000504
-395
-398
-395
-404
399600
-398
399606
599603
-404
-398
-395
399600
999604
-401
-401
-404
799601
-404
-401
399600
399603
-398
-404
-392
-401
-392
-401
-398
-398
-401
-398
799604
-398
399606
-395
399603
399603
-395
-398
-395
-398
-404
799604
799598
799601
-398
-398
-395
-398
-395
-392
1399602
-401
-401
399597
-401
399603
-398
-395
399600
-401
-401
399597
-401
-398
-398
-401
399597
1609
-398
799601
-404
799604
-395
399606
-404
799601
-395
999601
-404
399597
399606
-398
-398
-395
-401
-395
-398
799604
-398
-401
-401
2201602
799604
-398
399603
-395
-398
399597
-404
-392
399597
-404
-398
-404
399603
-395
601606
1599600
-392
799604
-401
-395
399603
999601
-401
1199599
-404
-404
-404
-401
999601
999604
-395
-404
-395
799601
1199602
-401
-401
-395
-401
-395
-398
-398
799604
-401
-395
-401
-398
-395
-401
-404
-395
-404
799598
-398
-395
-398
-392
-401
-392
-395
-401
399603
799601
-404
-401
-398
-398
-392
-398
-401
799604
399606
-401
399603
399603
799601
399603
-395
-395
399603
-401
-398
999604
-401
1199602
1199599
-404
-404
-395
799601
-401
799601
-398
-404
-401
-404
-398
-398
399600
-395
-395
-395
799601
-395
399603
500
-398
799601
799604
-401
399603
1399602
599603
-398
-398
399603
399603
799601
-398
-404
-392
-398
-395
-401
-392
-392
-404
-401
399606
399603
-398
599606
-398
-395
-404
1199602
-395
-401
-404
-398
-401
-398
799601
-401
-398
-401
-398
-395
399600
-398
399603
399603
-398
-392
-401
399606
599606
399603
799604
399603
-398
-401
-401
799601
399603
599600
-404
799601
399603
799604
-401
-395
-395
-398
-401
-401
-401
-398
-401
399606
-404
399606
399603
-401
399603
399600
799601
399606
599603
-398
-398
-395
-398
-395
-401
-404
399600
399600
-401
1199604
-398
399603
1199602
399603
-398
-398
1199602
399606
799604
-395
-398
-401
-398
399603
399606
-401
-398
-398
-398
399603
-401
999604
-395
-398
399603
-398
399597
-401
-401
-392
-401
-401
399600
399600
799601
-404
399603
799604
-401
799604
-404
-395
-395
-395
-404
399600
799604
599597
-398
-392
-401
-401
-401
-401
799604
799601
799601
399606
-392
599606
-392
-392
399597
-398
-401
-401
799601
-404
-404
-395
1599600
-395
-398
-401
-401
-401
-395
999604
399603
-395
-398
-401
-401
799601
399603
399603
-398
-395
-398
-401
399600
-401
399603
399603
-398
-398
-398
-404
399603
399597
799601
399603
399606
-401
-401
399603
-395
-401
-401
-398
-398
-398
-398
-395
399603
999604
1599600
-398
-404
-404
-398
-398
1199602
-401
-401
399597
-398
-392
-401
999601
-401
-404
799598
799598
399603
-401
-395
-398
-395
-398
799601
799601
-398
-401
1399602
399606
-404
-398
-398
-401
-395
-398
-398
-404
-392
-398
-398
-395
-401
-404
