-299.54143392429194
-390.5347592162891
-332.82552731195017
-334.4086002839995
-380.3870355241067
-394.3273610115497
-294.50514568635816
-267.04710689490224
-249.5203033665792
-490.78679842974185
-343.9332346113378
-369.8027688673576
-387.7203459356092
-310.43440994202695
-389.01333351638095
-306.20657685166367
-338.12576061717596
-319.80463024708865
-333.97083397805113
-320.5788099285371
-256.74613941972075
-253.90426041167893
-402.0496819830157
-314.97971988061465
-310.51064632425573
-272.60245132058606
-378.65220580434175
-473.07257680866
-264.68293160177296
-381.1219794325053
-353.1350323788185
-298.674053194593
-414.72740025077957
-441.38292079948343
-417.75550547704154
-314.579981202818
-410.1792673464656
-256.10312951376784
-288.75000711258724
-418.60539011565623
-323.90829680584125
-287.52193559740675
-326.89316328020084
-267.33169907029867
-408.00682339563093
-314.5389739358942
-298.8929860862793
-318.61506242858127
-349.17029181950375
-392.1499266873015
-343.0127998507132
-417.87807660990933
-442.7197983625022
-298.23407562099055
-409.0270496497382
-315.13708379183026
-316.33567904913923
-418.17481288335597
-420.0001809695037
-362.55985652919503
-418.84385414840943
-401.04612469637647
-337.96550370629524
-390.75363797479565
-292.6435042588209
-268.0201820773947
-318.7013250526549
-319.48164443009273
-378.91123073886973
-362.63233523805957
-242.2655500535592
-275.4627939147588
-334.17297035229655
-276.24078563793955
-353.96536680599104
-419.7831167006144
-357.6299274469045
-348.52332655891905
-331.4046491938599
-310.3949199825788
-390.2812555031577
-336.46150788332136
-326.88041218923445
-342.9999920623128
-315.56235756336514
-352.956354430455
-308.2548217246617
-338.4719904115818
-305.9905316398937
-330.6892722621519
-315.1179216418277
-260.16076815779775
-389.288450768491
-381.64333348317984
-365.2169565426169
-267.9469263104327
-347.23187219833005
-242.86965696608985
-346.09804464890266
-351.07919909715775
-351.73105147604656
-279.35393157089356
-266.7259315006979
-359.8962187121862
-494.40271121736663
-317.09011469424166
-265.3477747902531
-365.263592825788
-358.452151722292
-311.73737993311505
-251.74740889713115
-231.1093624626282
-300.7601677427242
-324.79133427952655
-235.33845739436254
-363.4441267933752
-276.89911488722055
-330.6668550449855
-310.3444565562679
-316.88091234981243
-253.38018478072593
-320.45836073157477
-379.87509481677915
-292.04843717195195
-416.2005017992335
-310.94755189303464
-341.67080080703363
-261.3271819636228
-280.43286455264945
-449.47048906335857
-321.75898819694294
-357.09305503573364
-310.00171501163294
-271.93253223585486
-253.79062373707632
-291.3541342695339
-446.54199588075863
-292.6211711460405
-417.37386239613375
-374.08059927515205
-308.79145403875697
-369.12641973924275
-295.2046223632672
-370.28370278515933
-281.59453073232226
-334.81916320680807
-339.3682909372727
-335.74128821546583
-234.88296595522883
-299.7604207388718
-365.65245739701254
-268.1782268676443
-358.85185155646684
-495.6183237497995
-320.5510090845946
-274.8963260510649
-295.45802952760005
-294.25166327684667
-301.0023526957309
-353.90846173074146
-355.16152976367306
-365.2214982000272
-394.03698967809385
-363.8522657108615
-311.3046543284164
-276.22873762408426
-302.6339269476084
-269.8383361556923
-290.13414865076834
-273.68786173149977
-331.1018637599602
-276.2666616901838
-284.1377700356543
-289.8479788320069
-374.4676927794755
-249.3438258653798
-309.06256109107073
-333.3310480652049
-254.3499243005982
-333.651563595286
-278.3721291238877
-360.9167145420837
-250.28463128568296
-336.2875864934855
-287.79213396140347
-292.9203999811509
-244.48734129731457
-381.8857922344177
-263.5269083220513
-267.8549502614495
-445.84576731273165
-284.8517722898216
-374.12604959957025
-405.3194077675491
-345.2614945773585
-222.39480381756732
-403.9876327927407
-278.0847699106796
-313.4831806404695
-373.726250211529
-254.50834791435804
-264.7452839820885
-302.9150299036049
-332.9414812186668
-326.77151119159134
-378.9313223991595
-323.34561112766556
-319.515198176473
-242.17306334777587
-279.86975931264146
-404.8022233332194
-345.44490678485613
-311.22540695636536
-323.83688916824747
-256.1214354529998
-315.8254392823652
-282.3027254077066
-432.177318888706
-366.2988042225736
-321.7464543116953
-282.9241539782336
-322.50685470565895
-273.0486875902224
-249.19631978953515
-264.4907778738317
-399.89151183757787
-332.6791437134698
-363.4958328852938
-333.0266706414777
-289.63092785231674
-297.4868617235495
-289.5323653075093
-338.74622768333586
-311.1370473997247
-335.4337041453671
-469.2840508408926
-299.76910072716487
-251.3103062615849
-271.02632634465465
-282.2588214462004
-398.413789685915
-304.9295925366288
-312.081609565024
-262.421210017232
-365.08712506903726
-339.1695480310197
-345.22191890811604
-350.29598437420884
-232.02880363674916
-288.03424284399017
-272.96588753613855
-291.40580096286067
-326.80681598433387
-269.0693838835051
-269.2980443623161
-470.4814027108635
-275.0035733928634
-316.3195207268324
-335.6287531059038
-272.8401106461313
-328.46987015379256
-332.2687934550231
-244.45702874646906
-312.07839384354475
-303.0257879246199
-259.53674178986864
-403.9694040307008
-225.65264276400364
-295.78716281768334
-416.74014208664204
-341.6331442570519
-302.06531780801566
-232.6569503373723
-328.18225125008354
-342.4981654195666
-321.06127151544143
-438.130050204404
-337.8598581117595
-330.7778939131124
-360.5227206643175
-381.7484587277429
-356.7612281339075
-358.9924007918328
-272.64348808804067
-335.00281675266524
-312.6448802476186
-334.1446494131534
-293.7201305532057
-310.2821239404591
-223.86240713321868
-338.092762203049
-244.02099586367865
-309.17458719606583
-340.32140440377566
-385.7598206775155
-391.070006619726
-280.8664569962251
-247.08046677387168
-306.2230443024639
-315.51324855207884
-237.2171841588692
-289.07144306651617
-381.4623650749937
-263.707305197477
-343.228799515089
-259.1100159448831
-280.3846761057795
-250.8733816031546
-285.1933913835953
-286.2278668581084
-353.5599762472944
-272.12588914376386
-402.73360582980087
-275.7810054151082
-279.92574565018265
-232.18489794051544
-296.7243970624406
-383.86936050197136
-258.906233704127
-465.40503790940085
-323.3999785474597
-396.8757775979194
-392.2166090081902
-369.70311188529
-296.52316932885617
-341.393705631472
-289.2065378527738
-274.7881052231435
-288.48450949181694
-356.0051146783468
-246.5218201033268
-238.64903823002126
-341.3567554604269
-253.4066128942452
-267.4085724861435
-297.2884420960902
-297.3609384706324
-359.80253909576095
-243.21384274368253
-252.22596456380563
-381.3362645233203
-356.85576243506836
-347.66761362230807
-251.77723016671936
-286.90887275828084
-273.3396386806135
-397.0379757568731
-346.1191140097552
-287.47324277168434
-309.6555118656098
-297.3337186141655
-264.0937983549078
-314.3067159087003
-255.61824517208572
-300.52731158005975
-305.7619195267773
-371.29056117760433
-290.6788725976735
-277.0502647562812
-385.81048524976427
-272.8089070790296
-291.12569993042416
-276.4283842061501
-306.52765282383393
-267.49211124160684
-256.73459337801626
-361.2635714426839
-334.8658154651712
-242.57406169459762
-266.20421956807115
-233.3054298622929
-306.8271290144554
-309.3465212816511
-257.7833515258798
-308.8927037353282
-302.0688963605148
-502.79238149739246
-218.08920650131506
-287.90932835598335
-365.65083539822035
-285.01756733160187
-284.54789405691884
-379.52099437462783
-314.6430616817829
-257.226035987671
-320.5026790610958
-258.5884808032066
-304.4718983017967
-265.8044623843549
-424.2332469405867
-287.5407696314981
-357.49333109183465
-234.0296480755813
-248.53397933651058
-218.67698805160933
-337.50557779044425
-354.87976223909163
-316.4304523021615
-236.5625089647168
-256.7018146689147
-361.98000917579657
-315.90348301323695
-288.00253217003365
-241.8112260804306
-230.23276874094276
-217.59963021643628
-309.8461539634963
-295.0099204654049
-262.58752790817175
-296.75743658741055
-260.21176363417754
-339.38100899210247
-244.64754870078843
-330.20489650176887
-258.69193422544186
-352.24812276540433
-383.5633175821047
-338.11667732210236
-212.08506929053294
-323.2411331987385
-289.6472037164957
-253.793009157742
-323.1398395865848
-391.3799270000071
-267.3624499781292
-331.6476550465767
-294.47145202475895
-290.682725127459
-327.2188136838497
-287.2244914206283
-248.40445746112232
-280.46568057167656
-236.2137387014036
-243.26097444311512
-298.5115954994002
-304.22048045645374
-343.10522496581916
-419.7932613909528
-302.4239010690264
-435.2394689810976
-249.62798446202268
-266.18971923602686
-285.66846444675423
-276.7078463296857
-279.9905032061809
-232.80382983384948
-221.54955685726333
-348.4789039889308
-304.0467902203416
-256.8918204240484
-263.9046671059274
-275.9530480169433
-315.21801783749754
-368.679047251012
-299.546802699897
-305.54441106314346
-220.67469234233403
-340.30544014341444
-580.4426800756202
-403.8532847613182
-321.20258570941974
-353.9842607050946
-199.4272969415785
-344.7806633346305
-278.59689444620693
-289.5895398541576
-257.8050824198582
-288.1350696839073
-287.4733629227099
-267.8830622777224
-296.9093255380006
-356.00103503556574
-206.04819238978334
-317.56315053004283
-221.11681796601897
-305.29427734944136
-361.39323796337834
-267.8966152703909
-295.4056887224872
-233.34998486352055
-270.6927542890246
-266.8364682021909
-284.47114935371155
-253.98486809986528
-438.2823445286771
-397.7660237639429
-314.75295846360217
-309.0556325785525
-233.61197442382297
-253.9113212464512
-246.805679476584
-305.90072038145547
-325.18122369131925
-383.6297794531503
-288.34196406982494
-256.0453307379971
-232.62995460017547
-250.17456078639626
-264.55937210679247
-329.0269545784186
-329.38995761989133
-339.54607262550735
-235.84105028508142
-265.19309248990703
-276.8293751052559
-293.34576090488747
-268.52851601651156
-304.3520246874742
-332.09639871735203
-294.5372354508595
-266.75648055477666
-276.31949887192854
-317.6771270485189
-353.02925524229886
-240.91016003367497
-243.1240281120866
-256.0325714496905
-194.49379184432559
-282.3797261294188
-259.0714195641775
-350.81521179228224
-377.91308769439024
-296.0666930081712
-286.7284349576791
-298.7267074027112
-244.5722558828535
-264.852237152577
-215.63921056604875
-325.78610052439376
-276.3597536882588
-384.504496223043
-260.2245667939769
-312.78355900843917
-318.8669642054499
-316.70360787342224
-256.00227906201945
-395.4083691298923
-251.74368276402203
-239.57052606140905
-283.491625138623
-305.50030735751784
-270.4953830660329
-269.9113192693713
-385.51312034177727
-323.2404547173619
-306.674371599902
-294.4981927262943
-356.4113209696635
-212.59912443469466
-265.9963823927943
-268.5981047177138
-291.5751693491027
-365.313915719314
-324.4521410458134
-224.69160222535345
-298.7865489676301
-344.5142834731819
-362.63802606646425
-305.53196353334715
-269.8861911312656
-264.550733589625
-276.8076824559214
-204.42642975219988
-278.7766190698652
-239.8512490511037
-303.3467475930231
-289.8238826334472
-243.64935459720587
-274.7318249874777
-269.13883166997863
-255.2876357190741
-325.649066434468
-245.11309564510825
-274.3721732825262
-270.09023380210556
-277.14300615949185
-303.03202681407316
-291.878603563043
-383.6079197016858
-317.73314660547965
-223.6773317401635
-290.60027804544535
-317.36886567676504
-242.21981433495228
-200.7202019908026
-277.4532341477551
-322.8947478352831
-288.25287225358943
-233.3077184948256
-343.0315133452397
-361.70364701650044
-265.770876012794
-446.59609741205077
-346.92905825186796
-272.36563282190633
-273.35433915777367
-261.5110850463756
-306.95017993054375
-271.0110403094461
-274.2539192600514
-261.280972311232
-225.7523861317751
-356.83506296814977
-323.3223687916718
-343.5104289400348
-248.5408188987781
-214.01846407345607
-227.6875807768091
-305.5221022555463
-344.00966837816327
-231.1713661668232
-266.4682423855196
-314.6849764822358
-258.1196754429441
-277.4678457781871
-331.3597317828084
-263.20487517631136
-263.4128365810975
-361.6108552398915
-322.3307723041394
-232.85285190933473
-334.827439379147
-289.3637201408968
-280.900226882777
-294.37969053232507
-244.7282584386139
-290.39869472376023
-260.2311558948648
-318.7324556488874
-286.6186945712784
-279.1338249733179
-305.0666097986149
-226.73851986340898
-235.42218006058806
-319.8216611189874
-287.99268545375605
-322.6745131799189
-302.00020024671386
-253.74228691471734
-275.44478225297144
-223.08788330522378
-303.1066165991746
-344.49665493405087
-301.5224946309469
-209.6440542505337
-266.20315478592306
-205.64874798751305
-309.3369858673269
-273.8317284111848
-214.22886429373818
-237.93443110023108
-304.626933495603
-303.3305829874772
-298.08982519649845
-282.37197622696095
-284.8045177675716
-228.2432328067893
-302.0410107706849
-292.51827618145796
-215.47740730191208
-244.75526004192363
-332.84359713302763
-274.8471821415365
-245.89565860733495
-271.51350766335173
-252.49240088011453
-271.9786941113235
-307.9337199196869
-349.5242407974071
-297.11989844463346
-342.24042165064895
-318.46762139704776
-253.56109175210622
-286.40001527066795
-213.77116265109953
-293.0215682295367
-267.6294308567845
-286.04440750527317
-310.4766943866896
-258.57824408254936
-311.3630168032541
-321.3066559210237
-466.07980306857746
-237.62944645871826
-263.6385997455774
-281.8916651467476
-303.5270979644506
-225.87580394322248
-244.17023335570855
-311.58863675437476
-266.7972676523344
-259.31926027467375
-283.1075242826461
-257.80216279935325
-284.84519962467857
-220.31231971234791
-261.4691846562826
-327.005638111871
-225.22480824435158
-278.4954834510094
-200.76082043085364
-314.0557000616346
-305.7480101822779
-237.79187541589204
-304.9687756376414
-275.7944377207011
-269.5589691283212
-354.2801522092153
-280.036855581768
-316.0898196649282
-322.1918226723309
-252.42452241427094
-304.2200002638433
-187.78604086406057
-275.41919330614473
-313.8564907777134
-245.22174776226154
-272.2728700917172
-233.68346905676714
-257.84348645355294
-267.05913219971814
-369.8551288985893
-304.245251186593
-285.7744283522743
-293.37555650762624
-302.06864530824197
-335.7717454665759
-248.94610838429296
-237.4796211371848
-259.66521615602073
-188.68819248907323
-265.4906279367434
-307.96204848906996
-267.3916061752726
-278.3486756640725
-250.99889073023937
-209.8580699646491
-281.7561741965151
-249.83748446131315
-280.07959889868266
-240.71188430989358
-266.3006287432829
-295.8046075373263
-241.95881388836068
-308.661555120362
-228.6406807730694
-340.43538805966966
-249.5815157166129
-288.74445135086273
-263.1082184971202
-246.50157813336773
-284.97662252751354
-247.08025626075684
-287.0490497256281
-381.7920108383717
-229.45036221799626
-329.7578289549661
-207.7174889685142
-296.5767274816383
-294.7979143130182
-209.46645489778967
-233.6206578055572
-274.7912287816897
-371.570584194738
-232.25571063503986
-292.2317258914247
-209.34822347693637
-275.0140762706051
-252.70807220040734
-249.67947256294377
-247.1349053121702
-259.3439752155383
-232.26610405170464
-268.61336872035207
-255.94374308459206
-209.0068372892529
-370.89292617302294
-315.8659030895772
-226.83995024173413
-241.50381107024458
-252.83449178015354
-223.78116469548223
-225.49830772241054
-171.82511580898012
-284.34585172596235
-313.4685578055464
-267.7844405110143
-243.4275807859115
-303.87388545604176
-298.92327018144283
-284.1470728835519
-263.79195981595615
-236.46919494007304
-189.81680922332637
-230.33525076483795
-346.04018116901943
-256.601892303874
-250.2714893153179
-240.08634424256033
-261.24590822726066
-249.73574164443272
-270.34353697344716
-323.6529058805321
-258.2888735010804
-267.32803371164516
-364.1604237861406
-296.85218480367223
-295.6228236193497
-313.5297975425777
-269.97042470252507
-313.63618499267443
-356.5870645406804
-296.85306117002665
-293.2913200316862
-260.1504423814546
-262.95113401726906
-235.08424612867833
-372.9651402872911
-303.909433546513
-201.47878756003502
-253.7867235028532
-245.02799004499835
-280.04093653831507
-279.73562402589494
-335.3835236333049
-293.0351077034378
-236.87196457608601
-298.9294601050245
-244.22873347544865
-273.5884197468564
-273.58090378711233
-356.7240564941043
-367.3294586054965
-292.93694827414424
-301.7064308674188
-297.90936623114374
-419.15587060033636
-257.1877268413898
-329.0283393578699
-241.0472251623699
-245.46638739547515
-253.44660444436428
-249.51126816837194
-257.6449290519188
-269.75135262491006
-229.2287699903663
-233.7692878902708
-212.92615021871507
-299.5823796602008
-290.28883658759617
-302.2519646365049
-216.7219671833165
-247.8311539062093
-216.37626119824938
-307.1636298527966
-280.5985345031004
-290.46792884561137
-240.54783824549312
-218.7365770239863
-242.0043246187165
-314.62686999466735
-270.11055462957233
-264.64984565956513
-268.24361197057954
-261.88153949680066
-239.98216277053103
-242.51245521932643
-340.46137547529366
-367.68541685165997
-358.5086244751278
-232.64507488727952
-246.94800168146753
-284.9399614047411
-252.45888274245257
-237.17814630769706
-267.177315317476
-227.58020073336706
-256.3221144537309
-253.2962078757125
-237.16839517965872
-343.7214640076277
-210.45548159076924
-268.50931141453765
-227.91537266231202
-283.35025430475804
-234.63183302190288
-270.6729633467829
-315.7779477379962
-274.11348050059894
-286.2107091436775
-267.6320203695915
-235.48896309534592
-238.49507428259705
-272.66806529062285
-288.46465035143115
-277.4131379384693
-258.3425434664575
-100093.16741397663
-191.45119121054213
-311.66265945943314
-281.9780670511775
-280.8405007474263
-236.64351023154808
-283.477279869817
-246.6743003179021
-249.66003691266263
-303.8607148493305
-264.60987393433305
-252.35573538038528
-424.2039320369025
-367.5695696385453
-246.94477223337032
-251.08401032810391
-295.66955945218257
-300.30115593344874
-276.55458897459926
-229.3494344367466
-332.19857786641
-283.6613977135387
-282.92930243977275
-235.86418320222106
-283.6686019115781
-356.22506250425914
-248.33533171219074
-252.63044292389498
-233.86727378166174
-277.0662841463679
-241.3561491669445
-297.32792548298386
-213.78526793364298
-268.61820109944506
-191.10108134826652
-251.43033316955487
-241.78087978205687
-226.59479057656307
-294.875347982459
-246.23747097654203
-218.16050854967506
-294.3458061578889
-293.0201640897807
-339.83203669730847
-227.5995432867394
-239.82515531844803
-204.13689637749985
-307.11592755173854
-236.53948673677633
-256.1382333446068
-339.4924737320314
-243.67015397778422
-277.6403211508224
-219.178862142194
-304.9823122820965
-273.47413184776707
-356.6425262537177
-268.26445232627225
-289.1711612517095
-300.96227629733283
-265.5963582325097
-250.41096109751467
-219.382014517149
-347.7805895785175
-365.0493538656748
-195.52747960138618
-248.55672293756155
-251.88723704591212
-317.68127977863537
-206.49287214879425
-243.07515180341724
-320.0981853831312
-284.7169349322789
-244.15144752160495
-195.4167679358626
-229.79998475944987
-282.52498726166823
-331.02588414136346
-341.8705941670711
-356.07128800178975
-211.8416269612818
-230.17562922683425
-305.0112733562486
-279.6813087907418
-239.65392207365767
-243.66297074297853
-270.88559225292715
-242.66684171914184
-285.7624141563612
-214.3667770392904
-297.2124039064888
-263.105152758209
-360.4592290688504
-188.23219984736988
-210.3484243395267
-283.2915251698803
-288.3077787954679
-188.58266486299584
-248.2453962024711
-216.98581916704205
-225.47020247649817
-357.33430417511875
-335.1827930770447
-266.0279914492644
-203.49206586157078
-279.4257893491425
-280.295183280456
-226.05962897842284
-254.9541303562091
-210.14411985186376
-276.81677343305637
-266.7958531072494
-296.11909427013927
-211.85896606189283
-240.69085441356398
-100071.01265056204
-215.07891226576004
-275.042062018951
-315.93654354689284
-219.21000864824498
-254.82814743125255
-259.7877705278647
-202.7048026472111
-260.89256802151596
-100150.02896259395
-100159.46569633062
-288.8987656850178
-230.94058298673914
-322.2836675379133
-263.32028609510814
-296.5278006977196
-216.09062711656333
-306.588358151772
-354.5074258830305
-250.82683467898045
-232.63820566155852
-299.5594023684449
-291.30279356511056
-249.8722303472909
-249.05228100838264
-368.8327388067952
-344.3666454779061
-230.84063155990327
-196.30896095653696
-228.80040427591234
-214.0099294590662
-259.78329096926274
-322.5354571245234
-231.87860890106128
-100084.80790797796
-236.3267037578848
-261.845136095729
-238.80293771113557
-100079.90369709242
-200.71478195253013
-201.19148255621013
-251.3423591018792
-227.6113737970536
-327.47903991383384
-258.9400294302462
-321.50029762048814
-265.04965739784507
-223.71339905315193
-240.99254738887868
-282.7596912766287
-230.7609903116489
-378.2365063758289
-306.1603080238217
-204.54993685296944
-322.0850334804674
-278.60905197742585
-242.27024638770555
-267.38559146986006
-204.0402142277174
-208.03487879570372
-226.06216016289073
-222.54710596586773
-267.7771568646094
-258.9108697032238
-230.56115069715702
-245.2800772099523
-292.0521935004381
-277.67981078695334
-261.28792837251854
-233.8379319008333
-273.45260569816776
-337.6506290255779
-274.4390692365384
-242.37086473230067
-231.51837360174972
-252.9116213670393
-260.1742905767452
-325.71398983455515
-337.35080529654954
-314.0295312410709
-210.06983642819483
-328.9002026018244
-251.44553203678927
-326.7387597260647
-287.66044215025215
-228.44901815272482
-236.51998541286628
-257.4989811243583
-230.40645967968482
-237.64175234824657
-236.0803705250088
-100241.47247925508
-240.73422169605197
-233.73675813201123
-100203.179103721
-246.27923647181572
-311.30948655393235
-217.18232875924284
-273.3250598767645
-264.82955385778325
-239.94005896781235
-256.8483943596221
-296.01322729341956
-371.32065580612533
-318.0214602704938
-220.11666201337744
-316.60199150259257
-241.15304029969096
-267.1871791012204
-321.41660897916694
-231.4936422337776
-288.0326601717171
-273.71226033828043
-285.71628786084506
-326.2197669133519
-348.23056896773227
-243.50572113618946
-214.26248002305044
-310.4102735258373
-198.96276548148072
-268.56707935830184
-210.07272376952858
-308.10783658196715
-261.8213623902878
-237.56843605847294
-215.89048051959043
-289.1467331745408
-306.2718961028894
-281.20636012818863
-200.30285287397703
-263.21230069820615
-367.2622769103928
-299.1379056827757
-265.0481396223853
-239.83991155156974
-237.84446759257023
-300.9237535410512
-196.28805982056753
-227.13443537069486
-243.26237567806942
-247.72293750470038
-194.6049888070623
-245.0515579178482
-370.7802595359336
-222.5729248819041
-246.44428413276984
-270.48588094952544
-215.94892561936177
-272.2032779764604
-203.19639232130905
-244.56181872644197
-250.6174578023035
-297.46759305907153
-238.07944935969846
-228.03959709177843
-326.1495979181901
-303.6083401152395
-262.3144272431409
-251.5544013071686
-351.1192533761915
-297.45912682916435
-190.68613701560636
-250.1058603057153
-260.5659284700416
-325.44073152653255
-212.7990892154113
-210.16121117775972
-201.82172527133915
-283.60173455052893
-266.4701088467807
-260.820545643105
-246.66905839787145
-281.3908404309264
-256.31155902775896
-297.1843389629735
-242.8455688105284
-245.18791918956597
-222.8614845036846
-189.0572695097622
-265.8253276423466
-210.87874512788284
-268.6381676798875
-329.02743235649314
-331.5588448584025
-236.45904594396723
-193.65860999628518
-232.47794023743623
-241.57985518988175
-261.0025311236938
-301.9448805237111
-251.6626408807645
-215.15077986955168
-191.2785892616453
-236.41988835699817
-306.17164280968154
-196.13857087946792
-308.68142378408425
-272.2799973543389
-261.7661434934461
-217.32194363238187
-364.29623565170454
-242.33145283802926
-260.0861186495124
-213.99888532776723
-262.12734157470925
-228.6182103088023
-205.04613045221993
-231.09398527784788
-221.2782328787377
-180.3512703670825
-338.02905077379296
-234.20034502713676
-222.0518796866022
-219.2727402861193
-287.3343213441153
-237.21152938035706
-190.0913385184304
-243.3989729841914
-247.48535338513116
-222.4010332365216
-312.37438327371416
-247.82684465943882
-257.43864428309837
-296.48819006269565
-224.89482592886762
-211.33390973585364
-251.4644510718542
-217.9582625099976
-308.5929325948041
-210.20805347363347
-223.6410324380674
-229.5758407216195
-239.89771204729252
-205.37567289525992
-243.49701016609453
-285.53641834438685
-272.0707150660189
-209.3998638712233
-270.62087852104156
-253.36746429159777
-252.54296634568206
-270.3154310112863
-199.37750845169813
-295.93847753031923
-203.5168329964461
-242.20079638917187
-245.7146156486575
-100107.95026559201
-325.2540474606048
-281.74345323489183
-178.0518702580022
-225.806176143652
-314.71761586152235
-223.73305116669715
-236.9233435993642
-283.1132898584294
-274.73093409102694
-100173.7256858583
-254.78563810287636
-223.9626347749424
-281.352955703621
-261.4864290685782
-216.73710222334947
-345.896361564773
-285.84870782341306
-213.9702923558366
-237.1328045727146
-254.48306266298655
-205.39787713720142
-239.9418586764436
-207.10517603992787
-312.1199685894129
-257.9041378364698
-349.62683976494
-189.01288099502057
-242.14060948140113
-321.36397427247243
-236.95830018719184
-247.5420163101216
-212.84390904252177
-237.1763592890624
-275.7754814745549
-184.98163857878842
-293.2302141729673
-207.94518618103368
-271.69354886852307
-201.95038516901042
-254.40789364225964
-211.72456245791426
-248.1555913758393
-193.00746637476476
-237.87335231602145
-236.66208006452484
-201.77408120504873
-277.7573093502503
-261.341909005405
-302.4646635009125
-206.43106721188263
-207.55108333076592
-308.6858542952318
-243.23548470051435
-350.92600577261146
-223.1331656960202
-221.8463547844675
-171.72226182879993
-288.2004106721679
-199.09942816658923
-269.3818302644843
-273.17937454993546
-317.7632270824833
-230.60866657294184
-286.0929885593185
-187.09470280960443
-272.7738187476637
-211.27097120107976
-258.1103467508899
-255.1874595567793
-228.06482848474997
-392.25296372363863
-250.45279588980284
-235.7980089641224
-264.9325994571377
-299.43147785590105
-246.72394762814915
-194.2494375006707
-188.8376210237786
-262.7232457311161
-249.95294952851717
-163.73721628341588
-205.9843883324029
-226.15816570439125
-262.12458729346184
-201.72467842672137
-202.64088389406518
-187.61458573581973
-265.22746335213134
-254.52737925443122
-218.66462129564653
-206.71069981796143
-205.18463470867286
-210.39969217872525
-237.2742408987887
-234.4875474008857
-216.375351403843
-226.66604221427286
-221.55800103389157
-273.02517619455944
-276.9791760245255
-236.12132787143915
-197.44943957010423
-232.10300931727852
-239.84920495462885
-326.10056851880097
-226.55781676406767
-303.0310532334612
-215.8238054444008
-281.54699540789886
-210.29222516683606
-213.24459153939816
-198.03296188916167
-232.75097611641513
-290.3515373271668
-242.22395359010773
-285.288882497319
-300.10055069887994
-317.78594878583436
-304.250261567961
-220.65285089419132
-171.5334705649232
-260.73514170391854
-211.75022862063932
-192.7329474189034
-307.79981112964447
-255.7169146564012
-248.85885203948467
-211.3380254275508
-280.68548064446236
-225.42868346815186
-100068.47336629342
-196.72384931491857
-258.966225862611
-231.60147209610085
-189.42348950810322
-214.14688673680152
-239.20850619670688
-248.61662104510654
-193.61709516592776
-230.72480170063022
-258.3555377252586
-224.41027505347884
-303.2565822074591
-225.85037970601186
-322.3234337986978
-187.03074643471209
-224.01255270509537
-224.6598664565424
-215.60213871483865
-248.142671642854
-272.0444970926683
-198.6559109523052
-255.6421351847661
-212.981293220494
-205.58032123707682
-241.77502163615839
-226.13241546071882
-254.49276488081108
-260.15677594296653
-333.5867324185899
-199.8460335971866
-220.89143895607629
-247.66946179183037
-202.6987294826581
-283.997768065865
-261.80567659238915
-222.62287520561637
-246.24010197031987
-314.44103447033956
-257.8488456306573
-335.0803711638897
-247.7124678454735
-205.71050388084322
-182.74698211509576
-238.28491895689945
-238.67231992607546
-204.03462471634884
-290.6952841743125
-221.20472558041976
-235.73102609537588
-258.3935940832825
-222.266731121178
-189.6040341961948
-259.8403960754483
-222.53861923415258
-238.02775168892785
-222.48537347208037
-213.0906151588709
-296.24427199584596
-228.898340848972
-266.08059148790994
-188.9541526676096
-222.86819153938953
-214.86707498927603
-193.9255587734858
-169.1269742396549
-307.3042441730638
-237.95107164900742
-271.2651364435226
-239.31079003236633
-184.87191340197052
-215.43308550293244
-234.04522886946418
-216.44650254568774
-247.90029506648057
-237.2813469229635
-270.22426831264653
-224.11508095791652
-250.81129928098784
-296.6953964165858
-234.49443802065272
-195.08680775957237
-219.29935459664063
-209.8092881223274
-293.981370880324
-249.54072791061702
-214.92037593549512
-213.6107441710688
-100164.39449861788
-199.5568013682829
-174.78178057660998
-324.4037506085333
-279.61332262576195
-266.6928615062578
-228.5543443551634
-327.71921654116727
-209.30429248758503
-238.14636901770248
-225.21034131299285
-254.76363429435366
-232.43849795849334
-254.1462290235698
-280.94656603938705
-229.587719721959
-313.84383658223226
-279.54448350358257
-251.29848587672123
-264.613469027766
-388.4752904906999
-229.50941919679428
-260.52824577142223
-214.78432980867365
-225.25051313279943
-328.52741088808466
-192.59324877893042
-306.66327955169936
-312.37914212280384
-211.98437210329547
-293.4278578341607
-238.63007323482745
-187.28108362134807
-223.70932159911013
-215.42927996538333
-248.67509199375337
-277.3329665369549
-346.4433448537998
-212.40805142907038
-264.693783271027
-294.39535134615943
-304.88605997973883
-200.03170020803546
-213.02944494466067
-166.10655699797363
-287.94741901064583
-265.14681983086643
-220.6651003247554
-232.16440474551527
-241.8220100353467
-236.51663700535482
-203.43781460322163
-229.94074838692714
-203.38426091671272
-264.66791234942025
-208.14662348710476
-203.475472091935
-233.88152123729128
-228.26885230695723
-246.277217534755
-307.7186304652357
-214.5893222136421
-262.8807230335425
-340.32820694958366
-271.5829845179961
-324.48379065738413
-288.3781850839015
-262.8911730766853
-252.25559526670474
-290.2080843422657
-351.69806047933423
-235.68394497522198
-213.57195496112848
-175.19711173738835
-337.4155591969836
-188.4840611482794
-244.2508443636149
-225.16146462560334
-184.16988934222354
-279.52246113591036
-160.55270991341308
-189.16708669383723
-301.97708342929525
-243.5510363464119
-211.56262115782317
-192.40827673702717
-205.36372736120182
-207.14595819613302
-282.3876550481739
-244.1012597731169
-215.2126351842851
-240.07648111807427
-253.4650736391745
-215.24330177301113
-247.04634113109955
-280.1547916236896
-172.75249867678676
-207.0396391125742
-203.58954618400463
-272.314372451749
-210.61225476352553
-212.71710606845176
-253.1699117136533
-269.72087872085467
-208.40476046958332
-208.3129898031117
-244.621869369823
-219.17627021194028
-257.2869843030626
-282.3015824553247
-261.98615810714347
-212.2150004423638
-278.18879344422805
-272.02928779074875
-192.30697814761993
-195.89818765483562
-318.4520195687473
-194.48701528555426
-224.50061263288097
-228.60303872176192
-212.3710003665907
-250.78306454332053
-329.1096885742659
-232.8560879893292
-199.66539210247151
-259.01837498588753
-205.6283038233858
-234.69826150153742
-217.70139564263363
-253.0496414612224
-219.1764786856116
-270.2116640394329
-229.31012336555386
-243.999103778273
-318.41550077289463
-230.47972023105012
-210.45693893108353
-308.71062065694815
-211.69555639509178
-208.88110013314747
-252.40176063723075
-201.975749969356
-300.2216330501217
-219.579277938222
-262.70137448119283
-223.91905247895517
-230.49882874356064
-222.91061062931288
-168.81442068509844
-256.3035815677979
-185.03941558065472
-254.08811446380955
-186.972384749907
-204.48317577250026
-188.36163998397063
-250.46030160146267
-262.56244611750583
-204.6987162620874
-166.5063389222243
-231.05338615348822
-296.3490111142672
-184.90969526159984
-288.80194907022207
-276.01029155550907
-291.1896130556555
-317.3203614689141
-224.65784924572546
-251.6091213463961
-268.6584278344368
-365.5442027921525
-182.93843972471137
-265.0181216272125
-249.69563522500306
-266.5559870810997
-212.99855999593896
-218.89747046889596
-199.80508635728566
-337.7477156747095
-308.94296832942484
-302.3444325242473
-254.29203931543404
-281.5004620903285
-278.68272751709515
-269.8971670296165
-209.49450876514464
-321.94480692187693
-337.3616278501495
-199.66679877347968
-226.2151239968465
-233.3060569090158
-182.68377615052356
-319.03161352027166
-218.09608151275725
-212.6333200175859
-215.65768503622792
-194.9424657925676
-268.236111188511
-242.05305666316926
-229.90350564864588
-326.5822699200195
-246.71621903298166
-245.19138270707154
-209.5398830854848
-239.9961935604652
-196.091622176602
-192.03967681796092
-202.5011247565336
-245.84640826298158
-269.6522020019419
-194.06235406789
-342.5663366303096
-266.0748021614658
-175.60177959659114
-192.05316887546496
-281.8132002036652
-263.3079875749231
-220.8332933738458
-254.72429256295
-232.23486889706518
-234.4664673027407
-227.3792087470031
-215.52794831857543
-198.05530188983255
-219.44448890446404
-304.7689694406086
-224.8833843408177
-181.8362349299444
-240.12450389043275
-246.40828830316693
-248.0374728926051
-169.14721502468865
-191.13349569872702
-180.94261078044914
-199.53583321938729
-202.2712892437613
-213.87185479789292
-198.47470781476267
99999.2457576215
-288.39948400191884
-229.56567327319053
-238.63867209301355
-216.73890743507116
-192.1779275901335
-211.94315977560046
-192.00785236977026
-239.87322091431406
-196.67865662340893
-224.3338609172111
-254.3024787000351
-222.44657772593735
-225.5302800877013
-266.76953752192577
-228.3087592533204
-280.03490553655865
-288.95492953991834
-232.28103449473988
-195.72083515394633
-258.100772056325
-204.34700080551357
-193.38959176780116
-270.1797175453071
-217.8183840267234
-217.90847384625744
-248.72674268162746
-206.03899828180758
-253.0646893949632
-316.1138700261507
-233.27738230678173
-192.5951709103869
-193.97148246685003
-275.4645570335432
-184.03352068164585
-194.48995265994103
-223.57390649427646
-231.376367101534
-240.87795641161145
-200.73999707285475
-207.10326710912346
-185.55995393333203
-273.4028300795198
-210.9636445959408
-172.1778040942378
-200.76747734779036
-303.39443216499484
-317.5631945405088
-181.6576868941748
-259.56742033079854
-293.3938778742564
-266.79570675200455
-171.3940116981023
-178.95546956877968
-223.73529280806247
-273.2047115081598
-164.6690092818751
-184.876984289425
-254.99592004903587
-210.3491551658272
-193.30519392023484
-207.7929970472177
-358.89503256772116
-172.6023370099179
-249.84358339930057
-179.29195680324605
-221.52617918601607
-194.6739554259627
-219.25670891275686
-196.15237033919237
-295.01061896541506
-175.0984455592905
-317.071761549246
-208.04148592218593
-151.56569162245106
-232.9696423359762
-250.82374211096302
-248.16350874990337
-157.45868105348853
-229.92609955461586
-170.63473678093033
-195.98593441119937
-175.69244049513662
-251.69322489388097
-235.97312913451933
-343.88400440534963
-294.82324687476813
-187.67715893345752
-222.6477927099624
-231.5620477246527
-248.37746521194813
-156.55202226444476
-200.4197287513905
-201.12898952370625
-228.7075325385795
-195.28212813992803
-209.48037756297504
-164.9476982883186
-256.19162769960326
-195.13086877694974
-185.51251074457758
-184.82923808603434
-207.11167221930918
-197.77732323935612
-185.34126162618702
-256.21388101275045
-174.40640945735845
-201.37618604815114
-327.5147939206691
-213.23398569495504
-159.51645379566392
-298.22794864941187
-186.18225886914945
-275.4610035614726
-244.67357714085662
-215.5749234018612
-303.69520378289246
-266.3561789133669
-231.86198333193659
-252.05187992713687
-198.36518575613775
-271.21715948156066
-203.7574245212967
-246.75684790151075
-197.0188847114955
-199.5827864326788
-192.9365154772583
-206.48957406461773
-194.25666282698245
-213.70073217955547
-187.44543588425574
-202.28395262948305
-210.89195581199294
-238.2168680459297
-200.24876070769605
-100108.02045404962
-254.47920072023345
-253.91384022971948
-223.41478952410986
-219.75641017170437
-278.8969252792666
-185.7300947352444
-237.40996370759694
-196.16663812685505
-216.3596435673818
-237.11584120164264
-281.12923287658447
-200.12369647002674
-240.76887873661704
-244.20124790736563
-238.69771110901354
-249.7582307742933
-161.34796561413916
-168.47348407299233
-209.41247224514404
-214.76642398631262
-215.13513929659706
-246.59304473536827
-199.42625965204883
-240.803883704233
-331.5344430762177
-239.50470960404806
-252.951389806436
-190.60409962811082
-206.52661242766044
-281.8796369343287
-298.2480688432462
-228.06197386554823
-209.957318623669
-166.5318192060015
-304.8932617419649
-239.20392677016116
-171.85785617270926
-219.18119011868635
-197.86181296833678
-289.8863506564662
-267.4039286656656
-299.4216314982107
-289.37206059579205
-224.75287256726037
-236.8813717711116
-233.73117058754815
-280.68646214137243
-219.95507787801338
-181.94856351185902
-232.1853545148272
-243.47347145966992
-199.71167328859644
-230.24268233713153
-182.44255371979904
-196.24698791477041
-257.26950858367616
-203.6514066316482
-219.13494935684218
-251.43398885987583
-234.54607703803043
-217.91280520496247
-217.80070277644063
-233.3103889011235
-208.21237236880043
-193.50850041348934
-242.49128737056253
-175.82554152510653
-218.98199801309391
-309.8335211200774
-331.74982026911664
-267.01683967741724
-276.73214471246797
-248.2761536857072
-259.22028595902884
-178.01706906283152
-230.65102226198357
-176.93598939683528
-253.1007194254436
-232.18889658217094
-179.4796084480878
-220.28037407074603
-258.66442320989177
-286.2629840585177
-338.4858603301401
-301.2146175511557
-224.5367899414703
-210.72555742369983
-262.5169259474245
-252.81743153084258
-171.6488852057525
-211.8293748082929
-250.66571591539974
-249.53529124615267
-213.36244282027192
-214.0685987724781
-261.21514736793665
-275.551457999856
-176.92355568839255
-200.6088146231029
-239.1374606284552
-253.46671537933148
-280.5840884204671
-227.08253312754061
-177.1915569098076
-253.08895499857613
-210.7379169162043
-242.00519414023063
-206.85977963291526
-203.45906562634667
-221.3934215312311
-159.47767089916312
-265.8378838342477
-255.78005386624622
-193.94176633613404
-185.19501113304958
-207.4818011573359
-233.56884697642542
-197.37147947558574
-268.24926236184797
-260.0786843853497
-218.93499766109977
-212.12955305441926
-176.55452490920783
-232.34249124503734
-275.63596780674544
-185.84591818621243
-182.845254545325
-180.60595167276293
-159.49667635135546
-197.98851099810824
-206.45440196857902
-226.6949289562373
-251.52435037978447
-234.94812856362748
-287.17059774897575
-236.07610698130338
-100122.48285625823
-160.5620850049516
-305.0273146909723
-248.46899343665663
-219.06579389700093
-205.8805544725173
-241.785813586622
-203.8959237405656
-197.58814768480914
-254.97273288101755
-189.8757445163449
-192.0554612957123
-260.5801869086655
-217.15505209511147
-182.06100105372926
-224.82493510242392
-173.33968531699503
-216.17453256026192
-203.17890510444198
-165.79287857641754
-213.70093255005966
-211.7083298921412
-260.76197555800024
-198.1214764145203
-271.1326861634344
-239.94215663392023
-262.5903295582104
-224.57096468942564
-208.9998411372474
-257.0387685720352
-192.85365594557265
-224.0277660599137
-262.8515316002281
-195.75366727621446
-234.79094865709908
-261.8012014542163
-190.71075353325648
-213.29476821183545
-170.23092446104647
-243.05379307461476
-248.62971825935978
-221.0540319033464
-194.91106958588983
-194.64114846187834
-188.39426235226875
-274.90948599993845
-308.61226721128
-185.25662798012468
-200.0370846851475
-291.9542994400106
-220.23040230485324
-209.05402577019578
-220.43568413146625
-254.9832152630552
-241.34501036687595
-225.45738383493392
-160.0547928334594
-283.167382504188
-220.54906494303074
-251.32660094046602
-175.68226994398336
-248.7030632601775
-242.150346720617
-179.51497267987025
-253.83494515738167
-179.41293025931157
-173.13487027371116
-305.3160488555501
-196.44024948694369
-169.51971895663837
-217.6634305543349
-193.42254307011387
-214.26614320226474
-289.6295100829608
-218.6759694504118
-238.38197569804643
-203.3346103218326
-214.0024906374228
-199.225924074657
-222.9574829654597
-204.09345182096314
-189.8645458536131
-335.8492373119882
-172.56849132746646
-244.0751609091367
-210.39082152866348
-232.75507216477212
-245.89862442744763
-267.81353154237365
-305.91573405136535
-231.8890114611127
-194.98239201895467
-206.2633997212327
-258.1371761654244
-219.4578725032284
-194.05150476455975
-268.15633697567733
-217.01211319422123
-233.64780454853775
-245.37934333890684
-207.69930657556492
-177.26862958158446
-234.6481019021655
-189.31408833822132
-197.88072100045565
-244.66549133613375
-185.1902641308926
-176.3102301855915
-231.36849478727055
-176.22230856184734
-192.0846084917881
-343.1561614960284
-201.78416776146122
-220.25996955062098
-190.15245307658364
-193.02617614081555
-269.06230590140433
-162.33939303266874
-263.95043507169436
-214.82908964729012
-239.9431926028815
-171.07310445553384
-219.6745414462609
-230.4561620273892
-252.1172989589247
-207.40518154327088
-216.7978946730454
-228.30241805396707
-297.0855196421172
-277.0237267378925
-221.75659561852925
-186.18049093748328
-243.14247904398582
-248.95464947646423
-247.66301224070986
-246.94531326903547
-204.80557351639692
-217.0739610835043
-280.25488972282824
-208.97151786583507
-268.55857764414304
-100065.87750245191
-211.21872972417856
-291.94872443209204
-286.4121877835695
-241.82094599831657
-210.39002024469238
-264.31472205363457
-216.7335067532929
-270.6758212881398
-244.2693348398807
-231.84981719241972
-247.28715453459944
-264.49509696222503
-240.05262582372794
-221.4470588560693
-226.02914905412973
-213.40740999932618
-179.49564162711607
-211.03697642823707
-155.68779566589575
-155.33586520315276
-197.69924087590846
-166.87287742025057
-202.04411569183256
-258.01049141106023
-171.76716101837002
-218.08372765975787
-217.96695155962024
-178.54564992441001
-161.16327526553957
-228.82770967558906
-197.93832275192392
-177.50011656197177
-245.0118564179613
-191.24780000953507
-196.5643805705643
-216.91297286990465
-271.7161034664257
-252.99729172831744
-192.4413186819125
-223.70594163586563
-199.4439026325064
-205.4476170809404
-100074.18331172802
-260.315323378495
-186.0955469044917
-190.74740275846852
-186.19117216716495
-252.94400163091242
-185.90201116134944
-204.67658082473022
-245.96217285687968
-168.89882212846726
-249.24561272494867
-207.28498554390546
-195.09083561739138
-247.7677593628359
-231.43363004597435
-165.81419511968284
-168.50385856447025
-227.57282044737977
-177.3267894504218
-228.42651540821234
-204.11001263430703
-194.16089768286378
-100128.22139419381
-212.5278195468182
-100182.94450680676
-231.3243749187658
-247.55714011077717
-228.63466418318336
-159.40143000618667
-179.56543974059088
-249.31400025669117
-224.19479654826293
-199.29904674838014
-196.87893753616314
-244.48063483453893
-188.22005100603258
-241.83657876384441
-197.93432919889165
-178.04451303144748
-239.0077992828118
-231.97120810776033
-178.35590834291878
-242.68681685285398
-205.18152600055305
-211.12087505054484
-248.64889993860183
-227.44450582400574
-195.43884214781616
-206.2308855810155
-252.26850279156102
-234.30323697045856
-190.28753754578025
-188.04714448454322
-255.614091217776
-218.10984444127732
-250.02642565598882
-161.56268263074185
-210.12947977879065
-177.2945528836263
-150.6760575336927
-160.4741844626039
-261.9373479094054
-182.9561466742822
-185.7539167469472
-210.41601563046757
-232.0905752219228
-309.4697502838097
-189.0086914514564
-197.33558936845594
-210.7939777722259
-264.39955569726453
-184.48021224368625
-180.70126899325453
-216.84265174437363
-200.63358291639906
-168.79343503158378
-254.93945048643332
-182.8520385055017
-184.49546459154715
-226.029627735955
-266.56371797261863
-209.95013714227633
-169.54732012464575
-244.1292856210713
-207.54683224371908
-178.70172968263682
-234.3303043698124
-233.20899604418688
-235.27916911100382
-209.60348135626992
-179.18008186364705
-172.91371407564935
-189.5572367299215
-168.04454151715208
-192.03281537868463
-258.8420948494852
-206.76265489723158
-245.11396506104612
-187.95673089040017
-180.72092753547048
-212.73306454991464
-206.01052072510004
-258.87797656177804
-265.587045746473
-139.32093416845063
-238.961051671196
-221.47227400975768
-167.77628635999096
-197.8547714706176
-222.80041024758023
-203.3555880398791
-212.8494674516088
-191.18555256238926
-221.40041635209633
-224.0954402207854
-201.95217026948148
-226.1729897878216
-172.50351856818338
-191.21451850524733
-201.24328707560477
-148.20455017945713
-174.6889971124311
-232.92711494845167
-194.7563029406407
-173.37622778824624
-204.6285828505013
-272.9789795113172
-209.03153637654714
-183.20464278860163
-230.05079996835948
-217.21497462040963
-209.989341243539
-194.00240740609183
-168.17342490941053
-159.84907912518307
-213.64011459874686
-216.39080028122333
-173.05926762204567
-194.20981106615517
-199.41165517669194
-159.1529777136827
-252.38688283274263
-222.58157343959468
-191.48445773533967
-223.89548646089793
-199.58156696834445
-217.21739812126816
-203.45161290557118
-176.8150552616934
-100093.76768236986
-183.4899321025124
-211.1166238336815
-217.56239830273313
-199.82095907687525
-259.4391887462624
-100103.53201386362
-209.05143132938375
-266.536952505733
-100134.66033185311
-176.36043771898858
-231.4289933987606
-199.91100402481538
-209.60698337545807
-174.05916445815222
-241.3856770110971
-174.78891203887508
-188.3240328899712
-100089.26555745758
-238.55130092389186
-197.50806209336707
-196.9742999357899
-213.4226240700669
-202.04994757161296
-210.4362288691427
-242.90266180129007
-240.48709994617585
-281.64034064859504
-210.80386674539102
-273.2951616557615
-168.91511666336157
-268.0010020366991
-222.0131337848998
-302.5805218953489
-153.51176042598615
-177.41035215097008
-226.85530351597606
-202.95756150211554
-207.9595306476078
-174.7089710804064
-200.00128459987707
-205.58062954063138
-193.7159373500848
-211.02661132954907
-250.793597305591
-246.8918412581516
-202.84928691391633
-249.36699665073763
-213.60166997730923
-194.25546397284867
-215.6574236165033
-189.60492436785324
-176.53816537890413
-160.90779572036445
-178.1904698484409
-151.86173777380313
-193.22545037032347
-176.73865633247635
-229.68305225273488
-218.5905924574216
-247.51261984434018
-270.3630863653535
-176.3642356050825
-171.21414083616844
-230.862938417631
-227.93343121254065
-191.80340473898687
-215.33834332945403
-272.6291372343645
-149.1253721716566
-209.91310629129129
-201.13029000287202
-204.74497274604593
-247.36390137228292
-177.96714687103002
-300.229073689803
-175.86491886491206
-209.52207775941116
-273.1562297891948
-255.07107107793166
-181.4613282276213
-217.38010580769298
-247.8278080642032
-232.1215043264873
-178.9270569508053
-193.30907812769237
-179.56923564366346
-175.59814361976612
-236.5274790531921
-253.25262651276222
-170.15724389390584
-150.03934234034529
-162.94924076331267
-222.14742348495545
-156.92286973187538
-215.67961240937663
-208.2385573267382
-226.87553096575314
-222.53202396190133
-205.4196459440425
-187.95782460083814
-196.5653090350998
-241.55517928484826
-172.10286699465485
-174.74981639745428
-181.16505168248906
-205.9322011129014
-203.99066360378012
-164.0451108043241
-183.03017463112505
-203.0495861958484
-185.46035954005703
-243.96947059923312
-157.90043943272372
-163.16576792928828
-205.68807932548418
-164.17801071851662
-195.56945008806343
-162.7168520357548
-230.04729849985878
-208.6385346100624
-180.92564814870423
-197.04523847650538
-226.28680579433123
-247.32751488811616
-215.026470525348
-229.21059145162485
-177.05587750358853
-243.07647629580043
-192.62337156525302
-186.8245793076862
-187.38062031747322
-207.1519053250703
-182.40778041330512
-181.56659781695586
-207.26200608160127
-148.56171662036596
-189.5453671043275
-213.0162820127173
-194.98673570264748
-195.7567639139961
-188.76550754630136
-240.68436133116776
-161.02931883865895
-216.14373279718112
-212.00495800500676
-255.6158817857863
-197.79209826537345
-232.53621786811345
-260.46620985371266
-177.03644722479459
-153.82412769781644
-223.22266553127304
-230.70650881497826
-208.5678247564805
-152.32773621380755
-187.66299972896917
-233.09983581997525
-255.87423609331725
-180.35821541644916
-180.5788630735368
-148.6079145340886
-184.74315878776991
-186.32470406814193
-216.19177794378254
-197.5028717452629
-202.41709378311367
-172.98654458767254
-189.75090836093403
-214.96018240670014
-214.62963198196124
-194.00556618912395
-171.92903071289587
-209.02902862000596
-221.48752132222046
-162.4203869846354
-206.5027728920967
-273.15512786575994
-178.7514597164826
-186.765770239257
-234.3071192055265
-200.2594417937911
-167.36425308943728
-218.48420808817912
-161.00918817472473
-157.12200705077987
-205.53584288581646
-190.76534106469518
-195.17203122953788
-186.70907842655743
-196.08728868863736
-243.38515649091468
-100119.65921095647
-199.06173609474305
-170.03995466768527
-171.09479275319222
-209.05698426849372
-230.13486388470832
-100159.99468528735
-183.48757994007195
-199.55899778665605
-234.9402539846198
-197.5433449521538
-199.09307109936316
-215.10953918320982
-207.06048594483366
-180.92120622518902
-208.4040648463745
-234.92408809583074
-164.46436859410318
-183.64260324208652
-253.20826357643048
-178.87169217514383
-229.20024686761087
-190.28160761333282
-271.4901740846717
-209.05463451511008
-169.3116431205844
-211.95000043942687
-250.01719654060912
-148.33855168398009
-207.127123643508
-204.32378711576956
-155.75328649690957
-156.45789064331564
-218.38331965215065
-175.96022900001282
-194.95181023286642
-253.4637653674569
-160.55117307219479
-150.76411246986774
-243.5397897282369
-168.23457708483554
-228.68962351813641
-197.38072636566062
-195.03644165188194
-210.42846836755132
-211.85207793202684
-203.13139515508084
-191.45958678873927
-187.301113188365
-176.05923746329898
-246.32780241547567
-186.0322580147852
-179.39622044247233
-163.4455931559391
-162.53967656698524
-225.53937516437773
-169.17887271032728
-215.84511369811287
-186.69881244884505
-162.47982608072817
-229.36053948386308
-167.03003749334164
-213.76310597105976
-189.70557948451108
-194.0052513967949
-149.93029042506123
-165.79167850348426
-173.538513400702
-205.5078832450364
-219.45108460397543
-185.6743531074861
-183.3767568974353
-149.79677722769014
-238.13448300157756
-230.9651901468168
-183.05505969396984
-238.54136805633692
-161.04403055744342
-255.88374196938454
-233.07420698431176
-160.8372722564746
-236.7308549951075
-176.0083242984456
-165.62288267861032
-171.47215895791425
-157.04348337212775
-213.13345273741066
-192.20736049644805
-210.13182654814923
-212.3041776093395
-163.9566537519674
-149.54245613492589
-183.5931701886903
-196.3701607858993
-178.35724494965106
-194.12507718019606
-216.01444357524107
-165.0518927762838
-186.89643228966946
-260.5447800467819
-159.93507752950967
-285.3865446701913
-185.7050802511895
-237.75251769349603
-235.30429009077272
-148.5919920252392
-211.5030407584076
-184.65742647619953
-218.6460870083424
-194.5688670093167
-175.62623359195635
-227.5797339708408
-180.985112424211
-252.6875688291393
-162.03629588938003
-212.7509465595913
-230.51345552268134
-191.08958833684642
-196.26547984250675
-218.01899278269246
-188.9677744030896
-233.4982393418716
-172.73897812496236
-200.71765983633776
-209.09608736384064
-250.9446216940215
-175.01210881861596
-157.96098972386852
-186.32285806255896
-164.93490798422954
-238.1617959488304
-196.8887578584578
-166.13445135132292
-210.50428084503318
-181.43230013548438
-263.15937679851703
-226.55944140544824
-190.54611975920403
-179.91891237909545
-187.81394443064943
-194.34632011586316
-194.79255349895405
-170.60829266750392
-241.56315685104454
-187.20607577360892
-225.0993069737632
-197.97568053530736
-171.57746499387628
-247.8747419097557
-202.32340768982982
-183.92204023328554
-257.1350498620058
-220.58052286757086
-186.42686815106308
-197.51701088754925
-192.95902490923427
-176.33759100392507
-201.57511557608836
-236.9989696778067
-225.11126491035526
-178.11054981268455
-188.21931694436933
-297.51321186297685
-153.59501908217192
-185.00552963265778
-184.24023099169034
-209.24344372055324
-209.7446669977802
-100162.3178187961
-152.14520319067458
-191.06913544212262
-100102.98233384753
-194.97196265154898
-150.21088943308075
-164.60689678788793
-209.11548669085943
-183.4100707375367
-179.79190074834204
-194.8704517615409
-185.5073010094037
-263.12823844036654
-215.28053260712917
-174.25063991580436
-174.6897040682849
-223.1441142101935
-209.8756867338996
-194.03132813987028
-202.56236702266827
-181.62835634440705
-178.676275592862
-171.81053681105644
-163.91754314989947
-267.42182948003745
-204.2286838569873
-210.32109576050414
-168.41366504618995
-165.83359865307847
-152.03760410125273
-187.801898751607
-196.58292122996164
-221.8796332608687
-175.19567057080027
-185.2073991834881
-167.19511567588648
-151.783232246345
-260.187902840059
-212.4894432030901
-165.75892528699416
-180.0194750117639
-228.3006661265885
-179.88271681401505
-168.71196898687253
-164.12536682826936
-165.9363230469643
-172.19479115851018
-187.33070716772613
-175.16584096948
-151.0947349631909
-183.97085338313696
-205.97051536067102
-206.77854527136276
-189.47982757085236
-148.8639424429083
-238.58576762462198
-239.99500647248416
-187.30617835650884
-209.83451388519552
-163.26345479438257
-190.12119560962083
-218.79030594503186
-199.42365168710705
-185.30248041517962
-154.48617231929154
-166.67333513303987
-215.96078070125287
-186.63118877416446
-180.63717781706157
-180.9664336343297
-142.2629063265615
-174.27343998545922
-189.92528513356513
-228.2986019266159
-163.22859113160524
-182.98592561913523
-177.11012713334054
-192.5700249999677
-194.61198560055172
-252.7654131193092
-237.59877221286789
-277.4273064291305
-227.893517939982
-151.59037706930042
-263.1828071544119
-184.5275518532473
-218.9523695184626
-227.49721446884857
-176.90199630809587
-250.216829446374
-233.58385731090118
-149.21364905377607
-172.22535551679852
-173.72905882892871
-208.3224451056864
-201.92497508918098
-185.2604974428554
-185.13000461920342
-212.31320634464774
-185.6300257673219
-159.19316157701837
-193.18151369380632
-190.4960880629555
-171.95090726566096
-206.95562946101074
-210.21307868986935
-183.69953118899713
-194.72188333896963
-214.70437364713737
-153.89598098728374
-214.21509181246935
-185.27178878355312
-195.30127665590234
-135.62529988272325
-215.34426654177238
-172.43558168754643
-224.7312020323808
-208.45778330804734
-203.72104623252534
-272.3036903535817
-158.76195354183562
-203.0605882891344
-223.83297827268328
-310.77965026120404
-205.9957637472797
-236.4850716539772
-223.97210992989997
-211.65094355757796
-210.02905694057011
-154.5976150093715
-230.16911301072923
-302.6079958846969
-232.133775830553
-236.36355236930152
-168.6635341371903
-204.15856634357604
-174.71577577748667
-157.5026435960113
-151.86122188038559
-218.40916228764263
-247.03539625318055
-162.41260916847705
-241.0193478172306
-208.38783606216296
-202.83072335089003
-182.43360373366374
-233.0541157707774
-178.72620628704652
-145.27519789572597
-222.33963907585684
-179.35766129905946
-159.05349560337868
-154.46699784396594
-195.86192765935363
-192.8765795657493
-240.42076005744525
-210.42389003884725
-228.0212383378629
-192.69693570607186
-180.406549773699
-235.6401939129048
-236.36754818501055
-228.52273373437066
-200.13230278857344
-192.12643403408794
-198.3347729685213
-236.08889649119703
-204.30516625401407
-204.3933876177387
-211.20965393050977
-238.19695956740216
-188.1570482652246
-186.15825543625436
-275.8210152638543
-178.75423629333866
-214.64588350431103
-183.54941233595486
-164.46728296158648
-189.11513599471166
-189.28852452132787
-193.779965339607
-188.5525494756523
-167.56495396179378
-100104.81034189009
-247.97820512062043
-198.78726090141595
-238.11714925562768
-156.6769976167741
-135.7602531845622
