-280.94021655994294
-406.3966412420635
-344.43855531518193
-266.85582627990493
-390.8807651208149
-334.54192272686436
-285.50498368681883
-381.6986211152139
-250.87834139226885
-270.493981350224
-469.4500032451971
-364.3687697289624
-301.93448789311344
-267.9975307726389
-369.71232690136816
-271.71897863420565
-282.2489035601896
-249.7442644920337
-287.02652654307786
-258.45661808032685
-430.1835917869144
-365.30460198897845
-340.1765114194307
-318.82052764564213
-322.56098766694026
-401.44828631100086
-305.2883321166014
-272.3857697098511
-471.8449226071225
-418.1079154017153
-383.7997735402872
-387.2256246358984
-367.13473735196135
-566.343786239616
-533.8200638373795
-313.05788802385973
-289.44380753318615
-392.017546363198
-297.6192908290931
-266.3348080425844
-387.5074664778253
-343.44757938820123
-329.36526323730527
-442.6014317381697
-298.44897666388454
-322.66841048178424
-321.2037308137079
-260.74769942325105
-329.3005207359836
-322.7074826398133
-389.8106404782841
-598.898658320513
-338.07821757762827
-313.675481930586
-262.593947149736
-325.6052937791582
-352.80757186828873
-283.7922612057388
-380.5719375270665
-322.5048414205994
-387.63973855232746
-322.69441401978224
-370.22761769636986
-264.7007027150322
-269.33784642305676
-344.098220636656
-256.0855552391978
-351.3688240821246
-286.71671641144064
-350.3492548123487
-318.9917161863382
-354.17931502931907
-439.67177496722354
-317.36456729892075
-280.8648118822406
-410.3243731206634
-321.54312642221635
-409.6562032837594
-329.5208713941783
-469.748452057755
-317.8783694442277
-284.97031005322367
-387.8454835214728
-300.7468462868973
-249.33772339601802
-397.9283120959573
-355.1087847560467
-322.5713375857598
-457.09261894274505
-340.60095834999817
-404.01632338318956
-233.74022439384018
-488.66958909418065
-308.68837181663423
-312.14358366391525
-329.6384135244577
-355.4722532102736
-324.9923424244821
-320.4500972960757
-250.84152504496612
-314.209820497956
-336.16227991417065
-371.3095729606807
-429.6847710568339
-381.626775225517
-364.05945776444366
-327.90427205206834
-293.1364183733143
-299.5048110744257
-388.588157077519
-316.1574174568571
-419.1464981984584
-350.2045313524334
-386.06385007851395
-357.0748731057395
-256.48394561104993
-346.8069021366082
-345.6897213767905
-387.0638617775004
-312.069009014937
-332.5478242783513
-430.3096869160358
-283.03030115885787
-407.0219589262813
-414.37905504361345
-295.9058829770255
-334.6647444672726
-293.4882357937339
-340.7595853255667
-262.5122963156694
-281.65131586259247
-365.2902963592502
-293.4150190845771
-345.0895375769868
-400.0944819271058
-276.49827964970734
-468.4678276057541
-347.8692544076106
-285.24402514044874
-295.805363393
-591.5252019259773
-265.10511936016786
-433.1050643184722
-250.09895302259858
-319.78504960138514
-257.57182880999807
-259.47227036333027
-279.4838407677902
-330.47148675366793
-441.3152436952307
-552.1328235961868
-353.1007518920127
-327.91332915600094
-266.08787580131514
-323.045129528122
-410.81152389103073
-396.34235145776756
-349.65470437458623
-271.94119221294295
-487.375916137044
-311.77776946406476
-248.38391589672435
-352.31545533319434
-363.6747856772038
-280.26818142225943
-385.23624947237863
-348.5686784516585
-432.4256243279275
-513.4726141365363
-390.4845136152582
-366.4421294155047
-428.6545196459557
-324.1204108853731
-314.83748587480073
-352.97944083733563
-325.31146414039074
-261.2534723970149
-323.5566589603699
-317.5031949226465
-284.8051155800364
-350.18069761371635
-270.51872321531687
-401.5307035818817
-342.9893511834688
-274.0009595567544
-273.5997878738566
-351.1805053547889
-327.5329377914559
-295.9751846223396
-342.2822108964208
-239.23485840685322
-277.69572226497695
-274.0528518073721
-259.0475355954339
-381.3172429175235
-323.7363815016056
-320.8787165833162
-334.77332720016625
-291.95124238264884
-262.56798658774306
-288.6110392841364
-344.7220419933341
-318.6390478531033
-276.3977683118733
-288.26686748588816
-329.3394831031145
-263.1743688293923
-393.1449162545351
-314.3459648503052
-302.31925209003543
-325.00322645781455
-321.25230457800825
-281.7775197488303
-337.4922392691145
-314.1132328493411
-267.02537085337593
-249.56702288893467
-304.235035572288
-345.5050078489718
-412.8506323394787
-368.2242763999019
-480.9679449195517
-410.8719393737621
-305.91252583964626
-290.28980330875254
-293.28533730167754
-300.2227646189216
-319.69506981936263
-244.5252156613457
-378.51496903579067
-269.2279050069918
-337.20099401635866
-317.3622734246239
-464.862321347211
-468.2911899311479
-427.6946658185972
-416.66234688363795
-246.08059238469295
-222.3533599184985
-420.2743171252572
-298.00905647640036
-343.87108304493495
-328.03645823318186
-290.134103996951
-374.1534824845218
-314.7994490497217
-313.1905191279292
-404.25510898868197
-349.4934790075723
-243.54866390675153
-447.3485944199535
-271.55271255102457
-296.62587159455575
-271.6554163640019
-244.09968622097136
-469.3837258656953
-305.7195276450109
-406.71531377200927
-307.3982277464464
-334.40636653298776
-313.0944646460075
-334.1325607133575
-359.71450623235364
-302.03210294663256
-313.92891313578474
-277.67342614938343
-360.23587071507336
-272.5196359172488
-354.1884531298006
-330.7607298481855
-342.4703727923063
-325.43348012594606
-358.2529671046387
-439.20512307310656
-273.35830649629526
-289.4141668616132
-385.5633190004155
-304.8685858624417
-363.60826947711075
-267.1138122993353
-283.40435617457905
-289.2057669181579
-350.7800724560484
-471.963507641974
-301.6946954873302
-303.89774163500863
-308.17000883905234
-336.3735472204553
-302.77821745963297
-303.67984857260655
-426.3448106081853
-319.7280190298478
-231.9342987606448
-277.44138735569186
-340.82325853938795
-302.12606743138474
-337.98858229925906
-321.23861256142936
-353.34033845700526
-289.40270181571634
-221.13238963747926
-352.56911861590186
-307.78940621154
-273.3062299892491
-313.396249992489
-236.2168299631804
-382.6752541252713
-353.88237958275715
-329.2703126807093
-354.25109627657645
-313.93879950690405
-327.29394508954186
-306.4680124710828
-284.46834351160214
-381.13054455259476
-284.71353629819527
-284.88722134969294
-383.0683492304423
-413.0757110425818
-277.88490664755284
-299.56625158921497
-329.89792529717784
-315.9485576871135
-382.04538263596373
-281.20332761168993
-304.2090140036563
-250.77925154369257
-320.4295620811847
-342.12063044700193
-326.1614712408977
-330.1126388612795
-359.3483664808698
-269.354188062346
-327.4292585314742
-297.7562988445248
-285.65544052443977
-401.46095986844693
-314.97187999060003
-336.54738574186507
-404.0093403737521
-288.798199240872
-320.2133842960642
-325.01946974290206
-431.14376123069394
-418.96066126150737
-285.1117358593981
-278.2925801499887
-321.10527583531433
-358.21187297074175
-275.3550805606741
-259.51054031758883
-304.1489903755489
-340.641328389652
-297.05154626414287
-317.2425512984542
-280.14317118868814
-310.928436230098
-356.0908637850107
-264.29266039768856
-243.44684519769694
-291.08565107761723
-265.37709197594836
-432.53736569347444
-305.52461358372597
-288.4107942942651
-406.57562824717843
-343.26651833552364
-287.50877190692694
-299.61720232480883
-353.280431606308
-256.59413838448734
-248.05153053252502
-290.44329286631694
-256.96213511182543
-296.42506652585644
-297.48887540621683
-349.5951000719077
-284.1135068318398
-461.3188300074355
-289.87890091697955
-248.76721816223943
-305.84036786527975
-224.4543704582113
-249.6663658080679
-256.2296119476627
-321.63790184346266
-226.40679535193047
-359.17245178021494
-325.8807178015736
-253.59815288252977
-307.4820165424819
-404.44914767295586
-370.16085277161454
-301.0450325542761
-337.02616711208987
-448.15308470210016
-331.66733881224536
-433.32455250056336
-321.0499210630512
-335.53585143307726
-309.1173998213548
-406.6045481313368
-294.7795060670955
-275.4993518113213
-244.6750064906945
-218.64989747038078
-332.7302526804316
-241.54969410927774
-319.49566717068853
-427.7289451044028
-268.94468682357524
-283.47963305672306
-297.1699378936936
-235.45214679217207
-311.2487957885317
-302.7157211606319
-276.27676022108756
-324.37145873603913
-308.2809809960212
-313.48917457289826
-286.1078733124952
-280.0898257952656
-340.85960221705295
-277.4775696505668
-322.87982164142034
-273.5463478511024
-390.6077637433601
-310.5743395729289
-349.9845446518309
-308.4942877581627
-353.4330168440423
-290.9673603283203
-415.17347475757515
-258.80569854164924
-379.6258787264129
-264.5883609886206
-404.82408925529586
-262.11025451506293
-273.14723839041153
-246.8617110106009
-279.13442615705605
-296.232019136663
-270.80094150903494
-309.87328250109624
-256.00752824437404
-396.3053106334885
-327.11476763011876
-223.1099652126825
-351.1356774375278
-255.52216441879085
-249.85260165007722
-264.26058076721495
-303.8506919216443
-258.71139837419423
-248.81514893747715
-305.66862036714036
-266.65176284837366
-290.0655102796576
-306.15736081819034
-305.32240637544635
-275.6116643425499
-267.411514684462
-224.14489190912758
-228.89350124845646
-261.459454613914
-303.49068617021544
-277.99720033386023
-256.3575730164971
-273.0209409740162
-366.05019025178194
-317.93246258736986
-256.08384828724706
-256.6023044759512
-335.9978572068355
-315.0543917099389
-305.3565467526115
-228.00243118610905
-295.864112140864
-315.08757448405385
-404.1313757856639
-316.8586454243087
-274.1806280106971
-299.1502922121972
-491.3643569855663
-266.25167507179515
-366.50835608289765
-291.4392570951129
-316.8193346442025
-252.22569850315588
-235.796841631665
-268.0072940294111
-349.1838401078162
-299.5449712706101
-369.9283100532107
-325.4291429802048
-410.8043213448345
-319.79895015191255
-272.9247932021593
-248.6243762928798
-212.9814407858243
-269.85069195785024
-257.318093550807
-277.59948322359605
-283.6140063430818
-342.90619716526896
-222.52048242649428
-270.42962922463823
-319.3503421546958
-262.0106507128162
-256.8288440639238
-248.2940271054042
-289.8937707270632
-265.37748983517906
-303.9051554570214
-390.02241499155906
-268.44939596772775
-407.3707813203922
-283.6501473684739
-272.9708826469314
-359.5981279940747
-242.6967186119992
-278.38061758850097
-278.48608488376
-377.1551113156119
-312.63879423294566
-320.01273615923265
-282.13161104624066
-290.41857380329134
-296.5961140256184
-397.9006378558893
-327.65728594887355
-290.3950352014924
-405.6017016306859
-268.7484447524779
-264.4884455499721
-248.9986551427195
-229.1155121241356
-352.51727628575196
-312.5373811274019
-359.7520447384228
-269.7298373776635
-289.45259431350115
-339.4455496577914
-318.2423954737304
-292.52085037459784
-297.6249583033268
-289.90619488388336
-266.23071148384605
-398.68926025945234
-240.77181647057407
-225.9726375056061
-283.268242982665
-313.8502632589604
-293.0293324442888
-237.95932128872374
-265.70257494192936
-269.27145941682386
-283.9510495554496
-349.3633807371808
-228.06327852771398
-254.68584475564387
-242.1048563058353
-357.466005369832
-320.29793192751265
-217.3650636569699
-306.576156255689
-229.1388838510676
-343.5470854133276
-259.79768645979686
-248.46323942206604
-222.5315090259516
-379.57320514741247
-338.26007396386603
-218.5638574835035
-252.50568397184318
-340.33966134595534
-221.1195512132672
-373.5561019390733
-400.41587567752396
-353.50622506708476
-259.8598453668443
-245.2119541721329
-472.85516530688454
-310.2114306171704
-303.8155467256484
-265.25906797886984
-269.5242776122233
-242.64675687133752
-292.66202196039325
-296.8302822382167
-278.01427547445076
-382.7175161052331
-218.9007709918573
-274.86313695880096
-308.95433553669795
-314.132297028832
-353.21084136180525
-253.42888078825126
-272.7542690671101
-260.73600538834035
-241.71606916728962
-349.6080824437588
-263.51563791695025
-230.0306304005375
-389.9637656443589
-233.23851189818336
-352.2172163781396
-243.1503456329199
-312.2919662224915
-258.6346185377553
-207.3359842236997
-293.44542285383045
-278.9701541541833
-224.1783747105609
-232.4911842592657
-276.79746176822766
-320.54550435983083
-266.86149484594654
-350.2735507126555
-311.4326906939592
-257.2039262689412
-241.19143521674346
-368.38674753285665
-276.7808704987918
-311.74946951312216
-328.4628162433245
-216.64749383500344
-217.70638224609274
-252.90393522839926
-283.9382007912619
-316.1282072356727
-316.53241319755807
-342.2841523622336
-258.0493155117499
-306.9027046895218
-215.14542714035233
-265.1796265585424
-258.0271525816431
-434.5547813093104
-268.1437864431399
-396.7290375335814
-263.0912409323299
-298.6775718361571
-296.88618753280446
-364.77934577709414
-350.09891053738045
-318.24369686145116
-263.0995098603273
-288.1904557399626
-286.6022747435178
-286.3146709732572
-275.9150998896345
-305.46732454450853
-250.26249869109478
-363.9591644439239
-357.4316961992275
-239.8134862249525
-263.4512359996552
-289.308705666518
-359.683385270545
-246.37896395495264
-248.29795323537815
-301.70470140654913
-356.6947289967794
-327.82319132790315
-311.71882424428253
-239.59972340438574
-253.3769833632204
-274.43872310391635
-331.37641780361895
-241.74038483155442
-233.07409449062288
-270.21260880818
-229.37740810775568
-229.27433935951666
-318.23847987641335
-264.4032996370535
-251.41715366539557
-328.2480414320228
-234.67930799651572
-328.28139908279127
-225.41794858045284
-333.7477709392664
-360.76381274077187
-257.43894986299415
-334.79457510258334
-320.42607941928776
-240.515429312811
-318.64333554662915
-213.96783152219936
-335.86974145698116
-300.4964518544607
-329.84222355896657
-284.8338891693845
-244.84548079569052
-208.1339418950117
-237.01789066588242
-267.8760701706543
-228.60709434838878
-313.15106131723707
-428.33039020158645
-220.6761195772262
-290.01138512250355
-233.74753034151092
-283.88619519683755
-281.1338044103619
-230.26665111471422
-344.71171943745065
-288.9693546900503
-284.9681021842947
-305.24474873336965
-306.6291793006198
-351.7017863485046
-455.8436465370064
-287.2268536852423
-301.9781532149061
-226.0799193758087
-232.4043051169678
-340.7586685549446
-326.2323727305129
-248.4613135692668
-304.82285008345
-376.4228547236585
-286.3649864023111
-267.9282741025004
-319.891882088614
-268.7311574162705
-256.75422942696224
-244.64070362674732
-264.53354820080256
-218.96157447010495
-231.28896821096117
-290.2195990254819
-410.2182354203891
-444.6352502041271
-270.9581326430731
-242.6911692106467
-267.15392171439737
-285.837881458667
-248.42875819052674
-275.0071719696973
-349.46032157388356
-324.5657548307712
-222.73613617516557
-344.6997991755079
-280.4808712532706
-218.73394695946385
-287.1810339712505
-378.42146623298055
-376.0417780962023
-211.40274374762396
-298.6938753307528
-355.2229647418859
-304.04826585702847
-325.1335879090084
-310.2909872630039
-337.49514241354944
-311.8273982217102
-306.58348447426033
-294.4314616835221
-279.44425834261847
-267.19909863071734
-266.7862745387105
-357.97787330294375
-275.5219460262455
-242.802924040339
-273.9016054479232
-223.07327581473425
-257.7740233218732
-344.6952643294596
-238.6457320399578
-256.3180665373929
-227.26687492869763
-272.52638114977384
-252.76238417236925
-262.57274274930165
-230.59255573577866
-343.9854082488643
-315.80563218702895
-456.1444175814601
-294.6320196347066
-352.9581729623993
-286.27405637463124
-292.38295685764854
-379.4939013160953
-242.71880258245497
-355.63751428634896
-305.5213631946515
-322.7678595313185
-489.7175437347738
-417.502027128297
-195.64370452526714
-352.29029005956886
-301.5453806187476
-342.12235806576655
-277.28881982784145
-260.2202481289536
-241.2408867208016
-257.53200419823594
-364.28916451804145
-316.5044558264266
-236.68711152895094
-271.33837188173544
-258.9764532096028
-343.22610860869594
-268.9149320720995
-243.85975358262073
-318.73705358128234
-287.01933440066654
-347.6094745870757
-225.14672304325555
-235.55417082402084
-228.23345824145562
-328.7450275292305
-276.49288139726514
-275.2888158500407
-222.59514555874665
-236.0844012901745
-377.1064622406672
-356.6644806615242
-299.5016289532466
-229.93633779526027
-266.5549178215651
-238.2013506904259
-230.91241353359783
-271.5774597848635
-273.1940634443813
-274.7814265615373
-214.05938883189847
-293.93456330284494
-372.50127427199124
-288.3583260463465
-297.9768079604037
-370.23736928255994
-315.2208026969041
-267.1782490481565
-232.4970263732887
-273.0443848059998
-307.8343742469506
-261.0428314492473
-246.50101891625934
-295.1131863591312
-252.8861476902755
-231.09701053992666
-227.91154272276626
-270.22300251980187
-398.31688198596373
-363.73288143627144
-328.07860897927014
-236.61416704906782
-208.54602495713334
-307.46917954170857
-272.04690872617584
-359.6623245910902
-317.75658601454853
-361.1676045487736
-268.3675715898601
-235.47917647420746
-214.48360354819005
-239.62384450782582
-283.3904488725918
-284.530035891687
-356.6912262565844
-297.12002506531246
-294.38992553149075
-267.52914174747
-288.72044968354385
-210.20003421420756
-352.879625716751
-286.12294764778187
-349.18242824309823
-244.24771497064737
-308.3244287341711
-308.05067380030096
-284.48210399363586
-229.99929227945313
-218.77606044284602
-217.64451439695142
-223.33684304215726
-312.4692566837632
-245.08787449888362
-361.7716934737628
-196.50231222540066
-264.02775713685725
-185.74317032490399
-203.66564825966265
-323.80948152032374
-232.38176465470914
-287.1527911988354
-205.5681193125699
-283.53932883809614
-265.8699110020015
-291.07470897803285
-285.76400001252364
-272.87025774945965
-306.79300850906515
-349.1481613497463
-232.03519269545123
-238.35885250332166
-242.7678460528309
-351.7754187452757
-252.02671003864916
-275.19389397268174
-249.07100221890664
-297.5664502140944
-244.78395888966816
-220.4312897713434
-195.86660027940283
-281.290530312291
-294.726175827298
-249.0920213258864
-340.2305177174867
-217.04487895010223
-255.7395976610808
-197.07861422454224
-281.5481627887076
-230.51478187750712
-231.02420253487344
-231.49736085138085
-247.21356005421174
-260.48672826046356
-318.02512603618464
-318.2333021878915
-218.9824594513503
-222.5345286559192
-250.19944946206738
-233.57979458245657
-269.60072152119375
-382.14996224263734
-250.85385834822688
-371.1103297002286
-328.8897790249387
-338.27830115406994
-357.60509856727936
-313.13860634648904
-200.70354209146416
-241.22706701694523
-248.95697828585025
-213.1490549517879
-260.3959945263865
-261.62272565854664
-284.225847511089
-235.7875317790805
-279.7707298852473
-270.3410200815546
-250.5753902350477
-225.68810284752578
-272.0412217107613
-291.27393463428314
-224.38921639247874
-235.1981491883595
-300.565173729281
-292.0215414948973
-238.32034877695375
-210.86822045812752
-248.07090437633133
-319.73329031351125
-217.91222648742416
-228.88120077134585
-307.7921575025447
-276.0339523098265
-272.12218115926595
-295.0705407359397
-237.0018107122259
-327.05876615410625
-229.54263091705735
-243.13294781939547
-332.46463668449087
-213.4828752147573
-316.9516723675165
-252.69158555421802
-311.0407390940764
-243.89006079220675
-234.26550535761433
-248.34347127182684
-226.9006975783954
-244.02890450555904
-225.29268183856138
-266.46303554377937
-235.12254879379947
-332.9643632600049
-234.63498237792433
-322.0038629450866
-204.16116060741652
-284.26594556812137
-280.75951738469564
-228.82240269080933
-365.804363357934
-255.15035458454525
-280.50756370075004
-238.02096534345844
-242.47220138789106
-336.149832161768
-298.4625811946846
-319.655433584231
-314.1889208342545
-220.2056485954337
-335.8852257890426
-203.39661661266646
-288.7281981471774
-246.3924530754806
-208.82971827686808
-268.0629852582372
-316.92083817148443
-222.05435188973172
-205.08260039396453
-269.3726377026111
-271.70104824031955
-312.4366930037854
-276.07514436486656
-276.68341308508747
-316.57293650971707
-235.90721424736904
-230.1183974851694
-318.69648967082264
-228.20459469366705
-344.4958911482482
-252.06860956158576
-230.42299016593424
-249.67028583775067
-284.64468120542915
-252.20316343743463
-226.13030189550585
-289.62994492487667
-294.98151186435024
-211.6230671795215
-203.11507887981904
-273.0597028492937
-271.23398612737236
-313.99954388309015
-290.12280625804874
-223.3983059593632
-305.6589750070643
-296.9932395960027
-221.26208801833843
-208.67071331220183
-206.76666241080557
-214.84346777425125
-269.8982074572133
-266.6057366088432
-272.8917314993593
-252.31537355303325
-237.70885225483755
-221.12505141147312
-234.6288617806325
-199.61268688411332
-233.81067590345378
-334.50690069241773
-227.38011531517168
-332.01080124013447
-283.92472199971394
-297.45871886393934
-288.32489212269513
-282.2502082305459
-266.989289877335
-269.4879705763327
-251.18474490771519
-215.99942358832658
-283.898332199304
-343.5065622992489
-262.8418253361097
-223.50070960509862
-264.64213583796635
-257.967394198365
-228.92786624422098
-265.0028990819287
-270.2520923769704
-226.36174002373963
-289.9920959211171
-271.118049163295
-181.50300922896372
-220.69704623204953
-347.00546979147896
-212.1623990554933
-235.44354899774004
-248.50468453533335
-289.93792152892394
-244.13662192107049
-233.20986007532233
-264.77044986158273
-245.73523925431442
-266.47869625863484
-320.8727702003249
-263.08506129916327
-244.50042450424027
-264.3036945926416
-231.0304119278399
-257.59204411670726
-194.52885132995812
-273.6415190988023
-259.9959848519652
-267.82667222764985
-219.38561053712652
-257.3983621501867
-257.7828830498422
-299.8007406580714
-250.34237912455094
-311.1256829472662
-241.14537178537043
-264.8729323370891
-203.17581136266062
-324.5250826557546
-270.723003965672
-208.68075197218707
-288.5463886146302
-202.00104882917478
-223.31774842248316
-317.39372011256114
-244.15212921053944
-345.6447477255275
-277.15244403587724
-287.11235773064743
-320.39722030937907
-342.89227246425395
-265.763349118479
-254.07159230880197
-272.23844487701643
-229.46530399575894
-278.25804326419984
-238.64601721028444
-221.68581688515133
-303.8318063744755
-290.7107423886001
-248.15680573834476
-300.59364954825395
-209.58895389066095
-237.8352172608229
-238.0339143614782
-279.4027446763133
-346.59997051944526
-221.86934253013348
-259.2536454783781
-291.906365837698
-191.40878626058134
-305.32594266481385
-248.82683270368645
-257.4224580989996
-252.96234987932763
-246.64642591285525
-276.2904943248291
-244.20698579134398
-239.39924363500722
-162.5743117533387
-246.61329202419128
-300.10442322577956
-259.7902182381617
-256.7629923903517
-295.7066917357556
-184.43508681303337
-219.13521764316596
-285.53180495010054
-225.81859572380472
-289.8015490848777
-224.9092650573981
-426.6495462174612
-330.97966939904256
-251.1348475220265
-312.23732463055694
-285.46766655170836
-255.77239476040495
-275.35853403620166
-375.9293394028377
-232.13755613329926
-262.5617138578941
-216.87426297096516
-366.60514019101424
-192.7088107761557
-308.78630540975905
-231.50262880168296
-229.6124593031281
-322.7159384839448
-289.7479265303166
-239.0023265546824
-258.1630056391961
-250.1350714648052
-226.54423587137782
-221.81750754499598
-212.09930793789016
-222.08419301352657
-229.11302733965192
-245.17790221481343
-299.59913851573003
-283.12487184596546
-235.14063150416374
-319.4978416329881
-293.78075886316674
-302.1910299448946
-261.0990520068993
-236.98905222673062
-286.3538716740546
-254.09078159177488
-244.33332455614115
-239.52673023787713
-209.83301880959334
-169.6169665503083
-322.07975116990394
-247.31534503151676
-252.97028388349432
-246.09027064773613
-225.54677412932455
-213.95885221744635
-179.70858334636594
-262.7662094246217
-329.0613206815973
-230.7527710572586
-301.7828940091322
-214.68661257862445
-265.1070175636825
-197.75224442031737
-265.12204799340145
-268.2729380218633
-222.61473808429557
-270.17850698210896
-279.3331877904675
-324.7248649970947
-272.68488119564233
-236.2998241705186
-273.1952766595606
-323.29957946607664
-302.71578133530534
-248.3259107251932
-229.93619245123276
-326.6384799653043
-228.03784202427713
-253.1165113690464
-225.93330962056598
-276.74834812884603
-263.32004208547164
-238.6892753189541
-237.53242387641018
-260.4321508653672
-236.33286274535243
-215.0141343222411
-243.68616123852559
-273.097115100732
-241.25868539034073
-314.9876063293009
-233.08363759017223
-252.4804410522128
-202.57123002840322
-243.83216886972272
-255.8640965468774
-250.40853977220806
-263.96070150470143
-208.56664131072864
-299.5939078498649
-256.01876379512373
-242.8966199144075
-239.04441700414245
-184.08829308908437
-271.1042061106848
-251.94556920652846
-207.79210109061944
-215.58342560307858
-278.20726393709134
-240.224306437082
-259.3182721874459
-203.1902091744809
-261.41439694947485
-254.101884594177
-262.39548563804567
-195.66949155031736
-220.4441467303659
-205.55720030888503
-209.86602903733444
-296.4988262904519
-276.1195223670213
-267.7184495563025
-282.7701179888067
-246.00907176993286
-304.0912599590215
-299.5541937968828
-395.80425400740614
-313.7794291269192
-243.65429863019486
-276.5185950177099
-252.44111946371385
-205.02935245727787
-343.2762316453982
-238.47936462967778
-271.7419068444838
-236.19944721986082
-217.79022913305607
-325.29530492819
-201.89981785209713
-275.48557276421946
-248.29790123256672
-312.0420030519658
-264.42354437741324
-257.54389147534977
-262.29330394100543
-263.5856353146569
-216.8503072904133
-239.8944285444908
-214.07324308364986
-311.18834355054946
-296.922937399338
-320.7959121020272
-283.42254286527714
-254.98993169065537
-195.3755570660326
-254.87484474491828
-250.2098541116963
-297.10041885429996
-318.0817658965083
-239.9866743013942
-218.46796011534403
-254.27674679866755
-260.4706268898873
-264.99493431439254
-306.9739561948656
-208.1332766471187
-231.7196629585315
-274.60383095596137
-263.43389949691107
-357.5327455046902
-263.61100800561695
-301.61624226185774
-251.85884854441355
-345.1007963657253
-225.76759976073953
-193.8257051697654
-219.1504668002678
-292.4539257718959
-242.93879453723463
-186.18773358552508
-244.79423927597426
-204.21052677578695
-247.19777832939948
-215.4247088524432
-259.30504541007497
-211.25350427855852
-242.55472138440405
-332.81152417181715
-174.23599101211525
-250.5060122194427
-263.72355407582063
-396.9377366377673
-323.5616816084035
-244.7260883871078
-312.06122202247514
-253.83575432905258
-226.88670076572276
-290.48175429236346
-219.90920180055974
-248.45510681331749
-255.48760552410897
-303.33561180456354
-206.69245594437604
-266.9223422665845
-202.27446949808115
-269.3638010514088
-210.75876406782584
-185.02089007727497
-219.61089931342462
-270.8776366104428
-214.99665501426207
-234.4905685391857
-257.36726534914794
-239.31711663264682
-266.9022494175247
-291.84846643448157
-270.80198823546783
-172.27800503023678
-229.26024450589262
-253.15168598335745
-207.80231966488287
-245.37481072457723
-224.83262351737244
-243.55920532070024
-242.49185056385627
-324.8076175538739
-272.9149614207697
-279.861679117584
-249.32935025047624
-303.84868063396357
-282.3449748691345
-200.73955967499677
-243.31323186823172
-245.6321235759525
-270.0669524003403
-238.76738160275414
-227.50830210027766
-282.1389464472918
-318.7754889518519
-247.37779935494433
-220.55633873115255
-265.92153848834715
-317.24905781059465
-229.90338839852433
-213.99682951186708
-225.7118780738884
-263.8949510518609
-315.8985917192221
-208.28621898131615
-249.25180910943837
-313.01475372261524
-203.32681958869105
-275.40408577833404
-216.0218262771935
-264.0430331755428
-222.02491543234254
-292.63046838313005
-212.47965230871955
-212.28013923497548
-213.02778619565777
-189.3349209943653
-186.00931214683476
-196.98026374550392
-283.899777759979
-194.1093582076914
-309.3389039770495
-251.26276206139087
-250.90458754856513
-261.3112697673737
-227.99331341223717
-239.9233440034635
-281.50202395726865
-251.99000585078898
-264.19414680360035
-222.16790643369953
-205.00343217479838
-248.87163593879978
-353.6161609838001
-235.0331790763413
-222.69832845491004
-281.71812363736
-244.2516575555881
-209.55825645973044
-244.42691808919352
-217.22425221189468
-237.22128477018873
-273.7121912080015
-296.4706801855481
-217.12506046433333
-262.40356694492993
-181.0364094447004
-260.923446919944
-260.1762169489169
-217.94249214516884
-221.30838675471495
-244.55939232646355
-254.2375258192857
-270.65868434618005
-266.78347486116206
-250.2996693881651
-220.96588772055935
-176.44763964933392
-259.0430301413537
-209.92081179000309
-195.7102088347791
-223.45541676608968
-182.56637461200614
-179.39109004180438
-218.65355089732032
-217.7908831030698
-200.4360592045614
-186.2398597235214
-270.46639875667483
-185.9976634233235
-270.31438886246735
-255.87208617638336
-266.92749089679774
-261.95385121553323
-230.71782279534244
-201.93253539788537
-298.0071998973659
-195.07231234080672
-278.03962679345284
-263.14401196795995
-208.39379637609332
-269.1040490397543
-247.634482916009
-285.37209326744653
-260.21793693939685
-223.03760040159528
-230.43109921182264
-183.65961221047974
-262.75620261301003
-230.6427521738475
-234.66099960375374
-269.50148894449006
-192.84445508928016
-196.5336357091066
-186.78534488648725
-312.69569192094644
-250.19034265180898
-218.15616072568434
-239.57518888556967
-166.73404477876542
-245.7237924326754
-214.1977126430868
-233.84461798555253
-191.97965418586148
-263.0625292841393
-255.67544261391348
-299.3839160532414
-324.09115844311157
-243.06741358629915
-205.55217295916952
-313.3490902193581
-199.66915921109
-193.37380422134038
-257.2180603630493
-297.4840881135891
-229.95919790942145
-231.50983924855635
-173.06645117547583
-189.48959368843026
-182.70600434095815
-251.40588990143007
-196.26198961463896
-205.87823936307925
-230.01588498110073
-302.71297393877876
-216.05094337950686
-224.36911931481987
-293.30153703860026
-237.57786861308549
-220.98476291508308
-224.38435672959127
-182.331332029306
-267.9758317664666
-207.68063900869095
-245.16366015861877
-186.25743677973776
-185.7928947804697
-184.47458908752208
-184.6907925188323
-227.81285017086387
-186.17450263963508
-227.27720895288144
-187.3245409706882
-197.83787255814403
-256.7102584145372
-227.617577411695
-192.37975654629253
-304.09070910819054
-242.4232443791635
-259.6203465827159
-270.9910621667042
-223.0860268560504
-245.2811102781375
-193.5699565437352
-230.04334144267014
-228.8441783913647
-246.85547604360127
-181.06619647560305
-228.60581369830135
-281.7962405777556
-175.72149408245292
-242.27653362460742
-266.1753032836302
-247.93371466905683
-245.47483476884815
-213.95892210699128
-224.0755466874134
-189.87620954206238
-230.2217170980929
-252.0659054375307
-314.0404228298647
-280.3458981851789
-240.9382198437917
-222.75121791006714
-162.76507168651432
-257.0626551330142
-206.0933440332193
-208.67098376068583
-246.33420202227492
-285.11809544559924
-255.08008922322537
-233.76751436936013
-258.2833239801289
-212.68583574746555
-234.4566497902436
-163.0562313809861
-233.3567714332693
-227.31101182072138
-205.11821229208996
-232.46291500266653
-216.13199751133573
-275.98200490702493
-173.58882804800987
-212.63675850568129
-223.99170689011217
-197.14126479918042
-206.3950581537008
-209.966337353893
-211.8172766939589
-259.73209637082823
-284.7402485980554
-161.73216035248151
-235.9030988964364
-224.7027738053375
-249.56545260746987
-175.62466109083914
-189.4791907851041
-223.68451139793942
-231.1920030545112
-247.75332038961577
-238.64980650776292
-238.07752966852223
-236.07481461270203
-262.2935514768137
-249.98820940007283
-187.63978421511337
-189.83688872057718
-227.26223266448895
-245.6482391579826
-237.12173410010865
-201.95042259557266
-195.59242024869806
-239.46696246812303
-325.48529096957736
-224.98340452491
-226.93907244066872
-265.9421270206043
-246.87571957376116
-235.7804714976464
-260.4246382060137
-233.91005095757774
-235.37995638001792
-221.67823298309588
-251.79775407290722
-270.20337500934374
-253.0524922733525
-256.71377259546506
-168.3569084448748
-227.78371103662974
-255.7128144770328
-214.0753148831054
-172.45250287680886
-203.81672996841036
-186.01055643914782
-199.2074059087399
-167.72365730293546
-248.2285002741314
-240.22154629095215
-208.39164040623126
-160.30449511928515
-187.25100145467195
-275.41523393861786
-210.1841069334012
-204.18243258078505
-261.87380160354553
-199.09211017137332
-207.440005288147
-210.47748186567134
-294.0241113814668
-227.01301368848772
-204.69072818342426
-247.40372300956287
-171.1276268754611
-230.26049728228338
-242.1574407771522
-239.47830211666587
-241.24016403639448
-170.46267452011864
-187.4915204166507
-188.47018790569695
-180.52649239031018
-246.0523203916518
-194.89684125734112
-269.1641160369567
-254.40966646122544
-229.92259518521467
-230.36443814021038
-288.6284421406099
-250.18197944354253
-200.36504769175616
-205.97786692694825
-241.297645839814
-177.2007443083398
-229.1517346695955
-220.76634449025505
-205.2138412445119
-199.1941707392624
-226.89107180117495
-181.98562468809354
-232.96501092989416
-190.98349534386554
-219.99536118711035
-196.16641381594476
-261.3104269876544
-274.7642106582615
-204.68119019665022
-276.0236706377126
-188.8885543639717
-157.9175753046557
-240.31948868742168
-220.54295361296408
-232.91503869165922
-259.0051254968754
-246.2772969463457
-311.0938069978232
-185.4216976798839
-189.5823619429484
-262.5254145794738
-210.03163661085262
-305.80123377060875
-190.7015619707952
-201.9573171629221
-232.98009018207347
-198.75000396269405
-173.19955259297413
-205.75573929356653
-184.70765829279208
-258.7083634660986
-237.09502583587508
-200.80574664551324
-222.17572733968882
-289.19974479532556
-247.91185801802195
-203.43770602337216
-232.08466266190055
-253.14817252716273
-193.65113461003463
-194.29799773956336
-245.08805531995904
-190.5405256533793
-215.5210518805607
-181.02196306607345
-161.76808421495429
-215.10895612318433
-259.49677239962216
-243.57019221225852
-179.8130528713014
-232.76495253073293
-257.7471810614984
-235.6974521940861
-181.5762143306194
-196.80291784837732
-174.94387210485135
-255.03414122542094
-175.2864663763271
-203.41868702749787
-302.4255824145526
-265.09665108368665
-229.12454672046437
-183.04868039982546
-228.70160219871187
-168.6217017110727
-247.90565843278944
-318.5982319259033
-186.66921851990426
-276.65991954895014
-187.99509775552303
-216.48581269696098
-233.09448385356495
-223.6272827277101
-191.7290704149721
-173.88985688141815
-195.5412258310518
-239.46653255366078
-170.63073730693634
-238.51520265740672
-205.1288113803799
-194.3584705983014
-217.47671634345102
-141.9679380746448
-149.58516490301986
-176.01728970680588
-203.06885518725
-181.85470641989195
-201.77261172393466
-153.45761729509667
-194.58250809872328
-280.14882275443915
-245.02534534306614
-284.71822298578184
-230.5624791078364
-230.80315719396387
-146.86681054145834
-170.92112387285775
-193.90481809234757
-190.5507631930413
-185.35022962130728
-212.3539208490978
-174.76268191588935
-213.47122647330065
-226.7489307233283
-220.37833809277998
-186.24019963205282
-232.97973028796045
-207.66709014588082
-212.90894112407813
-207.52671683285905
-192.16281242682538
-225.75209429906047
-183.48084108103282
-232.5533075472553
-174.0049132377028
-202.0846632450589
-233.76418150712178
-190.6533616100509
-218.8316555044333
-165.285698065217
-231.74784890954126
-187.41831063672652
-194.23613759907465
-216.42067891144376
-201.66316204834072
-217.64821743767394
-198.3383746414221
-211.52970593974234
-271.322116387537
-228.26149384881407
-180.97644087180265
-199.81182526990833
-225.2045463008887
-201.47424213425697
-182.90052593695117
-143.0029627006577
-220.3198064186703
-163.98902538734484
-215.78924790340812
-184.4977474597256
-228.5598028819442
-193.01439638480304
-207.11720448780073
-197.1030181868879
-248.9901432570285
-193.50425817796975
-227.756046707727
-248.64123857396336
-180.72410507386078
-196.27272356520436
-209.7192165866726
-206.97991951168183
-226.15386063439158
-190.3182714659556
-222.9129364761018
-162.2471488150465
-205.7606341789771
-250.27181087849567
-214.4556941628639
-196.10268920438483
-215.38410666926893
-186.23038767224722
-263.206700644062
-229.35364249480256
-235.05351913973544
-206.69482649486744
-144.41578806274327
-251.2541656175595
-157.7310731565364
-148.26822855531003
-222.52997702202208
-220.44096713146064
-195.80649743293446
-256.01660954242783
-189.49858042029135
-182.4595043479059
-174.1327253454914
-213.74527762935531
-162.94291749985686
-213.93778353640175
-145.55055838978575
-189.54256352564946
-188.12997553150987
-268.4434751195874
-221.26578720277504
-277.24325601600856
-150.86805801612837
-191.0871803571547
-189.81613332095378
-160.94139173913243
-184.29949071796355
-241.52074101219569
-197.4931791142688
-191.6768352969723
-175.55401175974828
-213.0532210567362
-231.92866304233536
-229.5563341075188
-217.111136720758
-251.302323200458
-215.8310413427842
-276.5636786425358
-179.78763504262255
-201.62960210089759
-230.56062499700894
-236.18977142512597
-247.417503676312
-179.9866955160851
-231.62003312175406
-217.26178491834025
-157.12323136963215
-231.4567667972336
-263.12942355329466
-200.48168508198216
-187.9593128102292
-259.9106203364684
-165.69473291438544
-158.58693859492436
-234.5654920258329
-167.88952596351
-300.0210447592807
-171.4237629249359
-153.47246902548522
-137.0828766807932
-164.89451556274395
-176.53511822464898
-228.33440196707087
-250.09140094635845
-229.47580528629996
-257.85327814507764
-217.33159913772934
-172.3805837657872
-211.73296703789302
-221.20874089767352
-162.57429724700867
-190.6852145002896
-185.09508239338373
-228.98621664671205
-201.704188504337
-186.023309386482
-228.00562398267897
-147.71545172649218
-172.39864884235448
-146.48863617886605
-197.23398354785076
-196.46391343130375
-224.63847086934788
-192.86775256756817
-181.47248547615357
-169.01560267887982
-180.09883326095962
-189.9985803005671
-215.1199604161769
-188.90928514628922
-170.6209702807502
-210.46268220548927
-156.5563093846321
-214.93463205505168
-191.79872911133577
-226.18554039915324
-202.8672910216867
-241.85931402293147
-152.83506240738663
-161.44944738534758
-157.95779760701075
-164.9692248432383
-184.44615381014032
-175.08097531771773
-190.92196709703381
-210.27651115482178
-198.7875636948279
-180.40278136094153
-189.19033129901754
-204.35265143948172
-251.66025221779023
-206.93222269347385
-165.10132574827418
-168.7844751185276
-205.97196061352292
-170.20684085760823
-172.06254140037467
-234.98760359910176
-163.18390003503094
-174.69896550438887
-162.4628915129439
-187.3620058530921
-183.31569600516696
-187.8483830944641
-244.40126314970644
-185.06334717330833
-207.62197048140817
-128.1576222946099
-202.2886175550038
-181.01554451055762
-184.68411823520577
-204.84320255479236
-152.49582099485986
-139.0004860963453
-173.19798322413536
-212.26464025778958
-294.37158333673256
-183.99553527832774
-176.42916694152265
-247.47348322416389
-186.3616056633523
-238.32950168479204
-183.50687559101408
-230.68298171714494
-210.12027109414186
-243.82596791405572
-173.8049838170633
-161.296145806798
-163.5847923201357
-198.46820787698232
-169.06527123270575
-242.21678751751847
-216.72901311651734
-180.35695966957837
-218.9380861596598
-203.61483708033012
-167.35152413299085
-223.27846435750453
-142.00216966315168
-174.33226680895913
-154.5566413225671
-193.90907754870713
-242.3468687504224
-158.8620690456803
-214.45203174110299
-159.07068384114206
-175.2553737952453
-182.55959531208245
-205.79954791638295
-142.64051722124458
-269.6343581324554
-151.44007583866082
-191.47668890390196
-176.51370359116765
-165.8308742059511
-184.07090644572168
-167.46797066482276
-164.99090329214516
-196.5649499498768
-167.4223294398095
-204.00699876800576
-166.53229701667766
-151.23960185155914
-156.9834266345647
-159.4158628606208
-171.62895984617106
-178.2909860009363
-198.335418001189
-155.18789672469396
-230.8854028526276
-136.78771616335234
-217.12807066981546
-161.01950033633142
-201.67005731440779
-147.2501133048646
-228.88545726193394
-173.1606838503646
-161.15897406804214
-217.44590440944614
-136.1085350054374
-184.45759011270104
-172.150385893237
-191.49887893818857
-148.6737385001263
-158.03046207476746
-155.15088051215298
-179.60130863324542
-140.03124096286757
-157.7284251125115
-148.78339356317312
-209.35280427869853
-129.39539738074038
-211.01453621570937
-160.97531112264187
-197.88474172462483
-158.81472180109523
-183.8215230907158
-169.3614771825081
-145.98101059173445
-184.05969944112775
-165.53765670921155
-126.20907351075451
-171.72056239443572
-168.1285780299388
-149.60206249760267
-196.4251273266047
-197.63168496106192
-168.62911281318918
-195.81763110073857
-191.87619020056593
-172.0888965009924
-195.0109567586549
-137.5062581071578
-189.49261596911003
-204.0483768936252
-161.7277653059103
-164.83359426048432
-134.84786629530413
-153.90924944614972
-167.5871514109685
-179.03847548899932
-187.59126797467155
-207.65123761177006
-119.76182587731714
-164.28951833933058
-165.77927624187424
-176.83247949029834
-212.6596575228054
-186.8251909813171
-146.9689044169496
-136.61253215605893
-166.39716544926756
-174.65873995139935
-190.49064160474686
-183.2429891014832
-174.15790426137988
-193.54881309407193
-158.55712780067375
-148.10555164416678
-163.32474195714974
-157.57332304426933
-128.89240188232048
-179.58122295296823
-185.23768308700437
-169.7043982783974
-152.36214217269782
-221.46259223889027
-119.93798365402904
-148.1667782230611
-210.53958625875484
-176.14423925045492
-172.46538959582955
-141.52698288266356
-151.33404571520273
-123.19164165697917
-115.54119224142053
-173.87841967070443
-133.00539661466092
-146.30747374285602
-163.7281448989542
-176.44065919965982
-119.79764935638065
-171.84649499886
-127.77910709077597
-150.9125811411077
-150.67684760303723
-148.36919630033114
-204.2308222934101
-192.07734488814293
-176.84189816955916
-155.07220460383598
-142.67981068361115
-179.1678142911398
-132.87669614536838
-173.22441813996457
-116.79959675608958
-90.43911700380423
-167.93815445948874
-162.4904027327571
-144.7634535848972
-164.92156362776336
-124.93412311168004
-156.96230163644273
-175.19904787238198
-119.78028888264845
-200.14972553810205
-217.11363874635575
-139.44767065381532
-146.35810108548316
-125.82647795976578
-112.43929082187904
-205.64537261246542
-150.02001949734202
-130.33755275000968
-141.6653150648632
-196.52660319784837
-203.41431334884524
-98.5681702925172
-141.98467366692915
-130.39593556226555
-125.50929746919638
-131.86758283568838
-196.74416457130292
-124.02040580574706
-158.87784985694222
-155.8615287352351
-157.49144044784114
-160.18623239536288
-134.64008320531133
-141.91099208880294
-149.46487363748125
-153.71083458908848
-120.05786471705673
-140.3360784695126
-160.27015203632234
-163.5756616695527
-139.75180722526625
-179.8746077393655
-124.06307402366618
-124.4815569086344
-112.54601729364967
-128.597713746585
-128.1692340346901
-109.71063692578903
-161.8777947371779
-123.72371785985037
-100.36034566387269
-165.90471372335668
-145.66721072881336
-174.81190722028052
-149.50663641774113
-131.41569875763514
-159.4467687429252
-102.46713841744719
-142.62939224438372
-176.21104694180923
-146.25925009504834
-138.42281588533845
-176.52451749686958
-145.5870184584178
-147.15896441064132
-160.73951549573383
-167.05223180065627
-139.4880039908499
-130.71471271545695
-118.97901910841395
-158.06700427169187
-150.02993029311023
-137.01587555904655
-138.43055257585246
-177.53138101420825
-133.67703743189156
-159.24704963887598
-123.79916880137037
-143.3210555192557
-126.74536828847013
-136.37034918497983
-163.34487725158323
-124.22293989936881
-140.71188658083526
-140.9414697425817
-118.57434769801083
-122.99896962920837
-123.41129492689731
-107.02119337263878
-130.0439898692054
-161.73004281310074
-129.35195532301145
-124.01604514051442
-180.8859119278385
-147.7465208680853
-154.73336529849584
-177.33771208018936
-152.44914111274852
-257.32163452538447
-137.56707438525575
-148.32261708663765
-163.81142202497475
-122.27214941899507
-170.07440700998978
-109.64716744716608
-128.68691352489185
-154.5545604202631
-142.52777640030308
-144.20752853121684
-136.86990540529277
-157.873531931279
-141.6726080548521
-126.42284375199608
-163.69926754575937
-111.41852080343529
-166.9273307253007
-135.3650924842683
-150.30455728702577
-118.12005245116796
-156.35103561619331
-155.5121672292354
-149.75949918746147
-108.87685259697372
-147.08279447195582
-117.49650640318606
-121.01500029663751
-123.22604616955721
-133.31944367842317
-145.28011593707095
-181.19903550908876
-168.61947402475892
-117.56077203525126
-165.39668645616837
-132.24180159016652
-193.3070818794495
-115.8820943480136
-180.15213676244608
-126.17200800271972
-127.29062666348224
-132.21897129748294
-113.19095391526511
-113.7595649642665
-236.31798373149203
-155.08451624231742
-113.49265223830648
-106.15598861372867
-153.8078369754168
-128.17526525538915
-103.97707245373408
-103.25177916183375
-129.793469714727
-99.23950762979658
-111.08111159197566
-98.87448781740417
-138.01534822941665
-109.52517477329474
-97.57306803580761
-103.51166900772313
-153.5321448484484
-96.12174163219288
-161.51262751231678
-107.15979421506
-110.45383878178654
-145.14188926426328
-123.21952240157991
-106.60206139441426
-113.71297034179759
-160.0617725135124
-89.65914748584694
-147.44459157210224
-137.97540255351663
-92.47121226871077
-137.32074518876095
-134.4034166867225
-159.24032652809547
-106.75363130569525
-100.6706859079564
-156.4363314031795
-133.20012580989618
-124.98317683529086
-124.95246974033687
-121.00396108505645
-135.68641089230647
-112.55129954101854
-111.58862955196513
-127.07969055344813
-103.10495364005811
-113.06905808360031
-91.89282825280533
-119.45215338433404
-120.82318688983231
-135.64771213957619
-126.1823031502574
-121.47209091703851
-122.80473925403192
-99.82748231395489
-149.10488095026068
-113.37421947926927
-106.54692236684622
-124.83219862797897
-103.03525887175348
-126.30746174675824
-109.5260491833323
-124.42173093239126
-117.64228024695886
-159.89990048010765
-113.71099319966899
-107.3751937080353
-140.14774085366247
-97.08025195008298
-124.6910205822808
-138.28767282945722
-80.2964007065535
-100.51956257476587
-144.27358666909055
-162.00108572270727
-103.23907306759698
-154.82015735110096
-125.35333829134757
-138.6446630246096
-143.77117720062017
-144.46852353043022
-101.36999355823829
-89.63528719138264
-138.61413062127963
-143.81792037605544
-127.04151154907827
-124.3615914977586
-88.02111324360075
-139.85995105984443
-110.10121569041277
-154.23771799384926
-154.63383375820553
-83.83725297265383
99998.03719755623
-95.0901650297483
-101.8863091246314
-109.54220208281131
-135.31900691463414
-87.80459392534318
-131.5541422426872
-84.30346990657975
-79.53004151734453
-143.87254572513484
-88.2663428123135
-144.0227882007702
-112.76728112409533
-121.93419428816637
-130.7589167225458
-96.77787947688209
-114.27217225911654
-119.07987633786844
-109.93420539341597
-85.91095177652545
-95.83427402882312
-135.98861825655638
-115.55504309346003
-99.32674145673016
-119.98171085749416
-86.15195610651662
-138.94406198570505
-140.05397758854002
-85.18597699952255
-144.5708355754467
-127.92956861622079
-86.62093558978472
-100.59361765380717
-83.10403063993772
-127.87224559761326
-118.12730850731269
-89.96696629239
-88.06059913805805
-84.55831970294194
-96.03390290407347
-93.83658602729419
-112.82396320452685
-88.62712292442208
-93.92453038718776
-78.80891035623881
-121.80240736569976
-97.43469919375497
-66.5668935509967
-67.54685121213498
-95.13251995841475
-100.80723257947274
-105.35271805141828
-81.59629938929473
-90.05219669183685
-99.038682611161
-120.79012444857543
-112.04956463198096
-67.70725481130026
-127.4199380721862
-96.04981040782792
-79.97339849680353
99998.99933507487
-101.32481168260021
-73.37717423930444
-130.39816591098088
-121.5783991246926
-93.21236572959836
-106.7660388030808
-105.38335384453325
-88.11718435806304
-79.96581769800338
-82.40418078535578
-87.8970099465174
-116.86175571644199
-116.43199711328533
-98.86463796369875
-110.79561665783521
-72.3049902233504
-120.32429489548595
-102.19646669468719
-86.65900436475772
-107.7068150105185
-68.65226810052444
-97.17224638572188
-95.62153357135291
-113.69677248496346
-117.46693522822402
-106.12666293276324
-97.44933662811182
-77.93057660173668
-64.09598510162346
-73.41677248455423
-103.09939909428167
-91.30349128217716
-102.11707473318062
-85.80263759313249
-84.01298342261168
-91.20643238790751
-76.36554207335632
-82.39114021345107
-91.4804099071394
-87.87097406499494
-106.01435498304676
-88.95421469519937
-140.11829081046895
-84.56420269672216
-104.29606789857837
-95.56087058213316
-103.08596095610159
-92.63687941828886
-80.37272580765156
-94.53868112006174
-108.04313584434227
-86.95603615742388
-101.27018999503179
-80.62105986094991
-139.4547610811843
-65.61451627700298
-100.78294966047328
-104.1504560451044
-99.4243808170956
-83.90213944484074
-114.77355461650131
-93.97318559471375
-120.49673839740503
-81.38827043853428
-61.85893419609905
-110.55799157710551
-108.61450218361578
-78.8881950929341
-93.45385564231887
-117.22264959095287
-104.34070862562317
-92.52567419533327
-61.34811165956731
-83.45080879690498
-58.18165928659023
-108.48757939228875
-82.94927631335744
-95.40591027167274
-110.8717265205183
-54.867292518791075
-84.25932750283116
99999.18005821912
-91.87087266263259
-97.90010618871253
-89.26006061065323
-67.18618019958946
-76.22787545486555
-108.23308978107706
-75.7686102949136
-80.84483409314738
-104.79602952674371
-93.28198781417915
-89.64934519681375
-99.67286204837367
-81.89071666739017
-87.8879306530111
-95.95060400787432
-88.09091377177359
-102.98027903399564
-81.44207932306574
99999.32215741299
-65.3224146163152
-77.7378874077701
-108.06165144458409
-87.36474297162732
-111.48078232720523
-76.69255774519361
-82.83764781348106
-89.90241580731592
-90.56015396360505
-83.3347167272277
-97.12151834987142
-80.66421153742714
-91.03378193655581
-83.74280880463249
-71.25787732990452
-78.0598569592525
-66.58628310852801
-65.81247301795499
-80.01042813060059
-94.98384709310413
-60.373283605074185
-83.64245374163757
-93.49234579088271
-57.61357878850644
-96.20135223994782
-70.5937067871283
-72.23450328302565
-88.3151108055818
-57.088819886554276
-80.76434938294457
-74.97387493317822
-85.573473694399
-77.46302576826368
-80.86067697391343
-119.24432991025466
-70.72901045727303
-76.91964474776226
-60.20222477873978
-92.86933845550297
-70.47198780688191
-71.84145437520758
-69.20313528516769
-108.18309580514685
-69.40067946186842
-83.6356293269479
-85.47504326182396
-61.8486450395799
-72.3923863653678
-94.24366268460223
-66.97038334479794
-87.5137084235344
-58.60488593265974
-52.49678692941086
-74.38366790707285
-74.08025506702825
-48.41661443605631
-84.40477664064144
-87.53404981676488
-45.877243624264835
-83.9338203035926
-52.934191659987086
-101.26575345648004
-98.10700001467335
-107.87265186491368
-79.42300588046103
-67.18474331512108
-69.06994569911959
-74.35627894264117
-72.75029217116068
-84.20301880602955
-68.6842906688882
-79.90182776820095
-55.34179530735308
-66.28875826044371
-36.08713145982098
-58.344720165503524
-56.89238251594011
-56.924718989378846
-74.47927876327572
-57.26523190007194
-61.18133357805914
-53.74403135211555
-64.87435434455652
-67.3418490800224
-48.95507528056989
-68.6674332323689
-59.96903334884195
-51.992438142046765
-69.88073184755993
-76.18537238210068
-72.58500816202645
-63.17752454805718
-62.367617280176546
-55.076435526810386
-58.336663155447184
-81.52044553600263
-51.481084937155515
-76.63588759852121
-64.54488235304567
-64.64351174001044
-87.03159336981716
-44.20442711461244
-68.57799374656534
-49.93372063912598
-59.85486268384349
-38.85851038056344
-45.49069030233993
-75.89936510728398
-55.3933265317142
-52.053334739388454
-59.969991132035815
-65.1116930313562
-68.1720155246833
-40.45125435376618
-86.31459529469961
-54.19410054397969
-53.54765412994065
-40.96862401915679
-67.55462268840074
-59.995395082453285
-98.3166183988185
-51.24000990211205
-51.92850937759392
-70.14451909124274
-53.95684618896958
-40.866075713678846
-59.84689912305472
-47.42536581667443
-63.99174126393681
-58.49058630113402
-49.107279722379204
-61.81324099852636
-69.05632751154471
-29.927477123682642
-42.689130225414985
-76.03477942201161
-69.63977086196371
-80.05117441762532
-24.611972232414708
-50.12848352669488
-48.169768080115034
-53.1997115203227
-59.5650360406079
-53.4912772111391
-37.35546596732997
-60.20521088432636
-49.17363029178391
-47.88389786350605
-70.81859115836653
-59.25472491690651
-39.91161692195069
-64.92452368976419
-51.03786855249264
-40.14841239121914
-36.687065262926154
-59.724437393483576
-42.44905254728819
-45.98260164689712
-39.2838951794279
-58.61640829019018
-37.60319268473549
-33.1094060154138
-30.377042258074734
-35.49521141493413
-38.01238565045212
-42.94162548234905
-38.23783663429312
-37.468349325295875
-59.0909407392248
-73.4597202020561
-40.69519115073439
-33.39065191731294
-46.10821309902036
-31.41490001929415
-46.58321563220859
-39.853870952004804
-35.17629281748585
-70.28359612060902
-29.695838542038558
-38.2783692995501
-45.43595736543869
-45.208453914862815
-50.28769650936326
-56.019508726905144
-57.15609117472726
-52.30235167482247
-33.60863892335787
-47.71825516312295
-50.300177636557194
-31.962247474216642
-38.51222938393978
-34.81961981483483
-42.048325306524
-42.26898377168531
-33.87774303428748
-34.311043049447456
-62.1192592592952
-44.376008247772155
-52.03788419240099
-36.59693494570665
-40.315099636265884
-46.90439513079454
-58.985802490549354
-38.342532173759714
-47.87180665280697
-36.95933952774488
-35.3073363331185
-61.13887022666116
-35.024009956165806
-45.25439575577961
-38.56689641466977
-53.741436487162616
-52.06325232331395
-54.70256827591401
-55.1685066752186
-55.54811754027019
-52.127887840045695
-29.94917083048886
-37.501305915283
-45.65882836106581
-31.747007368184857
-38.88590443092066
-29.488450595643116
-47.04869082469344
-33.02479435536317
-40.17406405229972
-32.76688747155566
-31.079865332014908
-43.418024996277765
-31.863242813962948
-44.80406202979475
-28.112722671095796
-43.953557716363896
-38.035347610421496
-36.37022869572145
-60.68485814324706
-42.30770027100233
-32.2936589276429
-53.45438387723527
-36.88321509607529
-28.696395165396122
-47.75530985032111
-33.18158880410807
-29.12936624475679
-32.104222036723215
-38.94739096279869
-41.10906589224965
-56.42865775898573
-52.68121503977004
-45.09771428432465
-33.64374508241332
-37.37266034756693
-33.71547530756947
-24.968972299222646
-29.129885013724188
-57.86742956156703
-28.37729073223194
-30.024738043360255
-35.61151432053185
-42.266316139248566
-37.66091188471904
-29.581971074134014
-57.894960022570814
-43.05732038572852
-28.399902074443617
-39.46228655579479
-32.20979877853699
-30.947048543832988
-52.8076027604706
-34.33207880879924
-60.85707986064882
-44.602975417643705
-46.723828129567146
-41.2211852016161
-29.80567208341706
-38.98915501597659
-47.95092668573331
-43.58646881492171
-33.06618397520159
-27.98277478293422
-56.24490303480146
-38.64342866767615
-45.32307177102239
-34.281254871279025
-51.886880362111
-49.16763818141431
-38.769239435674116
-29.298877810544564
-35.652057927343336
-71.34887568329236
-44.2533644510431
-38.18053101726527
-34.508065617565336
-34.73049507523302
-26.132648635311966
-74.43100860706296
-32.06497010919756
-49.26520135825183
-35.74308494437378
-56.69924754196526
-33.886948100144814
-30.4013639892609
-34.2534534551015
-52.015191876131105
-74.96210503084666
-43.083810227404854
-34.60609736359828
-60.89230097353209
-27.029789224310967
-25.578390378838023
-44.663304461851666
-32.4836914434837
-41.3996014762181
-51.01359226424948
-42.239194564528574
-31.026652461641905
-57.33433490164731
-39.6290120098508
-51.07066555002538
-50.74284801486245
-41.637368334117824
-54.54203605752933
-36.46844963294457
-55.278803231363675
-34.909141477840436
-41.879804254719325
-36.455886541505976
-25.480825455648986
-21.951687993514103
-30.340318842866978
-24.168262025249607
-32.46448113433086
-43.02738825982373
-37.226731353520776
-39.65450252454297
-57.85277712835574
