-39229.87490652917
-54884.21319656184
-61609.03779063033
-100927.70337492396
-102413.65802739117
-130984.69896055147
-151956.34982039107
-186736.1408881462
-225608.54658700447
-234143.81565892903
-245690.9767410253
-260753.3974566369
-324495.4507658309
-377830.3378844614
-361632.6919340466
-411000.4013952012
-426496.3464967536
-428057.1656348002
-503133.89360226435
-532893.063516105
-549279.5564717472
-623595.4742692723
-683990.9364335687
-672968.8512110428
-671477.8563743258
-748451.553344483
-661562.7587506322
-725265.6494529832
-761014.523165848
-811611.4690808445
-816404.6823576203
-886506.2093702824
-942081.1958577904
-812945.6988008706
-964038.416115036
-1009044.5901801812
-861869.147587429
-1072300.5741661636
-1026417.8003190999
-1078274.4492655084
-1072101.5718865637
-1293946.1503125406
-1000031.1786355401
-1149544.729943857
-1186520.6590722944
-1159813.6280221783
-1209645.0869580652
-1271304.0865169324
-1243555.9335469876
-1190252.9991702754
-1256295.2868723092
-1299725.3367710488
-1472070.846952975
-1493530.714542356
-1327430.1235076173
-1393433.191178726
-1505120.6702414835
-1430619.4840653732
-1430516.689985298
-1449043.0293132504
-1368450.712145766
-1503071.1305900877
-1486359.4868830382
-1626233.0150532161
-1504166.5035606339
-1518569.9437628328
-1531435.7736085572
-1750757.1019448
-1531913.789210463
-1550827.5648259374
-1553898.185053735
-1537308.5592007646
-1475471.443856827
-1547789.216839431
-1879695.378287549
-1653730.6738191613
-1846684.2073065336
-1648308.2989418684
-1843024.4902445816
-1727965.346395274
-1648431.3480055437
-1751635.7447789744
-1674824.8444822677
-1948585.2217931354
-1769390.5570747296
-1880227.9439197674
-1705104.60197555
-1956562.5657208455
-2047530.9408567615
-2019054.3423292413
-1868281.9547011494
-2086316.344130273
-2098024.1049428177
-2034309.409951257
-2111064.3287449563
-1994060.7655602293
-1901241.0197711522
-1900258.7716270583
-2117166.1780204363
-2237391.3536167284
-2041689.5510451973
-2287555.758887586
-2050246.9619963344
-2501724.5434664553
-2367652.529408949
-2207930.0617226847
-2152381.2295642286
-2475886.2031292086
-2345555.439180334
-2649315.3845588476
-2610423.317414104
-2260483.453757852
-2292521.0584056955
-2480918.5817994494
-2457798.703735949
-2835611.4348352975
-2785961.569231018
-2362135.3505711644
-2590885.8599023097
-2665759.69831903
-2489108.517270509
-2511068.927324223
-2836667.686550317
-2577767.863771606
-2411178.193172563
-2682205.8192704753
-2677657.7377314055
-2627280.4196465244
-2709220.8300427436
-2733834.228860114
-2852431.601595262
-2847669.0234138584
-2714657.3945840485
-2909856.496850987
-2884857.985928288
-2945920.735020548
-2708355.9269006755
-2580143.4231081824
-2921676.255250891
-3037890.4949324424
-2714363.3798206095
-2880110.284591669
-2691583.7631700714
-3237321.408970095
-2857946.196359986
-2535197.897715206
-2942344.042787656
-2995632.053003342
-2995313.929613653
-3194092.146293941
-3392232.3529137154
-3148772.8227126743
-3389095.1631574514
-2744305.408561225
-3384495.420805217
-2945714.867225382
-2948776.669889212
-2919462.5688781766
-2898732.8617152967
-3074619.445501063
-3405947.7779927743
-3162355.7488516998
-3279187.8950937563
-3094558.924852661
-3355838.509783634
-3613614.0618643584
-3307130.041483096
-3393036.8314155177
-3502746.5747508043
-3559384.452757769
-3367351.4952317867
-3496533.9788420154
-3333247.6174678225
-3545354.8015865753
-2919224.349778496
-3381275.6323662666
-3537890.261550754
-3663247.725960613
-3323583.8498483445
-3228467.766982908
-3604672.6583295674
-3918419.4822059185
-3750539.8489009957
-4317681.942283414
-3774871.661134781
-3710139.3041437003
-3294339.2224174747
-3357406.035796181
-3914031.9174247794
-4058576.3748289845
-3729418.469086253
-4188251.6513499953
-3865533.004949193
-4088373.8787603783
-3819692.631963556
-3793808.937617987
-3812027.1139385975
-4198698.096572673
-3936430.28446705
-4067893.484638505
-3706538.2279686728
-3704293.785749214
-3864084.298975024
-3976626.3414461818
-4040714.5449655894
-4266101.053916581
-4406791.389451002
-4004039.8846235266
-4534921.055970191
-4283012.9729729835
-4098338.231948302
-3855215.313286484
-3656512.528757526
-3772636.6540921507
-4327989.449516332
-4193210.6968697095
-4591016.115138502
-3500049.489219115
-4822463.422036661
-4311973.318140295
-4351052.840024059
-4394614.132765679
-4275544.224359731
-4631024.201627358
-4030421.667858001
-4210915.135174915
-4354309.968089662
-4474347.416963235
-4242302.463440015
-4843495.23601847
-4406863.951181263
-4282457.16701419
-4504115.705607648
-4254672.831401926
-4414379.909790116
-4574323.089953802
-4615340.789163363
-4576020.130357759
-4574753.797329492
-4593204.228866961
-4452408.294511149
-4507580.25688302
-4782617.446434737
-4492815.125180501
-4707007.3270880245
-4535178.610792482
-4977634.580262559
-5281312.442935237
-5002448.538202878
-4780293.111889264
-4925975.846237356
-4517095.316910199
-5033291.745067335
-4499938.174755491
-4954591.400015768
-4954397.443283557
-4812797.147564301
-4787961.81018096
-4663017.281979664
-4576204.992861924
-4945853.055073286
-5000040.990440257
-4518251.403120779
-5332472.951015802
-5114724.309590088
-4874831.981424107
-4125618.342471909
-4963567.826224397
-5044015.360101864
-14319653.426389905
-4720282.597817932
-5344051.87512983
-5574662.219376455
-14790498.246878188
-4672554.906622463
-4924286.3211264135
-5047738.957828776
-4366104.860437706
-5255849.907994156
-5509305.919170176
-4181547.064388021
-4919054.182120513
-14448038.567234792
-5149725.015611625
-5583253.877366461
-5065376.589538367
-5422759.673109947
-5145272.685859513
-5413155.098255335
-5383668.226968561
-5585884.6407672865
-5527830.098751935
-5507070.258419183
-4955615.549077763
-5097712.984602207
-5098062.809041114
-5246873.55106987
-5345328.629287703
-5319006.75819258
-5428347.640876476
-5364755.033495731
-5230100.698352454
-6197232.51391793
-5456596.848271615
-4957101.822156403
-5323461.544719367
-5665077.613722556
-5678824.383037744
-5410319.795114271
-5609876.471335177
-5339994.852722313
-14825598.415966533
-5150554.708274647
-5825028.686254004
-5802475.567752405
-6206799.954865908
-5612406.879082462
-5303741.905603911
-5312609.704856218
-5395181.049583803
-5333638.504062949
-5451560.602372161
-5758682.09152754
-5595593.448426436
-5389479.1776285535
-6037161.109706258
-6144734.511989139
-5813973.805160482
-15453082.684044488
-14660998.375173993
-5458062.72776483
-5756723.296951915
-5702531.149944429
-5554864.046801264
-5590963.365343567
-5090419.59181266
-5627948.520466678
-5593498.317914647
-6115286.198924437
-5976803.506045822
-5395035.747331169
-5537776.71307268
-5318916.061215073
-5387227.454966315
-6105183.525459128
-6060331.444556831
-5960149.296612418
-5281362.931242298
-6144601.662076121
-5570739.3175871745
-6124180.118693462
-5497084.096594619
-6559883.084658338
-5662933.814860355
-5944919.952800394
-5611870.431926843
-6543751.555663414
-5506843.434265359
-6555694.124337614
-5527770.889796823
-5481733.803791061
-5324803.95455816
-15370032.429259956
-5791016.2764865495
-5660850.527259265
-6276977.522264274
-5734825.756099541
-15390256.050951483
-5344077.182086731
-5761143.015411683
-5775791.273115509
-5781089.305255882
-6036730.4743954055
-6440855.618284203
-5930759.240043573
-5665043.180858922
-6177566.762651671
-6381631.978086745
-5518262.571812633
-5980322.5602858635
-15031121.819880992
-5749908.595436983
-13405479.080473468
-5148494.85210314
-6328804.616288998
-6226557.661847489
-6387202.283097502
-5592911.507802721
-14887916.731699456
-6320776.372192836
-6655408.973358986
-6375635.890460274
-5603471.19367008
-6467362.812395258
-15997309.989902839
-6655018.247802374
-6378123.9031523485
-5918307.224645966
-5840190.712787786
-5995342.779126458
-5976925.56393838
-6674597.409034383
-7201067.994966537
-6531283.632267647
-6092723.374180167
-6070209.150507587
-16058348.753495112
-6194832.392895771
-14699112.231458075
-5824573.200906318
-14083861.40502657
-6612433.034295463
-15168603.213263921
-5426453.672463508
-5742657.945180517
-6949826.758745267
-15578504.453189956
-16106198.205371361
-6273607.854488123
-6531777.050025569
-6261701.305082433
-5811102.829768918
-6102250.02658092
-6764746.622723421
-6345346.625286557
-6698982.506906545
-16032884.657890216
-7017993.286083713
-16308649.76502375
-6790722.08145435
-16012014.156754192
-5982794.634298503
-5626590.950290109
-6998326.518119511
-15904750.549536413
-15922750.325512253
-6919557.520228961
-6256763.172542407
-6977355.207479436
-6160955.890144796
-6980588.939001588
-6348386.7862554435
-7063705.525787721
-6922766.638548309
-7129199.297538156
-6842901.395591228
-5982227.1374127185
-6896519.9796108
-16690131.420240505
-7127934.843085205
-6291790.110962664
-6625175.879985162
-6776054.415149838
-15277351.907032553
-7368644.0278481
-7291586.986333538
-15824112.031035699
-7137619.454994417
-6648436.547030408
-6427222.775967989
-7208725.036176179
-14939294.214373266
-6828881.136391249
-6735052.92653509
-7013593.246598891
-7766838.479381394
-6897436.556017973
-7351863.177290344
-6752947.864084357
-7348476.221442162
-7392078.198833745
-7449422.891541894
-15887101.249843955
-6481394.803689883
-6656514.273175197
-6151385.510557432
-7465193.7019915255
-7142930.321617087
-7715521.907243495
-7072219.60805826
-7366322.911090091
-7108995.747026485
-7226584.536739898
-7004697.342757053
-15754711.634975605
-7271886.753266189
-7249577.510285586
-7125035.381343506
-6535510.954035674
-8003936.8919033855
-7805522.564020512
-7566993.818774761
-6978635.452795021
-6772288.831281763
-16930522.285272337
-16397756.423014011
-6840928.309421471
-7432502.095222948
-7094170.355412876
-17502819.20967541
-6719415.905405385
-6977661.043240592
-6881189.336093828
-7036263.061106644
-7481303.741336826
-7488275.544335476
-7356814.061878366
-7002121.069847933
-16718649.056053147
-7822901.714577979
-16694640.439415194
-7034923.483034023
-6753719.430328782
-7056382.381359035
-6770384.58002104
-7336182.093240869
-7788434.160373991
-7513279.4427717505
-17666756.602338642
-7749014.950330644
-7716794.060025998
-7246325.1017728485
-7481383.458728764
-16891059.05930187
-7121544.176782094
-7732434.889023949
-7639634.3284457065
-7462290.307867187
-17358901.48161337
-7675113.596262219
-7421364.318234518
-7694310.71876401
-8304654.52858399
-7489655.649768224
-7647706.635113932
-7506266.218463724
-14970285.848750953
-8013014.2613024805
-7730527.561215417
-7848687.399119683
-8324683.994419885
-7611279.435824224
-8004327.497414194
-7593023.818410553
-7831862.130588211
-16458733.065687705
-7782675.786487691
-7454126.032077186
-7196382.655578309
-8013200.852696692
-7567960.707319848
-7388880.659021736
-7911834.175204547
-7806820.190791388
-8442454.018341944
-7750826.617303221
-17214069.905404177
-8247423.137737821
-16651991.079793604
-8077248.68406044
-8563363.79913916
-8020311.647301593
-7795379.932016529
-17013304.007877566
-7858029.108207148
-16766957.38760882
-8175471.8239160795
-7507043.617048121
-7273691.364747858
-8246828.8969347235
-7497305.274342097
-8264863.353359641
-7713690.740677554
-7843407.811543472
-7771243.715358434
-8344082.904603309
-8040283.27171476
-7200907.192359231
-8737671.676267076
-8107720.91488532
-8041971.063361971
-8181409.835306654
-8404006.473982159
-9279040.826039799
-7939667.583396129
-8528714.756616175
-8996398.266115284
-18100489.701490745
-7946943.275324607
-8658868.273417367
-8917243.845979229
-9591857.452840555
-8491748.126360387
-9540454.869046753
-8096383.29010054
-8075029.691533291
-7831133.325447564
-8260564.735358598
-8643980.4918231
-8530168.733101541
-9213651.262125138
-8688686.381306287
-8957729.305380294
-9428563.302408718
-8467015.50059836
-8854816.512226894
-8268000.407770014
-8490097.960462006
-9434166.093025316
-18302820.470006425
-16317069.095709708
-8614868.147176594
-8790778.09724593
-8206272.616472295
-8519137.95103726
-8708973.592350148
-9401610.013974134
-8431731.008292373
-8875191.39383927
-8284302.507100061
-8722538.508174231
-8689911.478991937
-8529278.578182584
-8498448.492550302
-7863243.122162245
-8906219.108736254
-9696038.81275637
-8327628.9105592035
-8638695.954697782
-8648369.23171567
-8516515.575336125
-7924956.760479325
-8060115.011288396
-9171587.580163848
-8571392.208015015
-8651814.994331049
-8541411.53005778
-8687573.592317618
-9495146.506104033
-8055555.060944988
-8505736.613994393
-8072425.68472687
-8521985.708295267
-8135498.272684219
-8541619.165042896
-8680383.51733897
-8690504.56337427
-8173219.887327058
-9333073.710205587
-9085628.41626031
-8157484.437856688
-8117074.2142311325
-8307321.599054109
-9215096.006530508
-8331472.0919219125
-9014012.965151213
-8711548.638522744
-8858858.702225005
-8512339.26478604
-8389446.32946736
-8219095.05059365
-9499983.103303304
-19196193.113273054
-8935239.322060049
-18265491.800959677
-9270050.861096498
-8924403.080524039
-7928728.818781031
-9309317.247109484
-8414230.16045364
-8745416.12175577
-8293717.58515341
-9220614.511340128
-10012333.199051408
-9612177.50005584
-9072594.440230962
-9222225.763387108
-8961737.876565319
-9802448.242550671
-8846836.174009949
-9741597.490164991
-9108370.296282426
-8186021.566451633
-8749727.999103507
-9374572.261471752
-8548264.613666566
-9119534.862275206
-9271843.750252262
-9419083.234572269
-10691600.048081558
-9773070.770388896
-9126130.473862305
-9473706.319045138
-8728744.109912382
-9639093.997541765
-8850059.368009549
-9188900.589416487
-8444600.35333962
-8734949.195842471
-9311098.433444824
-17277756.527922567
-7910002.899881419
-9016099.031026931
-9264240.124928022
-9420911.770498475
-19716044.739749305
-19145984.460565243
-10264644.74513209
-8976267.513428535
-10187775.215884067
-9536502.76831476
-8971476.1965287
-9126308.522284118
-17636571.719915625
-18852847.23913093
-16059084.148165934
-9021769.401659347
-8349103.851804404
-9420787.80906025
-8994250.069964917
-9203016.663445557
-8480606.286878241
-9560043.49898808
-9469999.6959071
-9037852.761699865
-9582442.217252959
-8559307.968171954
-9495966.23784458
-18720243.093249537
-18436808.75791526
-9426477.90179799
-9835987.997312495
-8856602.069481328
-8765720.909129998
-8879122.890002754
-9982086.889946347
-9553137.995727167
-9521144.433071975
-9679298.04415454
-8298244.989933277
-9206943.241670655
-17275120.227755517
-17827023.441210136
-9531722.486208482
-10040347.38947727
-10406389.347523035
-18312112.64809245
-8861996.793692445
-9322376.77809498
-9481204.175048146
-9842891.534777213
-9505209.941680863
-10934910.955216171
-9696765.234926494
-9002329.878228309
-8652388.23583096
-8862534.275468413
-9738667.47060433
-8986379.407720307
-9813178.584152786
-9011842.310300665
-9015864.639036449
-9584115.593927432
-9807139.99276427
-9304591.891355498
-9424511.522500556
-9793778.172654936
-9647977.624383291
-9710087.163696008
-9102418.694018444
-9057968.094775282
-9482581.911232667
-9543135.502092753
-8728214.745880092
-9974649.500625143
-10288371.499981366
-10196997.34947369
-10513494.210060198
-9967847.346515171
-10138114.05097409
-10194469.045650342
-16452389.722057097
-9529419.868286181
-10470650.104730137
-9700025.825064374
-11063585.238173474
-9561924.697827758
-10412106.7294036
-9322858.20035756
-9591000.80066998
-9657818.875116369
-10817325.092343353
-9357461.767620834
-9677597.909820328
-9626106.76502584
-10326429.831568388
-9709748.973931447
-16497017.045695398
-10682577.028455045
-10325259.086719202
-10237775.309413688
-9669084.008444138
-10152286.275741141
-10322103.71618388
-10443363.539961627
-9817842.675041944
-10257430.671991225
-10165138.419514367
-18352833.69464694
-10015516.334615156
-9599545.50087442
-11006558.825966423
-9404636.40678842
-17908896.719003715
-10447600.398393823
-10137990.578229267
-10364911.163967429
-9554903.032371234
-10873085.974051183
-10397408.984947974
-11716437.007844623
-10049162.278560381
-10660325.703962542
-10346592.80562445
-10414966.362404587
-8897693.62164077
-9950531.905485937
-10616926.641112681
-10075159.524079602
-9752593.51461433
-9699179.712631533
-10922479.101838358
-9119578.306419408
-10340637.168522969
-10955120.317148084
-10088642.018995402
-9776133.32034099
-10728032.357645513
-10628500.219381392
-9473462.942974983
-9646803.013549265
-19598336.67725462
-18323003.12140891
-10281905.383134095
-10909666.469114874
-11547692.08491398
-11114799.279544715
-10013925.806321492
-9685820.016070567
-11093745.808817653
-10421187.415815081
-10550710.589963587
-11572320.725888196
-9830836.207460599
-11416311.078074057
-11030209.98699195
-10644234.23726332
-10371768.476758778
-11058572.036958555
-9880494.01041678
-11355694.713108962
-11423281.592136303
-11775045.122302096
-11461587.092216432
-10167294.35934115
-11259731.201302899
-10357973.596455505
-11401379.528014475
-11988342.550486706
-10219860.331322132
-11142896.878483614
-11441216.293270595
-11285141.408164358
-11071916.08343667
-11486046.969415003
-11494638.080504505
-10939362.234242883
-10785943.537097214
-10853297.08792201
-10916812.188002678
-10820090.993738731
-10894864.845666673
-11841750.858573666
-11566467.93011555
-11926491.322326967
-11014876.877945045
-10963259.048518334
-12953943.062140128
-11624704.054668345
-10766121.546277238
-11645167.412215857
-11483775.952376464
-10906914.899429372
-10559440.933450282
-10799799.580336545
-10871742.431947755
-11289366.18969204
-11417653.044576492
-11243978.401507301
-10848744.375690736
-12161663.31033758
-10575479.420292376
-12719864.730551008
-11074892.323046071
-11322445.226328699
-11512657.768471103
-11105847.561932806
-10995970.92274948
-10408654.237129524
-10532963.114874443
-11736188.462584954
-20911090.613192707
-11279857.212958802
-11527884.7434621
-11714926.255304987
-11192058.600351088
-10668387.36496369
-11816562.006646413
-12372611.518857252
-12033308.35116358
-10845563.352987735
-11515368.440229598
-11219257.620790066
-11654491.251420783
-10816082.455472732
-11735203.170500465
-11568061.50856764
-11701191.998027138
-12737639.077926941
-12506410.531377578
-11782571.018188603
-11975501.019727785
-10953526.568481177
-10834180.165430443
-12858329.195688704
-11591062.380124358
-10742460.59056918
-11360750.207911158
-10701106.518585986
-11446488.971789742
-12004746.999059137
-10726345.45981663
-11284741.347225435
-11670200.068656106
-11189961.874067342
-11071145.685627641
-11082724.310700234
-11894736.561800608
-10968503.022040954
-10927761.87307311
-10078270.399023717
-11016244.359613376
-11703473.888765486
-10541171.844291266
-9929359.468939625
-11677940.647585705
-11192422.30536609
-11821144.046349822
-10397023.570520228
-11214169.41760815
-12156304.431228243
-11415293.903336732
-11232892.131440187
-11936048.05378709
-10764623.132547919
-11462078.583070582
-10974180.22959288
-10602079.058771735
-11111414.272974601
-11306799.669879409
-10755396.14163415
-11463663.174491195
-11352792.251378082
-10353612.077842474
-10357236.26298465
-12455530.190053746
-13030280.426596109
-11207811.624176336
-11211791.365801062
-11603462.863423593
-10785791.684728045
-10986901.760257894
-10870211.231036637
-12267591.450356849
-12089258.370611446
-10950450.47252581
-11656764.920057394
-11223369.620087314
-11292217.48140488
-10408457.990997076
-10730922.20898933
-11064440.331755891
-11392069.916487724
-11271581.13422302
-11278949.382026581
-11349367.594574096
-11227248.806808306
-10532795.533933526
-12075676.879235901
-11957093.233916074
-10495308.75239848
-11027646.629582345
-11882672.7738692
-11635123.884182608
-11257124.980214009
-11336207.480086526
-10885944.399946868
-11602456.708415203
-11223021.803274928
-12476884.125266822
-12163361.90913677
-11790372.123701593
-11340820.498926457
-12591758.152096987
-12207568.977142803
-10910316.046604969
-10393112.04220804
-10722742.350987907
-10993253.488453308
-11652737.518663885
-12248337.257222956
-11012338.450338557
-11475760.458220663
-10893769.463998912
-11492226.126059283
-11951337.703159649
-11638708.754237697
-10656390.469231037
-12569521.758499268
-12785917.429902202
-11811010.5097191
-11492132.300664693
-10707667.074559854
-10982369.38379736
-11254343.6858388
-12127206.197643144
-12070833.974766137
-11880564.887600299
-12024774.324543027
-11105674.55033896
-11715768.64699705
-11389930.572767988
-11997762.754333835
-11467103.996537466
-11418896.830676265
-11824936.106583862
-11437173.207976429
-12585306.091621341
-12594980.938859837
-11588349.520571552
-11066667.679870233
-11006625.345693244
-12699355.607959926
-11294134.120532973
-12310419.709667526
-11438625.284252232
-12459276.932218848
-11588924.246508393
-12205745.136603601
-12621688.679101802
-12166115.15949285
-11704490.159734596
-12251475.197221847
-10980624.711913902
-11803246.24207373
-11880256.255760178
-11070071.551844543
-12100443.799376953
-11497549.885109963
-12333563.42262509
-10706441.103833003
-13442564.34688546
-11816467.307448817
-11415932.525779238
-11022921.813526964
-12334262.8275178
-11105375.634566454
-11588262.583189953
-10907708.15630797
-12978640.152411912
-11472029.375310658
-12236503.603545997
-10798659.631250972
-11014197.890911944
-11500406.878228527
-11168877.650135139
-11321755.765562188
-11541235.631202733
-11481979.604098024
-12113985.192040252
-11710475.007351987
-10535377.962752417
-11995798.261545455
-11306102.513831599
-11804093.30465617
-10905896.404684404
-11955565.179341724
-11616069.16338557
-11620907.242802136
-12181269.565051138
-11629241.860401336
-11426592.393076638
-11717867.391527455
-11726920.815228103
-12224499.950794533
-11601087.162089324
-12097235.8466646
-11821500.166203445
-11690886.725480407
-11568050.87601432
-10521847.687593188
-11788869.364328606
-12076179.332277369
-11244685.777277753
-11603503.794916263
-11187967.107384887
-12960493.244935773
-11768498.562563254
-11917443.9342057
-12139537.618736578
-11934893.718311746
-10948203.998298362
-11525317.351666579
-11741006.440700337
-11755539.765640214
-13099402.014404949
-12618056.920000512
-11633230.767833916
-11428452.507421942
-11297250.64318706
-12229452.176823676
-12518616.40797425
-19965593.187543437
-11831589.290430194
-11696454.695692798
-11486390.262555128
-12199556.367884316
-10783054.206164023
-11431403.485510204
-11438700.446597468
-11087303.231376112
-11591186.278520025
-11738726.631950017
-11971540.124139182
-12123764.370852396
-11133660.571474778
-11136553.519744005
-11429830.76949387
-11582028.731322302
-20224525.693003476
-12461608.772838851
-10809073.984877558
-11969588.846175276
-11402111.377862372
-11330041.15984644
-11560427.251308104
-11853226.555074932
-12160343.177899228
-12101091.262148092
-12182356.331607154
-12113178.68747236
-11618834.176956907
-11840441.633512545
-11483213.482450295
-10978955.513186822
-11853058.090527399
-11792793.883033024
-12383718.651263064
-11509600.241714172
-11307795.052919641
-11677507.77458788
-13215869.972704228
-10883809.34156933
-11836822.625119526
-12649876.877035914
-11408641.499914447
-12082192.457154274
-11286678.087568002
-11732551.855446963
-11298692.338001437
-12185225.622057445
-12117069.635887215
-11759361.287311565
-11698807.930876995
-11857897.426855076
-12016695.775862023
-11286327.513958666
-11961873.388106873
-18573193.515487738
-12202697.36840895
-11837975.731715733
-20660992.148711316
-11183442.319235874
-18223680.758616887
-11414815.969837109
-12388800.536889883
-11951135.203377571
-12330060.342789004
-12041674.40789697
-12790838.40855046
-12426002.999487484
-11391947.872769305
-11475453.239988748
-12748340.089492688
-11338709.597139027
-11649587.747357978
-12105678.65107962
-18523537.447565325
-20922069.427464392
-11901012.334951557
-10781460.85704785
-11535486.58310944
-12594362.63052528
-11780424.215753838
-17731410.936253753
-12012632.772480207
-11721202.94391221
-12856815.918312319
-12862132.28435609
-12724715.909861589
-13036559.244668432
-11086815.406805698
-19734686.541100692
-11631041.332547443
-12390358.707403598
-11265503.061887758
-13617004.037574444
-11882675.327346172
-19163684.58821564
-11668229.259839926
-12581247.287368564
-11682800.869327597
-12375122.459384196
-11621810.485326035
-12311589.235825585
-21105627.006229065
-12409352.118815282
-22111513.04817122
-12578097.07049107
-20682502.954619646
-12218757.729733586
-11537637.534790928
-12462825.606892332
-11557153.836466387
-12560960.242872816
-12805340.562762557
-12668040.232437143
-10987074.396215525
-12297868.172815442
-12147335.746937795
-21235965.651426427
-12703841.46346121
-13325969.109414706
-12027533.270418463
-11732244.36500655
-12204509.769539136
-12442649.717102041
-13067905.443052754
-11838302.978425719
-12849263.724620294
-21314282.1371105
-12489582.829356302
-13128974.313367983
-12280650.443350242
-12370019.301756648
-13390656.563008254
-21293584.499448385
-12617662.178872887
-12702513.782060038
-12399705.603172187
-19129712.965766244
-22568779.280593365
-13355009.71914471
-13286947.90924656
-21968048.92059014
-12521800.636287969
-13075207.014936147
-21130091.445036173
-17684685.821561206
-13260495.279239373
-13346635.602947688
-12408605.937276898
-11868784.279860828
-13291853.346607445
-12434513.50946063
-12209788.962729672
-12770343.33645708
-12702865.817392115
-13182881.207288984
-13513755.835223759
-12415289.715533925
-12980732.054395633
-12990396.537557773
-22361658.92007276
-13085104.804834919
-13174387.21498631
-12386214.515467014
-11907867.681137946
-12078941.931329554
-13595955.303459032
-12889877.588775875
-13139659.728120025
-12746555.121796252
-13150117.190175511
-12922354.163699836
-12609676.695092017
-13889498.187567264
-22299217.231970914
-12470318.964496298
-13437006.248686897
-12405443.084950853
-12251780.673575688
-12977304.21883004
-14589609.154931199
-13324937.503479304
-13013667.663341554
-12618248.365815116
-13188131.387491267
-12552332.274619615
-12803297.721205978
-12567812.29326982
-11849508.545866912
-12663229.821076553
-14449911.553725297
-12194030.406866794
-13412551.300518157
-12452441.030744258
-13103241.16133468
-12787064.150092138
-12227905.813777342
-13448515.506672394
-12806674.773612868
-13215332.009576282
-21519536.649123445
-12583091.308472406
-12263997.257528061
-12187260.33506085
-13164807.16061577
-12190479.682453126
-12766559.199233327
-11635156.933825126
-12452075.865705816
-12541388.08143326
-13446495.91855758
-12720483.572951978
-13132537.695046334
-21836795.22025449
-12416578.51796895
-12828357.662167044
-12022466.59875175
-21622897.872413523
-12610621.774351181
-19829565.46442862
-12782877.61778382
-13194572.730976416
-20659350.38988488
-12304104.004601767
-13870984.027694104
-13140427.144871881
-13394135.12167316
-22664360.65223617
-12830808.362859715
-12754471.465137295
-12429618.349422377
-13340540.409452548
-13019930.50084555
-14015074.572766762
-13441998.880648885
-13779174.636258833
-13459288.03080504
-12391536.523456184
-12068861.636127595
-21744206.07819552
-13987618.34161741
-13002258.499914872
-19029357.313788306
-21691126.841787636
-22279881.845985383
-12614944.859512394
-12702378.469855504
-21964051.888069037
-13136241.235399894
-12980904.858728955
-12739190.994643442
-14580186.70088932
-13586561.45047191
-12675625.926399728
-21010701.808100726
-13602114.150520995
-18933470.670516733
-14115695.56429869
-13446457.07410718
-13624320.51533839
-12301327.00036847
-13564965.045483677
-13824279.504265329
-13327049.79834895
-13758219.911107799
-12928820.878492923
-14114499.019846167
-12776235.300455352
-13624725.410431594
-13972695.732278952
-12797869.014441665
-21962408.017703235
-13400675.386628186
-13321006.008740066
-13322824.459124722
-13749027.137266632
-12828711.29909247
-13595966.329510717
-22503945.907696962
-13273042.559195174
-21251272.96590186
-12523172.761397673
-12952800.526694408
-13458915.463946223
-13306681.28398585
-13145069.105640171
-12813665.548250072
-12988680.207079642
-13674345.68141616
-13857431.316407012
-13865656.11055966
-12767167.558630534
-13710271.148063852
-13460326.361163937
-14486139.780164396
-14234870.53993999
-12618288.55540095
-13301233.490346646
-12634153.332425104
-13238403.579232685
-12990281.857959915
-12823947.490878465
-13260660.959196625
-13695364.499329656
-12758833.58139873
-20880658.521518603
-13708820.351501822
-21999345.571191933
-12345995.800722187
-22441607.955918737
-13733575.98625744
-13053454.838836074
-12889682.230508886
-13239211.037082542
-12638804.479793854
-13075874.035568742
-12399226.326660497
-12404009.05418541
-21028968.466568496
-12668592.513147838
-12761170.579085404
-13019699.34855017
-13723117.330853716
-12691052.715723515
-13298956.961704215
-13133043.774890963
-13398346.467217864
-12888878.42115442
-13588029.731466757
-12902168.917640515
-13169578.921806473
-13433342.622186556
-14655206.119894546
-12842021.555892812
-13022887.917720236
-12768410.522349037
-13297825.60033289
-13823331.247034283
-13478888.33522823
-12786892.161833111
-14354165.172354938
-13836895.953137519
-13058144.210438646
-13155732.108126841
-13512998.200494578
-14655250.55176626
-12479592.276840722
-14145222.875546351
-13187866.700087996
-13369082.993351595
-13201222.90932169
-13824177.298871687
-12692598.6226383
-14011090.1967997
-12713360.496623045
-13419701.662922593
-13334729.453372335
-14303910.197578952
-23345716.7261526
-13433441.679547796
-12477359.860543424
-13272957.684183793
-13191882.720621224
-13723866.785190927
-13289545.048151871
-13653117.085007174
-13305490.636416838
-14014954.997979784
-21992549.051330183
-12785352.035458773
-13853288.54791321
-13155316.842657113
-13872135.338392297
-13790156.436810989
-13615309.351987436
-13274919.377934027
-13018858.43491362
-13558361.4453033
-13561247.933794737
-13749821.847972974
-14021785.48700518
-15183262.104976699
-13417082.625876248
-13338459.700677248
-13523161.219780184
-13619633.445304219
-13719836.9353242
-14707375.015609369
-14089959.494650735
-13826226.512215707
-14103539.01269726
-14021591.07564147
-14208269.66023165
-13589467.552635375
-14665148.686665153
-13148359.369109508
-14766523.923896493
-14325371.131054638
-13259861.715347001
-12728741.934553813
-13003015.778916536
-13906400.38689216
-13820445.453536702
-12838787.69276338
-12929629.950349003
-13577437.516299209
-13854606.743342731
-14312919.057858
-14858850.164456561
-14148470.995184993
-14873278.609952707
-14429219.598638225
-14434452.040048193
-14987155.60280718
-14273445.52279984
-14462329.277947476
-15103106.126809346
-14836175.18237163
-14571435.68652878
-14037122.80307014
-15037256.991957946
-15407586.434947988
-14779857.32812112
-14518380.141347736
-13889582.599191252
-13984275.615162829
-15072312.174900973
-14717055.074269451
-14815602.74434602
-13459669.846423022
-15108730.70475525
-14296440.228593148
-12938256.753305126
-14854876.438075447
-13952482.37509577
-15333338.761532597
-14245316.263360495
-13974618.052903283
-14254542.22369177
-14716741.518510005
-14449706.881977893
-13813554.141338093
-14555090.773964532
-14197695.354030022
-13830504.04471432
-13838730.05046426
-14206720.670487024
-14489806.607659962
-14041859.134454472
-13682109.431206897
-13324887.055331873
-13423671.590611609
-13520053.536911588
-14264374.439603137
-14452470.733788569
-14641440.020556336
-14006356.16301317
-15116336.096151829
-15134752.301780673
-14040315.376803434
-14230126.308171317
-14146034.261321696
-14343562.063810814
-14535336.24967665
-14912722.73474229
-14542004.640675282
-13443072.26983993
-14002345.520140229
-13727758.449350547
-14109864.557818342
-14398433.314263644
-14313433.649034346
-16086044.020089848
-13393788.025388546
-13865648.285934215
-12939887.179913513
-14529501.204108248
-14259187.724574083
-14544352.685632043
-14360961.199828502
-14553688.101390509
-15582549.744938217
-16242361.453598706
-14097634.40972605
-15503306.256583966
-15036512.177207293
-14582557.03171824
-14121900.839307064
-14506303.298603626
-14419337.541147145
-13488460.303306958
-14152540.554331029
-13694166.851395547
-14168058.697837409
-13698061.256222745
-14837408.792247277
-14660514.173276281
-14575783.682956878
-15243287.152122192
-13743795.162930727
-13280753.314594405
-14045735.498962184
-15182330.836131353
-14153639.204752035
-13974777.325762244
-14175219.23508523
-13520480.933367675
-13808969.945786458
-13910148.946054904
-13729389.205495013
-14586448.334849901
-15066327.930230506
-13465301.059641836
-15179295.075726062
-13570373.111728957
-23104389.153637547
-14249036.290118622
-13874310.419566546
-14260273.000191923
-13503912.342533583
-14842547.60931584
-14089816.597110953
-13810737.920222076
-14009716.29234715
-14684397.901841015
-14687400.94457483
-14217549.818499332
-14887909.69166216
-14994610.234386668
-13669133.305565502
-15490597.703297725
-14061929.81083818
-14449299.84643472
-14742630.344201664
-14079276.91375275
-15520443.027938098
-16008483.845845245
-13713644.884673484
-14581796.592112167
-14010185.71790401
-14684682.722993512
-15172130.183016168
-14317883.997334283
-15482597.976370722
-13572653.188350659
-14543966.2381741
-15038561.800784389
-14372430.502269967
-14094390.114622021
-14203768.46613425
-14110458.261707602
-15274252.83115983
-15667338.311068784
-15197420.752381703
-16171333.765561473
-15117032.160029264
-14540043.64106321
-15132054.49620945
-15529630.175115975
-14271874.668799194
-15834525.73864427
-16330991.557198273
-15371137.061315302
-14988907.148283198
-15868611.810805015
-15874537.462515954
-15100899.691633914
-15008500.930570917
-16276584.592431625
-14238822.235055696
-14730840.970556881
-15229766.442811936
-13965751.353809096
-14949232.42636145
-15349739.810755558
-14085942.189181939
-14874053.90442407
-17126569.618637722
-14876534.998740425
-15171997.884642385
-15272267.961029703
-16254648.672741977
-15488341.468471901
-17552903.96538536
-16780636.363880984
-15220333.911676915
-16506206.580684764
-14942770.002158627
-15930231.65667035
-14950737.731166916
-14859592.087322684
-15062851.149354838
-15946704.29122119
-15567278.855139185
-15677281.92707228
-14799333.601284852
-15499571.330319049
-16204125.02798418
-15522763.281545665
-16021473.72773246
-16123690.993304778
-16426018.537539463
-15443296.987609599
-15350857.486816779
-15456023.056739677
-15763091.14650243
-15576155.66690617
-16077364.132081995
-16879688.272973184
-16093740.322742164
-16199220.417502942
-16502049.500002908
-16310622.262496129
-15826573.873344343
-17730286.466753196
-16149435.494568102
-14663185.081806302
-15174891.731625604
-16578870.386021307
-15690704.403204411
-14601501.685347741
-15202803.621927463
-15315290.662444938
-17732039.382346064
-14636163.768854728
-16651569.98499073
-15856428.523059042
-15664700.214630218
-16877794.482715048
-16779686.149199344
-16186041.65956223
-15793300.652087446
-14593108.923961412
-15101108.816476716
-15509541.29154841
-15216526.192068495
-16533891.826168364
-16848584.518937264
-16651625.302034792
-15546462.819710547
-16362507.502761457
-14956863.145528663
-15371946.40847496
-15782382.63298946
-17509824.3305669
-16906869.55026105
-15091421.620729208
-15395982.638096662
-16418392.052048894
-15817452.215886878
-15623667.17735152
-14617283.719106693
-15742701.073283471
-15652832.446359992
-16068710.568122568
-15058358.013413414
-16289351.692192256
-16295773.387552015
-17017914.283520848
-16311212.393195463
-16417452.407482285
-14999773.540370943
-15824717.026181137
-16034724.862965705
-16552683.637263887
-16256805.059682567
-15950292.77047321
-15756669.742815714
-15150732.977583775
-16485436.803224763
-15469590.285781097
-15167033.432349911
-15272631.92114972
-15893803.020069094
-15385957.410461525
-16325207.00306283
-17157915.753428012
-15721765.14044058
-16555977.448034551
-16763614.742146214
-15849540.806107901
-15447421.54664636
-15659435.125596533
-15662682.771182643
-15466621.697774176
-14855152.459986698
-16203642.049357997
-14972978.262128565
-15079981.427323874
-15294470.058379866
-15714799.86093356
-15209285.840672564
-16349364.177193284
-16151859.826167047
-15744449.068497112
-16172550.23367511
-24625197.92161616
-15771787.500812184
-15262975.911475938
-15990063.95612552
-13923309.64051851
-16633303.680028658
-14978811.635728288
-15197180.203551741
-16247021.320596224
-16047580.489318913
-15427387.677742219
-16476240.474553576
-24708099.386458457
-16177572.062107472
-16707108.165871235
-16613443.32873325
-15366243.126671713
-16098860.16464097
-15483031.639842704
-15592274.372178849
-15808347.239524763
-15394658.348795835
-15508166.930347046
-16774574.602778222
-16465150.247150302
-15106907.300986826
-15425427.920106705
-15953498.04400117
-16073949.505764095
-15346318.314375235
-16404957.762654077
-15990997.140875101
-17478663.18435621
-16854093.25919527
-15592029.732119547
-16549021.829764418
-15286796.779100502
-15499547.123750575
-16988489.372228883
-17206568.188965157
-16154357.174709009
-16055808.16326303
-14800208.065105505
-15650884.41010765
-15448510.768400382
-17679217.628335923
-15672954.24846709
-14407073.75070837
-15684995.999529252
-16006895.444778688
-17179814.306687392
-16128479.681896232
-15604379.685900094
-15827275.817256875
-16254837.595229512
-16805723.842366345
-15641384.819113554
-16497121.742158432
-15648516.674384609
-14804202.890637165
-15987952.725487176
-14926647.585489387
-14820905.294530723
-15250319.36451635
-15577912.779945804
-15905058.670775646
-15698214.259052366
-16025108.723754682
-15389455.103798557
-16034289.030274672
-15507927.782339944
-15296912.308607671
-17127410.556265756
-14889435.119383175
-16932167.63320276
-15864536.529178968
-15974343.06540702
-14692347.10789426
-15770142.130288027
-16848165.16887211
-16103533.602308225
-15034062.73458784
-17509198.032193787
-14934850.509317249
-16874030.234536845
-14190125.593446892
-16024104.351307645
-15813645.586390967
-15273938.420381797
-16360863.067706091
-16147345.820277464
-15081901.653109321
-16382178.682984462
-16056599.03960548
-15960740.050679313
-17799571.884173624
-16616487.77732681
-16194052.132040303
-15119648.951235445
-16416440.659959273
-14803336.753594682
-16648574.60166807
-16436316.870239465
-15682119.859221084
-15579339.687715376
-16993207.589121327
-17313638.403718602
-15703792.427249242
-14842690.265194617
-15597905.307581821
-16473891.60861333
-15396364.446630122
-15938161.370924298
-14322629.303892583
-16715988.949365135
-15315049.853455614
-16629551.899419455
-15552246.750522867
-17082221.690375526
-16218293.834405366
-15460545.343644913
-15686574.665284183
-15690978.141115
-14933004.11314971
-15370998.8185064
-16136968.864252271
-15599018.018423285
-15499521.04158825
-15611168.512521861
-15290853.6288506
-16606927.406719605
-15416261.473471949
-15425455.224923827
-16853569.837904073
-15877463.556152472
-15006266.167356221
-15784717.073494526
-14912813.068313476
-15467058.983800443
-17009890.70292702
-15587418.052378936
-15044956.940842276
-15376559.263781771
-15490852.241157763
-15500322.547632921
-15949410.118293859
-15733355.294450147
-14637656.504571216
-15086080.689179916
-14979990.04729188
-15869106.44953198
-16538504.98696781
-15002522.29068878
-16113311.832842803
-15458124.98085836
-14800532.240379862
-15469440.687580539
-15700298.405873163
-15483825.802266201
-16046076.003775146
-16935658.091456704
-15390620.82297943
-15396384.870180318
-14957262.1331263
-15406436.662702207
-15857168.784383835
-15088679.983303122
-15540174.389055593
-15766954.217223769
-15997862.216601197
-15227228.77325178
-14679905.1090969
-16244402.340753201
-17137608.97017767
-15472683.955011336
-15253864.950581927
-15594251.391244687
-14926367.348303609
-15938795.014554529
-15052193.185609998
-14830097.884259699
-15616468.777231082
-16288983.353261553
-15627636.788150847
-14740244.645425666
-22399706.850462858
-14972633.461782813
-15201777.4249277
-15655070.66284069
-16327638.749517247
-17338886.33883351
-14771207.754521757
-14887322.130189309
-16349454.876967624
-16358005.317810312
-15237133.173677387
-16587352.211336125
-15248492.026505373
-15369758.763026712
-15709499.115534201
-15267281.832761504
-20892423.87514566
-15168489.08057353
-15850071.55910276
-26305457.25058251
-15636118.194873864
-16202060.262944868
-23395441.54745338
-16215475.141045285
-15320429.812429491
-16113399.13510787
-15556761.62692764
-15673165.19760878
-15904817.550647184
-14669241.986001607
-22191018.03599939
-15468518.921309525
-22875796.98596251
-15819211.969264776
-23224647.934933744
-24362305.648183223
-16288800.917308718
-23917427.741976697
-16298509.328702534
-15283144.586497312
-14493495.117654236
-15743637.174185637
-14952677.61205055
-16205763.14685296
-17235211.776811205
-15652405.192525042
-15768098.454128461
-14751221.90743918
-15323348.09849756
-15441223.676369304
-25103698.543416098
-14770007.134113243
-15457621.857628822
-16257303.27661381
-16376376.710301895
-15697630.594858678
-15359766.762916887
-25021044.67682887
-22182803.109777287
-15946875.193025002
-16297806.967453161
-15049304.360232055
-15510084.437065082
-15631055.144922715
-16664194.579421598
-21417434.99471447
-15648106.119941428
-15424727.193209909
-15772410.028115308
-15775593.773075214
-15779768.255450292
-15899082.49251848
-17279461.803126685
-15793772.43820439
-16255959.223235786
-23054208.88358691
-15233914.190913258
-15697422.28799012
-15704713.250382233
-16169952.73342116
-16859302.050558668
-15950835.613648772
-16071108.618437449
-16651054.941182457
-15049271.18446591
-15629638.454356896
-14944721.595587892
-15634716.7694482
-16324893.302309822
-16218328.88980668
-15761868.48872204
-16112233.88630142
-15310721.67422041
-15890690.242723478
-16703915.70700436
-16362541.053984955
-15789153.874832954
-15678677.116748739
-22799153.086041667
-16031352.175475258
-15117805.36612297
-16277079.69961322
-16400655.243421145
-25593419.31094806
-24329930.59392552
-16069634.909219153
-16078801.72236168
-15739156.264014358
-25399709.577980235
-15518053.144484242
-16223115.511648443
-16114129.656821014
-15424719.236358978
-16471614.10563931
-15900055.618411776
-16952403.666837014
-16027718.944069248
-16380759.707215855
-15683002.984964348
-16968641.701822214
-364937.77904590924
-18141237.449860204
-16400326.32136893
-15474799.805302888
-15362496.503580838
-15250395.828756854
-15371673.049298398
-16892868.22129033
-16548404.449209765
-25853704.922969196
-15274260.938326482
-17021596.851624683
-22952524.50607332
-22373393.26946778
-23662432.362762466
-16469598.125485344
-15660368.228198897
-16600549.155320229
-16723073.606074303
-16259087.103350239
-15445771.510766733
-16506438.268708946
-22294998.600809216
-15574394.640929116
-17103002.52009342
-16407510.376471765
-16999119.391259283
-16419026.339122593
-16189250.333994051
-16076365.643731648
-16080940.862538034
-22326266.79981593
-25617385.11958872
-16445332.570239335
-15627753.447704341
-16100448.779451258
-17631577.956935927
-15050156.103378085
-16346962.945308754
-16237538.86725103
-23888289.936624188
-16598989.767042933
-16722248.68939718
-15903151.661736274
-17084572.18422508
-16383372.918753281
-17337037.530215964
-16872868.557030726
-16526742.090748874
-17003510.015044708
-16183516.310976619
-16657322.054041743
-15719469.754461627
-16549460.144000951
-22535970.258656744
-16917569.602739077
-16688501.461220548
-15512145.54334865
-17296071.369156804
-17537728.35796427
-16475955.517563937
-16483356.885437166
-15776821.562901132
-16489267.856768671
-15668808.107956579
-16381313.938360522
-16513097.612647267
-16873868.042740315
-16647590.925115814
-15463022.640746482
-15825115.724057259
-15472903.614129415
-16663599.932086505
-15956896.620742762
-16079743.894424016
-15487935.751293775
-15849313.872960871
-16213209.756348955
-17053975.372558944
-16103692.155935299
-16345911.131270196
-17186664.466270346
-16477673.256070154
-16364890.043303229
-16488364.145592425
-15895207.724756425
-22910437.59914264
-16141168.075337993
-24591665.211684562
-17463703.773082122
-16388866.759947864
-17111226.391539253
-16754749.657909181
-16163198.600819848
-17005815.944919825
-16536163.647252856
-16061860.199671915
-17383676.454729516
-16792325.018183514
-17039529.908936013
-17405866.25869971
-16334480.0003948
-16458316.450221745
-16944692.310864203
-26469341.509513862
-25511030.456755657
-16960093.420861907
-15763833.515886895
-16850094.510229006
-16494550.960808642
-16135668.567757055
-24333932.301763095
-15783264.238963591
-16385369.278049465
-25428517.52903309
-24467356.665504776
-24474235.242879026
-15685287.88707792
-27018624.681918066
-16056644.944956789
-22677944.285198934
-24012951.817961656
-23050274.0173536
-15955932.550800776
-25356712.496398814
-15725323.44814053
-20285256.753074467
-15856030.133312717
-15980807.434408065
-17676490.0499418
-24048925.70517424
-25264363.01334758
-21028163.1504893
-15759704.254324822
-18728442.712872438
-24797173.289692506
-16621737.459434818
-21647954.988114998
-26021275.632369272
-16150773.49886014
-24091565.185471095
-17132115.86305012
-16168122.345112337
-19969514.995949447
-23379107.548804272
-17520571.437809292
-26793810.517399453
-21442772.964164395
-18025874.65125961
-16691460.879140014
-18283274.82370753
-23045044.59302719
-16949314.343834512
-23417786.858833715
-26350889.837107923
-17334783.08841215
-22456875.1065
-23192053.656433973
-16486958.704213234
-21730493.144905835
-22469460.97830385
-18215966.574701935
-16391655.142780973
-20399416.005854234
-24197815.41509743
-16160046.943597717
-17025682.570010822
-15807248.529458364
-17156452.678876624
-24219233.928515784
-18147801.234632786
-16679014.245416213
-16932435.549130213
-17059159.074172676
-17675494.149566468
-25718783.94801835
-25356820.26426939
-20815135.234416842
-25120680.673248947
-17583494.355669405
-25622806.726654463
-16488728.725362945
-16739776.63250884
-20710121.44316073
-25644244.17302814
-22815111.431822035
-17134636.507493354
-16770425.758233055
-17144378.449755244
-23325056.64999122
-24193857.557590358
-16171733.494706206
-21978395.28911198
-25312108.239767335
-26183955.64814101
-17790060.2943806
-16314835.708492612
-16564274.94549431
-24465193.379332427
-16693872.357083434
-22987797.264783293
-22248683.478418577
-17079180.444832504
-17457057.29181387
-24616322.867325284
-16481328.316010388
-16981517.96193099
-18223552.946317136
-25631214.85952711
-16752525.23901447
-16138171.560053473
-17133889.265270945
-18256121.40301566
-15533298.01270923
-17397857.092089012
-25788652.95028355
-16657588.551005675
-16790497.451763634
-24679161.282455944
-17045489.415409632
-16177297.901316755
-25807194.70648767
-17429647.973004088
-17810408.17832508
-18315956.68864608
-26203245.94650703
-20845366.10262289
-16709537.001705479
-18336393.340453383
-24476978.005537897
-26479639.31572842
-16607974.61053292
-26361918.002499077
-26241867.920325916
