663635.2444303303
1938460.3526371447
926333.080333474
-107016.92132305566
-43098.05837469694
1351210.2400363984
126771.0241161923
669105.5786650345
960732.4682636897
1047092.3055451713
415270.5958759741
118430.12217391342
608331.7870740707
677406.7207220652
-69179.48850964263
-278241.0078111018
297302.8586042024
1386213.5499141861
-511094.75108412735
2315514.825488305
-204600.8412224263
-25138.27428980639
2201930.6464170897
814659.3855704166
-18573.842586392464
-372984.1170155432
-382672.31700122025
-178387.18825286254
-766783.0562171178
-89353.40163105821
-708640.4066832688
-292617.46170005406
-785539.8563809381
-117100.50206157443
-309453.6114158048
1799416.8124833817
-698185.2610409833
-506039.47163531283
-690678.4296130717
-880695.5792463466
64697.66618362322
-816854.8994951979
-397162.1882936407
-844966.5721729641
-47696.242867322566
1324033.4767140807
528682.1539290615
-1197903.7176149993
-683177.7095656784
-672923.3462439711
-410990.9764710496
-910055.7123394858
-995416.0245714071
111216.54305950434
-387735.7650302111
-1040175.732838304
-817378.985263877
-1236523.66364516
4414017.9704696005
73901.8738255724
-825826.9777141975
-711982.5436639383
60721.65011649225
-1290416.33613102
-635949.3639508189
289706.24394288263
-682029.670235196
1062214.4121411939
-1608381.496231799
-1116063.0745462356
-1778235.6014876158
-1466334.5648738316
-85417.93209936615
-454135.8814559394
324173.51239432214
-1346345.8627667562
-579873.1090238426
-1395501.249869169
-819579.6587340434
-1887276.7353559372
-1824508.5590511544
1004437.8363196763
-1610787.376858232
-1025708.0752185835
-1986898.989187373
-2007248.7934873623
1363987.9498726581
-2156283.3540048855
-1803477.8385168468
-796362.0617662829
-1798383.337047385
-1655800.4771091207
-784119.222754855
-1913728.570403356
-2053912.9000112328
-1738815.8308576844
-2371281.7376575707
-2495967.789568241
-768837.1779693242
-15943.168258594404
1225753.0102070505
-2410665.0427665594
-1524863.3699286699
-2606774.6878116634
-2029287.2709809502
-119255.41481825533
-1565775.7696025963
-2130285.8378565502
-1591013.4826910263
-1976258.946084168
-1255531.6611581699
-2929420.671874042
-1780783.8642211459
-2824153.0111847147
-2508483.2489954266
-3092762.278905906
-51996.71282387729
-1453932.2914057386
-2225109.8104412574
-2092765.7069941023
-1862868.105098773
-224162.7806375491
-1849793.9826300258
-1732521.3392477857
-2794339.316954798
-2594127.4333080095
-2747682.6312868237
-1454213.5771763257
-2577555.5590035548
-2275947.328304028
-2689941.0547681088
615300.2343102713
-3047333.6171384654
-3049261.6115623177
-2919025.363326398
-3174611.7679156694
377760.9445371244
-3723727.546294716
-2151694.510879497
-2807130.714746295
-1221076.1386785097
-2669644.8251884
-3217537.039575882
-1781490.2455941727
-455980.78700901987
-2114945.4083348378
-2559374.990663854
-1603548.578868158
-3570632.441397395
-2299162.734908865
-2094043.5917809654
-3485859.7244558106
-2340834.495161618
-3385285.8381275106
-2518196.4567209156
-2194127.8997244495
-3079360.9882621015
-3806619.954909575
-1649268.24712428
-3771015.5911170053
-3297345.8737696838
-3269966.7872225093
-1512868.5615350695
-2892349.880899424
-3870063.7776374714
-1703286.7173784333
-3255618.6037410926
-4016632.7407496464
-2700740.7025612234
-4189890.2974343873
-1482971.4708771287
-4627286.028450363
-2797763.925620966
-3548942.5012221085
-2880248.8967035254
-1919576.3731679593
-4743156.569257234
-3805964.803314648
-4379618.498899431
-4253590.722149033
-4265605.2812396195
-2421789.045177431
-2094479.9719501205
-4107830.9406437497
-4488976.947757257
-3675694.077478841
-3618663.9462327035
-1380761.3233907742
-3883710.5745777893
-3524957.832448901
-4216036.595001999
-3798743.799088854
-3809639.6462450223
-4883016.587639456
-5341008.2265581
-697409.699043651
-2868713.9786922
-4814156.777848074
-4329621.328628284
-3410926.86882532
-4539129.815779303
-5008304.967800456
-5164871.873915939
-2542069.8911774755
-3533494.7026904766
-1166423.6202426879
-4878342.2358724
-5260045.9127718555
-4544082.783063649
-3694165.7776172333
-4607009.858750215
-4624623.169250725
-3861424.556863097
-2060804.014205255
-4738664.658493178
-3896654.477825761
-4342518.9765604315
-4919096.844308267
-4363571.720894344
-3615143.548661439
-4970244.445862365
-3509842.611074088
1267430.4896455307
-5167438.241979349
-5042733.764389604
-5425756.238841607
-3114945.2336748517
-2972760.3413083907
-4669443.118222561
-5609980.948196351
-5495828.862008983
-4303357.123887359
-2573460.33534749
-4902035.887445588
-5450661.149162434
-5150579.458121124
-5332230.682517991
-6228370.575394821
-5404094.650741985
-5245080.742731381
-4716431.72187428
147713.19948874525
-5205047.213956569
-5598603.345217499
-5732512.803069873
-5239746.347709977
-4991666.606539808
-5115832.154448283
-3668853.7500081807
-4000441.6134241344
-3566824.8852892383
-6539146.847358354
-5938502.213102845
-6092571.534179429
-6492740.844302922
-5548600.365875266
-4162608.010841508
-5008363.230119038
-3946331.9514774196
-2178230.8193605756
-6020013.751901409
-5846512.674626041
-6024730.454702246
-3815608.1123788836
-5837317.651838708
-5907576.914393923
-3158105.085660413
-4658114.376688034
-6406679.457009816
-6334506.292741105
-6168086.866184046
-7031482.685361211
-5666384.723262109
-2295097.6303273975
-7060446.778091278
-4687330.6343111405
-6264307.511103556
-6098327.80157863
-5709195.5058066035
-6646384.554571651
-6108981.233177987
-4927047.95775392
-6989293.86573793
-4859589.873593608
-6076176.336936242
-7312850.237276049
-6338755.761968404
-6765520.823461576
-6220298.648436523
-6343428.858581678
-6376307.462765461
-3832170.2355976207
-6428050.174385778
-6717540.995759459
-6525237.366250564
-7470330.80453566
-6612324.529608313
-5324462.26583011
-6986653.260188576
-7058062.996723436
-4434130.225237477
-7566537.225307615
-2973255.7530126483
-6738764.940145291
-5901754.073500745
-7635495.897246813
-6418577.412926652
-6929916.527698367
-7902286.491118137
-6471094.391116238
-7378377.034813572
-5799541.645694651
-6750282.649116834
-7036698.395552491
-7897240.942541826
-7842389.159060079
-7527842.157920184
-6726580.540541734
-5709102.282517482
-8218641.563773984
-5841815.30785097
-8476488.547837956
-7076633.818362406
-4507036.866417484
-7449789.263397273
-7542415.265247062
-7975555.170062566
-6623712.341432126
-7232989.042114219
-6882222.74750143
-8092081.179375274
-6451341.879597359
-7592669.6008587815
-8612386.347947871
-7171545.857499343
-8209362.375253145
-6943081.009826741
-8499133.67565749
-7110657.856944842
-5668047.941772102
-6793562.830816232
-6878271.009059659
-7976641.909282084
-7563208.615218063
-7358512.354846625
-7667441.816319748
-8596432.283731122
-7688340.743470546
-7602265.120287216
-6553286.11762415
-5162161.67001214
-7086728.341364915
-8220077.733774549
-7691596.378765082
-8093928.192140974
-4655.059770924565
-8386058.304739103
-5846450.231657908
-7473947.421100107
-8360768.00333814
-4930102.819970616
-6128717.706459251
-8999481.505104944
-8950916.62848707
-7266128.051423382
-8071838.140690572
-9494360.91446684
-2696979.279299098
-6793610.059091179
-9583424.467966814
-8825789.786667416
-8229604.488401923
-8583428.744589048
-8410980.5335782
-9417386.702914737
-8422590.158281112
-9292459.601727532
-8133293.4425469795
-8020968.611091423
-10712198.194695277
-10339016.005744293
-9257318.123553049
-4685245.5108089745
-7957056.761671876
-9492717.533408988
-10365882.862839881
-8883694.062443329
-10702063.311317284
-9537900.401814582
-9373718.466352472
-7920767.734926394
-9350757.531304536
-7886610.968698803
-7181943.438092292
-9382995.688057516
-8385319.0303132525
-8895799.137716418
-8460457.379571818
-8749019.76325543
-8242047.700404445
-8648891.555315342
-9681534.659606392
-8491277.396983856
-9403564.777999176
-7458626.413480358
-8405086.511423435
-7349521.727765404
-9284582.16546903
-8716574.241843253
-8538712.205110747
-9457311.30421041
-9495996.986127712
-10606690.030240716
-7699001.864016475
-9804672.581983304
-9524695.689607313
-8915781.973459631
-9244263.538522668
-10017504.597696522
-9649294.820909645
-8008008.598647595
-11370623.074909845
-10192959.730711339
-9667470.062184906
-8879379.888513414
-9234835.717149332
-9101608.855917385
-6127118.202100115
-10398788.553163249
-9300971.361152252
-10094962.812938282
-9985613.303262202
-10100956.543367768
-6732515.131650013
-11174597.969751304
-10043601.206561333
-10295012.562946
-6585769.939586271
-8719735.627510615
-5667115.104042992
-10039576.89678471
-8991837.357202144
-9591815.705991365
-10858204.134427268
-8608265.594366306
-11267923.67909242
-10144376.375071403
-10340391.87908321
-10417521.954727018
-9287922.530369733
-11458443.760054411
-7827968.306446059
-9759587.456633398
-10767929.155665988
-10944469.707410613
-11123802.857535014
-11057690.990996495
-10481615.614871223
-9408571.858244559
-9420501.496855093
-12110321.611045664
-9456994.338156223
-9026976.26424505
-10198760.060626626
-7824401.857655124
-11283692.42067679
-11540371.546745105
-6993844.715001793
-11080713.794941913
-10176612.140751569
-11831725.187013635
-11230413.336641772
-9001651.632453833
-9732944.286553023
-9098293.48066473
-13455313.092140667
-10176342.945461748
-10600438.60137026
-11391699.429493815
-12875629.985191774
-9556262.51508906
-12291452.819887446
-10231286.793001581
-12259207.37930633
-9217654.044700071
-11622202.574858606
-11400579.211718742
-11758623.519294808
-12376432.720180577
-13567270.612533316
-10635923.50896359
-12195229.091412371
-9481070.719435934
-11717476.554824376
-12410084.447663758
-10443575.998673921
-14235942.39114963
-11868995.816776093
-13494270.006185688
-10642006.060311845
-12328883.709262447
-7338325.095504865
-13243564.728863513
-14030064.425077211
-11698925.839955045
-7903558.0837001065
-11797021.284573067
-11374752.984689057
-11378695.771233656
-12038538.512160901
-12562667.541382836
-13782102.3152034
-11187825.375715379
-8954176.372912275
-11733047.418684456
-10564188.671486542
-12081161.416152699
-11899651.880760202
-11425334.259199476
-13469453.415400999
-13438259.20775092
-12589800.620745676
-11627093.27888941
-12199092.17202472
-11087783.239966847
-10832979.831359696
-10224987.499441734
-11492176.733707054
-14314546.011528086
-12287263.86477342
-13590331.661698831
-12358623.183448674
-8646713.95683697
-11609958.938904159
-13664003.038294893
-13031758.307321843
-13214099.251057312
-11039894.652622757
-10525876.908109406
-12163231.774285335
-14239340.887766557
-12681195.645882925
-10994751.774541644
-13079163.27731265
-12912915.016676828
-11255589.76358645
-12945499.904533682
-13616175.182066428
-13844212.852870911
-15369442.056613324
-13559012.37614647
-9854187.586774528
-16576261.204963304
-12473699.248352481
-13814302.645565392
-14444113.419727677
-14847151.02777083
-7876435.20029289
-13107223.006312488
-13315022.613434186
-12598005.24171161
-16590236.06381969
-9776205.485862156
-14720830.633149512
-11827714.261877898
-12169365.079150068
-12611240.326012867
-14382066.143613007
-12257252.287047297
-9495743.851946399
-13792545.21716539
-13461256.909784181
-12492202.06011738
-14177296.472376008
-11098522.583411233
-11999784.410185108
-9366707.4413868
-15456122.98137204
-13825516.787894746
-12562002.825081127
-10784161.824754367
-12814939.06114603
-15659658.382528955
-14112129.2355964
-13776462.535737619
-12416132.863154521
-13979443.589401789
-15360163.826015966
-15900670.537646344
-15836460.384505663
-14122818.739304319
-15352971.105334986
-15207238.311715646
-12803366.665218787
-11937214.716701409
-14781107.282810463
-13692475.371385531
-13916016.603326904
-13296553.272832617
-13669198.181439243
-15347285.44418398
-14924657.174966658
-14511030.535467926
-11989309.40522474
-14347064.832727728
-12436577.682184795
-10762679.501669759
-12182842.602539293
-10359684.641782576
-13734590.527772646
-13641202.309688725
-14349995.304400671
-15188300.387002444
-18334600.124924473
-13908128.975526715
-13297565.961841032
-15436563.435994746
-15055824.517468512
-13474046.97988313
-15081521.64295044
-13661952.497187806
-15977284.822814383
-14661071.646561746
-14367560.821397154
-11234918.307746435
-14664699.402273292
-11440562.371929446
-17336262.868220672
-15946803.389628192
-12937144.803590752
-13399254.24836899
-13754176.85919533
-14411245.064651318
-15451499.13086764
-16450468.259454375
-12415186.535849897
-13279407.582323832
-14880170.395280076
-15880876.720146153
-13268086.414752824
-13269319.629345251
-10318465.307259224
-12360413.92960818
-16671564.80557505
-17125714.229085736
-14376421.71841891
-16372846.562161097
-14999653.273228317
-14565985.748988027
-14333063.543882838
-13134124.9472677
-14313426.67536211
-14962236.675651321
-17233188.64478714
-14949804.659510737
-16340661.680146944
-13498575.885230744
-17918761.86572301
-14535831.644495606
-15859784.553060649
-16365290.456022732
-15430211.69653748
-15334223.787425376
-15643444.864401042
-15415177.59188213
-13253113.568747059
-13127775.882260244
-16164339.326688306
-16347771.172053596
-16751990.298248919
-14310456.900495373
-14851446.456644854
-15093659.667756865
-14769939.869850345
-15386726.487306144
-15794447.116191676
-15513847.436404647
-14885911.600842377
-10656665.48932333
-13439188.435429877
-15331531.164401803
-16253584.246146586
-16209973.522349756
-15644160.70684326
-14981557.845242579
-16826189.516250435
-16226388.801007314
-15926711.58349379
-16825812.118936602
-13869528.921934796
-14445680.998741157
-15267734.201849818
-14757668.932336664
-15899931.00498731
-17069790.641501997
-17472723.233503643
-16818586.47442509
-17213597.810320623
-17581357.11627533
-14849594.644917812
-16260517.127305387
-17654757.484443232
-14813943.386387587
-18576871.95044256
-15548407.21833898
-15714608.882732552
-18027028.35048074
-14725777.020087825
-12671026.656174526
-16293906.373602318
-15147498.6324404
-15731368.033639431
-17247627.460837178
-17179177.360104132
-16605699.389609197
-14964571.530199884
-16254864.03223413
-14745902.73634791
-14505941.033774767
-14162539.062018167
-14053937.422158008
-19391634.875314
-13468192.605492163
-18207254.545214415
-16373250.708072115
-17194469.042548012
-15161994.468218043
-15180886.165601203
-18259453.726091165
-15591762.03645541
-16026635.678433903
-16641188.589834508
-13685188.202137195
-16002511.662638517
-19108421.354250778
-13369074.794911886
-18460993.929593917
-12097289.97500627
-12815592.344686273
-18741959.32824645
-18754136.391290855
-17828835.34130884
-18027802.477830064
-18150794.200022772
-16922415.0528483
-20102039.895980515
-14765998.186240785
-17708959.541796636
-18231294.681750435
-18419765.467482414
-20128584.0581133
-14468818.337113544
-18900420.056494866
-16442480.529223818
-16026838.050609287
-17030569.372970022
-17486718.79835126
-18204582.48726222
-18670633.381054107
-19634582.293129276
-16900526.17918905
-16301878.878363155
-21016692.244863864
-19326776.496006902
-13985159.039803624
-19382610.85996671
-18698774.572730843
-15997758.877763432
-12388703.754988017
-18792395.681655917
-18673961.05691433
-14018153.38413914
-19067910.13761064
-22185459.997635346
-16628330.508892827
-20028661.67599195
-15729827.373136614
-19885573.45496331
-19514863.741986513
-10866499.406530593
-17128145.717460718
-16704069.502287619
-16816718.556718506
-16193156.320599187
-18805791.85462294
-19691288.697723173
-17009752.01732398
-16568883.85215621
-21382661.55086435
-19671103.704664286
-20182753.351106796
-16360232.281417971
-19296050.780924406
-14700633.242495546
-18984260.517610326
-15820048.336459013
-17153116.021429308
-17436600.605619077
-17869512.551326998
-20679180.12505017
-19202853.975007817
-19820631.62422279
-16884123.62214438
-18971412.84126698
-18122286.5122421
-20830065.595867686
-16990135.078232728
-17146456.650526837
-16926878.102767974
-20931915.55451058
-18104297.739455566
-19143350.34279447
-16778608.741656434
-18354046.66443332
-19047971.685341008
-20268459.546216287
-20547882.86325547
-18941034.219066262
-16784446.968140695
-13911130.03711211
-22131291.477173835
-17299883.450594325
-18024547.033297956
-20236683.18486439
-16281195.93653457
-18922001.79804611
-15113252.91621383
-21605756.046669535
-18247320.02412112
-18094026.925222572
-21131702.26300189
-20841732.617320497
-17011511.749578733
-17517634.42270519
-20998273.37050278
-22347510.43413403
-20431004.27061993
-20340613.3970947
-19441446.897497978
-20683889.835272174
-22606303.48319159
-20744601.141853064
-16503432.221682254
-19640641.096641965
-19462915.897797108
-21787134.13155881
-18272547.499618173
-19842771.75856691
-20039907.080452517
-18271570.40980415
-21975570.81113115
-19581962.843938183
-20539421.258832272
-20003929.94966246
-16522060.306217205
-21881650.215395503
-20419771.139054123
-19546510.78621044
-21626948.040067073
-16528622.532665003
-16678064.159355069
-20602274.359464865
-21901877.885180857
-19444619.31815465
-18186432.844148733
-18902830.831667524
-19191971.75878797
-20952627.31395469
-18029848.55041557
-20557676.438142754
-20796195.214208208
-18931180.58243866
-17802624.80021092
-24139524.724375397
-16427167.470196757
-17573484.931883987
-17947745.30331284
-21319176.010663312
-18568516.020500015
-19415210.56211522
-19292739.61772733
-20602174.09593753
-20601548.37383068
-21352638.94563539
-20258628.26823779
-19220193.29546472
-22517076.524626214
-21193856.95513719
-24135595.282861993
-20845753.74987679
-20806404.88622562
-21084306.39103654
-23284079.846405063
-22139650.83169391
-23848026.113952707
-17364205.961463466
-18985064.922716867
-19797512.015268087
-21928913.262489866
-21751177.41037363
-24530914.564056776
-20747929.252891824
-22945145.87264423
-20063382.93301161
-21556945.892329223
-20905654.904066276
-20418816.942754053
-21715067.00025732
-19078153.6618484
-21236465.21059368
-20623570.260841914
-23400653.53381419
-21641978.421479255
-23688268.114764135
-20106908.02314252
-21975201.62862349
-20339078.25317466
-19129020.384188317
-23098669.073673565
-22377877.88538974
-23387715.962958857
-21472894.21521486
-20078010.950761277
-24719477.271665826
-19527397.55960732
-20556748.13259504
-20863558.945993856
-21131274.15843137
-20011394.114122175
-22758785.186680567
-23045220.3996299
-24094776.83860156
-20883326.284145936
-22837305.568788182
-19201228.192401774
-25205355.238785643
-24203313.393036954
-26057460.78016472
-20939382.23530222
-23329685.34124521
-20690209.162835177
-16486499.445392687
-17195226.480431706
-22104173.113462362
-21190785.15363624
-22078160.648894545
-22474313.96133371
-24528909.148168594
-21220140.09013355
-21105826.967871208
-21247920.981473185
-19931561.914182033
-24049002.38491955
-22322330.98393129
-22168830.088700578
-22992339.18479905
-19976112.70769433
-22250938.131090745
-19124097.46197308
-20556254.17958976
-24901038.35360526
-25184162.136119723
-22836681.82447468
-24502761.300829012
-24810108.35185123
-22607192.151681557
-22299794.89090977
-19147314.82683676
-21258002.266627613
-25903613.382157125
-23375905.033751205
-24139665.92003123
-22386524.07281536
-26019508.577405583
-23082184.687275812
-21078066.275439594
-24083279.1040578
-22107875.42444079
-21532163.65495201
-20211812.107226968
-24082547.264200956
-22042189.79393967
-21250817.037409756
-25418536.58039552
-21293623.187962938
-19640309.47543918
-21334921.424835023
-22624336.401164427
-23847666.074824538
-22194214.65096246
-22185930.89335119
-23909085.240141716
-26843534.416243326
-24539948.806107994
-23649769.68792021
-20183420.69649495
-21733196.378713444
-25163904.632614035
-26054926.83130034
-24293904.675116982
-24647955.188821133
-22008574.831099413
-23139234.759492986
-19977778.544153716
-25889083.568636347
-23806082.654867966
-20673017.90351655
-22105939.452141847
-21995157.472455133
-21075733.340902425
-27027203.8832747
-25016433.648241684
-25156430.876609337
-24140732.092707504
-20502473.020274248
-25500668.419232085
-24285579.21348469
-23338720.448730286
-24023601.704277962
-21607787.57309621
-22564136.483827367
-23956693.14063529
-23234729.252500564
-27496505.865091864
-24503955.797347102
-21601547.714925155
-23766143.24818737
-25260156.68765309
-24756222.775474846
-25497049.249441333
-25237562.196201604
-21397882.28164737
-24392681.116091087
-26898789.26177842
-27680839.336822066
-24066452.088225324
-27562017.889123514
-22376588.264058147
-25843218.472854275
-24623625.114323437
-25938670.461747676
-27125331.085265853
-27222904.47432775
-24435982.59965243
-26066525.932415783
-25329826.644915465
-26475829.919719372
-28479994.398398425
-19712361.324117597
-27335799.695576824
-25326887.574069753
-20429998.555551503
-23553624.24162909
-24549317.73549964
-25180725.307477023
-25288767.617693342
-22716385.303851876
-25731619.681073822
-27228910.19701254
-27349947.357212834
-23638315.61695864
-24553127.804779474
-26826203.006816056
-25587441.119182423
-21836911.901321948
-22769857.05620607
-26563699.497063488
-27495828.0245855
-25833908.192570515
-29411187.86904337
-30623262.388174623
-26283156.348330762
-27392568.291149598
-25319978.73024614
-27222728.016389567
-27333570.32964751
-26943732.79323626
-26763332.852930933
-24492097.180396084
-27806915.771385685
-24937295.35624638
-27946546.647980355
-26686883.535848353
-26193377.204285268
-26611925.317003682
-25433239.792969592
-21942368.870546926
-25463244.530315172
-27881139.541045517
-29706010.202116035
-20307289.50824241
-26057362.963728204
-27276025.893613014
-26189099.13010196
-20791404.29729021
-23829662.409799997
-25262933.971219547
-26418264.052785177
-27056629.311571997
-26070516.391498588
-31654031.854171757
-29239501.818230554
-29371096.475880753
-25739170.407610916
-24848007.094520718
-26592653.66780527
-31113887.10335828
-27908302.819785245
-31172879.25253437
-22127797.69119182
-26337394.607611496
-30452794.451064266
-26920903.853617597
-25040598.837979566
-29026660.12108181
-24930772.381363254
-26407203.2101427
-27469830.200986687
-30682821.46681479
-22660059.04887951
-25467196.2665332
-26527692.051660396
-24974031.720734306
-33813699.847053856
-29896366.41421996
-26994868.31031008
-26772406.32409362
-31746316.476048075
-19949375.262967117
-30049200.9654992
-24061223.879817348
-27293568.130726714
-28513645.818553284
-19634523.580874916
-25616735.829638023
-26333681.679760687
-25084461.595936913
-26939306.945155643
-28512541.263014775
-22680251.53102131
-19588510.005823515
-31662995.796444472
-26680994.016477887
-28819727.107278593
-26252036.51142884
-29346870.223521594
-30203328.028683733
-28855682.765471887
-27832909.838477414
-30997295.269730665
-25522412.452735964
-25898894.87003474
-25681561.974555917
-25331277.75496908
-27650300.317973074
-29916122.483865045
-27115487.812126968
-27467070.67002343
-24908453.61171433
-26399385.985787697
-25280795.80500917
-26295936.45305088
-30136592.875322275
-30360940.763618223
-27526243.393338736
-25604164.278639566
-26321040.740665745
-29204007.653958432
-32013836.613930736
-27114881.164940376
-17359036.9571632
-28154117.54566175
-30433125.622060526
-29794415.97411412
-24500476.636016898
-27201191.996300925
-29902717.369807597
-31190046.535285
-30039660.54572014
-27780111.67226777
-28802478.413926106
-25460515.68364046
-28104439.553480238
-27178508.22893165
-35372386.31220705
-26078835.846817393
-28374773.481990688
-25994009.956440482
-24525426.36594123
-27639864.26232946
-33239167.82046538
-29504212.19075511
-32283991.891432643
-29630696.48962553
-29560468.40574668
-27359922.63715685
-28983850.762925636
-22217526.858437415
-24860849.375836316
-28740559.59488914
-30164727.28530454
-30599023.393815957
-29479579.901901513
-29147735.948893253
-30118171.31718143
-30433053.75281121
-25262301.961147446
-29742456.464402363
-29039934.2604654
-25331293.052052774
-30647869.594060693
-30626693.895194694
-32378748.301332206
-30922922.506903157
-29714214.35088912
-26789542.51308948
-28081824.77202845
-28929659.09803248
-29129427.366417322
-29351564.533064276
-22576145.75539432
-26913961.411084715
-29918313.451070283
-32992500.308398616
-25379461.55292568
-31887706.874294836
-29850502.305482224
-25486161.25362156
-26481406.0799407
-27591857.99464003
-30566439.81062821
-30689228.075655695
-29035998.88839705
-29668855.317612827
-27914997.588809572
-29500909.085606657
-28315406.560692955
-28564656.012007326
-27053343.467606623
-28584339.10493313
-30905675.308354862
-34118498.01878239
-25754960.06311647
-27399626.721012693
-28891348.103870347
-29308170.081710204
-31121783.0815499
-33048042.779861614
-30187912.167230226
-28795014.753381
-32002225.88487154
-33843759.321460836
-30234612.757049553
-28527210.741946485
-29343967.21539192
-32940167.961940404
-29941487.473092217
-30738694.920763385
-29045701.324787438
-28328239.198185463
-22977536.7206698
-37059407.782023564
-31637801.6672466
-27192305.641423132
-30834848.708353996
-37478546.745926835
-33385895.390523184
-27111736.40014636
-30834362.111998808
-30785661.895749316
-26953237.165465105
-31616336.151385773
-34624112.85186869
-32203951.28042274
-25150643.568912186
-35587185.70162765
-34704499.611255094
-21780350.21430514
-30152414.155535508
-29568749.46272918
-28146002.6656194
-30584154.23480773
-28899860.81139898
-29948923.030827872
-29442663.94497251
-32492734.059176818
-29171480.68906478
-32610757.32531871
-33914783.59023615
-31217392.527621586
-30769991.91873335
-32741577.869799588
-26720098.70679813
-30499172.100487217
-34475884.36655043
-33537212.74940667
-31128887.635911867
-32024735.716752596
-22612334.004322078
-30337012.01806693
-34029372.3469734
-31481339.02705117
-30605659.971523814
-29869810.33482374
-29280829.66055711
-33559829.11268901
-32943526.15669949
-31275528.62614607
-32280106.163639158
-28685011.474076882
-29483747.667792328
-33796493.76932886
-35226520.34231421
-31601962.252353754
-28444158.3435359
-30782317.974737953
-36144303.86004919
-28755025.827415116
-32104031.08618172
-33715882.09190193
-30310403.044565108
-33082876.62378114
-32811384.12285723
-32037045.561801035
-38598302.94469034
-31348334.38299917
-33771558.63068939
-32338833.8289928
-32483044.48869315
-37976686.03368809
-32182298.144847885
-27087293.057491977
-34373415.982369155
-35920859.660993494
-31202634.000475697
-31650919.591930624
-31828979.54084597
-32118805.014639817
-34309040.35920806
-36350445.377791055
-30511500.654175498
-33152692.234058816
-30501710.18514347
-33642091.820025526
-33234134.576378785
-30422685.173969667
-22453484.666280787
-31957265.88006532
-33679124.85800208
-33855148.75009611
-29881874.882555626
-29941089.7054366
-34087389.19397652
-30754345.05524674
-35572688.1646951
-31757861.058910366
-37694250.56294771
-30156379.43731657
-38533977.480731584
-34082724.22295379
-30890134.876875166
-35699446.56121219
-34452332.933395974
-30242791.688291755
-31743512.394103285
-33001157.28409937
-29821630.165974505
-35016357.10488658
-28671764.792514592
-30230739.337208647
-34192636.42189047
-31003528.93567652
-33481690.277546164
-38270007.528368644
-35095517.93233654
-31777482.816670217
-26540472.295881223
-33932219.284509964
-33728991.260501444
-39264006.92111993
-35232326.7371652
-32775947.468315173
-35704230.07118006
-31577235.87812649
-42010487.07779953
-35372410.89758149
-36104216.717674
-35547252.63820518
-35694081.1925757
-38234549.58342417
-32445506.086090595
-37615560.75594555
-36499930.890205964
-32276212.693800706
-34821478.00508806
-35664478.585173674
-28906007.13141106
-35694854.39367386
-37890627.0276432
-35208336.89004857
-34000259.810431115
-30808072.514231306
-36307184.15430646
-34340634.52330432
-32049381.043683946
-29826041.02950294
-43843504.592635855
-31089682.73598125
-30499941.218809478
-33939666.0388952
-31975738.185075227
-36757097.43869455
-29727534.608151063
-39445005.28504943
-31021480.214559462
-28550915.758210648
-32094210.920715965
-35171325.02321082
-36173918.012756325
-37366125.281779625
-40323698.92768416
-35076431.23078341
-34766179.98399237
-32242574.41807428
-36142578.70593228
-38614303.83934861
-36279129.09857893
-35751656.40750061
-37838610.844347216
-30589303.25739877
-36048030.14352168
-35546597.01733003
-25334446.28790004
-30880615.243982535
-32968233.89724598
-34085607.538786314
-36871378.0701708
-33062843.385971792
-31282261.987262588
-28953989.10784908
-35372750.66641543
-34081946.78859158
-33136583.732424103
-30963368.027177017
-38138597.491831854
-36134347.407175995
-32350630.687664747
-40888401.04134556
-39181411.82821596
-38665697.55927508
-36824721.84723418
-34316119.71513723
-35158761.50939976
-36849987.27732326
-35290073.8612387
-28684556.682116736
-38570447.09904972
-38570210.19499841
-35779579.26170979
-41119154.363452725
-37194679.26647345
-38279791.07614285
-38275225.623694554
-38780851.38380385
-32445670.50148768
-38319124.32988046
-37352353.68346387
-33149031.88449455
-37863611.0654829
-38570556.457986824
-39199796.58451153
-34470999.618904285
-35916453.46937767
-29593473.80525545
-40061176.32265837
-35271037.73061278
-36301711.833843455
-38860517.266783245
-33785381.16584389
-36874177.21655861
-36667281.6525098
-37589685.16718133
-40970694.61025224
-34419130.54139579
-32073047.593624428
-37191806.74268314
-39651728.4218144
-40372719.90482465
-34938399.64204961
-42589366.69016647
-34237885.7466928
-33964218.694800004
-38823312.59819726
-40047398.49568968
-37739188.545196384
-37220168.0519731
-32747730.702684905
-37097164.76923474
-36540885.56911933
-37905443.268847466
-37062754.6163915
-39569872.57985031
-38677321.565100335
-37507790.64356879
-32080390.657011446
-36090546.34290056
-38532582.8580231
-33956194.383949
-37039802.95193543
-36412248.792636365
-37307931.631297156
-40307080.30856668
-36303153.77498628
-39432814.7377463
-41837377.770958446
-39699362.26839239
-36343876.66504384
-33433911.61990038
-37753128.69888189
-36859883.6495964
-40801380.2769818
-37220542.780917294
-39840193.55532133
-42625194.15074806
-41111404.96657255
-44432321.25797581
-42661777.030437544
-33202732.500841156
-41768714.49774035
-36233372.21123584
-35069183.11546687
