-404
-395
-401
399606
-401
-401
-398
-398
-395
-401
-395
399606
-395
-401
-395
399606
-404
-404
-398
-401
-398
399600
399600
-395
-398
-398
399603
-398
-404
-404
-398
-392
-395
399603
-401
-398
999604
-398
399606
-398
-404
-398
-404
-395
-404
799601
-404
399597
-401
-395
399603
-398
399600
399606
399603
399600
-395
-398
399597
-404
999601
-401
-401
-401
999604
-398
-404
399603
-404
-404
-395
-401
-401
-395
-401
-392
-401
-392
-398
-392
-395
-398
-392
-404
399603
-401
-398
399600
-401
-404
799601
-401
399603
-395
799604
799604
-401
399603
-398
-395
799604
399603
-398
399603
-404
399600
-392
399600
-398
-395
-395
399600
-398
399603
399603
-398
399597
399603
399600
399603
799604
399606
399603
399600
-404
-404
-392
-404
-401
-395
1199602
-398
399600
-401
-404
-401
-398
999601
399603
-392
-401
-395
399603
1199602
-395
399603
-398
-401
-401
1199602
-398
999604
399603
399600
-398
-398
-398
-398
-398
-395
-404
-401
399603
-401
-398
399600
-404
-401
-404
-398
-392
399603
799601
1399602
-401
-398
-395
-404
-398
-398
799601
-395
-398
399603
-398
-404
-401
799601
399603
-395
1199599
-398
-398
-404
-398
-398
599603
-398
399600
399597
-398
399603
-398
399603
399606
399603
-395
-404
799598
399603
-404
-404
399597
-395
-401
-404
-401
399603
-398
-401
999601
600500
-404
-404
-395
399603
-398
-404
-404
-401
-398
-398
799601
-395
-395
1399599
-401
1300501
-398
-401
-395
-395
799601
-395
399603
799604
-401
-392
-404
1199602
-404
-404
-395
-404
-404
-395
-392
1199602
-398
-401
799604
-395
-398
-398
-398
-401
-398
1199602
-401
399603
1399602
-401
799601
-401
-395
-401
1199602
-398
399606
399600
-398
601603
399603
-401
-401
799604
399603
-404
-401
399597
-398
399600
-401
-395
1399602
399603
-395
-395
-404
-392
599606
399603
799601
399603
799604
-401
-398
-404
1199599
-395
-401
-404
-404
-404
399603
399603
-401
399603
-395
-401
399600
599606
-401
-395
599603
-392
399606
-404
399603
399606
-401
399597
-401
-395
1399602
-398
1199602
799601
1399599
-404
-404
399606
-398
-404
-404
399600
-395
399600
399606
599606
-401
-401
-395
-395
-398
799601
-404
-398
-395
999601
399603
-398
1199602
-398
-395
399600
-404
-395
-395
399603
399603
399603
-404
-401
-395
-395
-404
-395
-401
-392
-398
-398
1399602
399603
-401
-401
799601
1199602
-404
-401
399600
-395
-401
799601
-398
999604
399600
-395
-401
399603
399603
-401
399600
-395
399603
-404
-404
-404
-398
