-26803.117009841128
-27321.680436370065
-25442.790925984318
-25110.309650718358
-23218.41860540681
-27791.236880201286
-28205.600285007855
-26913.640507852644
-17190.065745930267
-26658.249060255937
-27817.87887125428
-26657.55555063103
-18942.429570307642
-26673.20479303189
-13785.76321343074
-29080.627461399778
-26827.70054539557
-26397.637867287915
-18464.33688960001
-30752.919587142667
-27704.6269799588
-26553.45858174364
-26903.536400383073
-28208.929532167105
-24612.927187034897
-24684.515053960222
-24706.08849962441
-5920.080944173363
-28899.679082089162
-27626.574367586807
-23715.81653636549
-24780.895870177654
-22153.093174036505
-26849.334691488628
-27276.525885841984
-25550.32010341061
-25901.252676919517
-25523.469387555117
-22940.930017545208
-23945.99933716906
-26547.704255786048
-24870.147446723924
-20509.18217956591
-25385.004389189715
-25561.02067053885
-23191.626065249733
-23086.063048454012
-12614.469305044327
-24990.212421588876
-27195.690190215882
-25560.57721612972
-25508.19566259106
-21242.191610753125
-23110.25845211734
-23035.43085735107
-23403.50374588553
-26380.30756921201
-16931.3346302532
-23247.499332704956
-22848.847696938094
-23817.17300645454
-25091.214731776807
-22649.58578448302
-20868.074190294792
-26427.146701256002
-24174.33303339026
-25571.4784443464
-15559.375758935672
-24981.909038243677
-24825.1594671215
-23943.501488566664
-24009.02773630236
-23235.661112932714
-24803.905107698753
-17330.963771641564
-21661.531941752804
-22576.466969788828
-23898.782964294638
-22562.098147606124
-24430.418606227602
-22275.823829284058
-25878.161367708584
-21107.639847045582
-21214.008950002553
-10514.865999582124
-20398.39902346975
-19663.95658501941
-22665.07660409018
-24934.467070445084
-23539.803183484393
-22944.569374783016
-22244.03807062635
-21656.885911053443
-24200.80137548216
-18043.617812437325
-23061.58964340459
-18988.590846783532
-21575.064619581284
-22268.81716286126
-23033.962190066482
-21502.597671448282
-20608.570060793438
-20863.442057539978
-22302.76725132241
-21685.390778395922
-16486.67450762865
-20094.83947608307
-22512.396661643903
-22668.483663908322
-21698.998402123725
-22260.761771812406
-23032.98956262899
-21309.30219537774
-21496.34732026981
-21524.175467977777
-21659.178183061635
-20005.03724527441
-21914.697964668285
-18748.069207744582
-20829.930765158137
-21984.621568468057
-22321.39726375597
-22172.327701587037
-18469.923342175087
-19983.314138973747
-20677.889476113007
-21483.286322312924
-10014996.709582154
-10020386.054477671
-20727.631631965032
-22936.205854910564
-18395.947383966795
-22799.197434816168
-21347.275416048975
-19898.24681331412
-19063.477939108474
-20947.030907174605
-10020402.363913968
-19817.372903411695
-23658.173408542778
-17412.820688132826
-21544.59460854666
-21549.931614086498
-19501.539727259704
-17322.975037995166
-23141.231376451433
-21378.199554950657
-22165.479067912038
-19100.565429008308
-22139.29953099796
-19006.90991579457
-23569.37218035048
-20737.19328128449
-15978.513143961236
-10511.872757400512
-19409.74978107332
-20929.412929278278
-16159.387576763846
-22003.261308744688
-23599.67668684766
-19147.244395437814
-21142.5967640444
-19750.7747705888
-22543.729175442175
-18313.3003234645
-21179.206551227908
-21589.98812840298
-23018.391354163647
-20755.598926297782
-21363.85843863869
-11947.534396762174
-20330.16172804147
-19731.454802409695
-22086.552377539025
-21110.21656101451
-21567.636641246885
-21009.721689640457
-23205.49416427905
-21624.17684012784
-22756.877370105358
-20311.35891865799
-19434.22498111619
-20819.558912657132
-22691.050178532638
-20983.474714025102
-17732.82725641999
-22677.022751007207
-19899.584514777325
-20398.58119626655
-21230.815981252203
-23040.853699058953
-14502.29544111851
-19105.700771918117
-19924.255386275236
-19215.259802022163
-20200.664616852708
-20187.128305606857
-17835.482145252216
-19497.859117304954
-21514.951664635948
-20296.15595006039
-18947.654601229264
-20313.68456293917
-20752.504535361233
-22108.82391557982
-20514.422610226364
-20724.538986919077
-17100.528298348374
-21190.719824747655
-18916.456340470428
-21115.05723491083
-11127.302796367392
-19325.278361524426
-18649.06607727086
-15238.61069715674
-21577.86011693017
-18654.60898693441
-16543.78641536729
-19685.28868547134
-20987.956050560944
-23864.5819981243
-16443.225473689716
-25350.231526817763
-24105.637716064215
-22099.359725363924
-18926.725134855784
-20874.568967530122
-21811.82588793323
-10017633.486625027
-20957.38874102871
-21304.26340472696
-21681.14853919349
-21502.45505750092
-14904.326034933272
-14200.778943738032
-21941.86858197477
-18038.203483836132
-22559.027435601125
-22694.06962499584
-21308.90369638921
-10020397.372407874
-23010.49498626126
-22199.536204719236
-19089.34763006728
-19310.63107672209
-18134.61376237479
-17825.090056675723
-21676.13360887785
-21132.87252240332
-21529.6547321569
-21392.840730666627
-22230.250303967303
-22975.28798223839
-20440.056940064016
-20529.43296798922
-23568.062439985188
-19263.634674083965
-19620.779169409383
-19755.707836078862
-24917.92530379582
-20280.32536276197
-22685.359225035198
-21788.412340175684
-20622.700333359004
-21944.594726419906
-21042.19620772216
-23776.949763293625
-10020057.565701794
-21111.740537094316
-22646.512029149653
-21239.109667422283
-20746.108448030856
-20743.99509815979
-19662.157373328704
-13142.287550559236
-19361.878003842656
-17203.971910689786
-9938.374032752517
-22526.225167163833
-13707.20788758529
-20638.196658890774
-20385.218865214127
-22585.797665215152
-22429.43230334445
-21071.52667774936
-21648.82848972428
-16511.39515679042
-17819.25393253714
-22976.54128684345
-18207.606250997742
-23129.56781729192
-21782.26226191979
-22369.340927690802
-22958.60473574794
-10015066.877664454
-14998.318674067517
-19095.691957411233
-21998.608263626407
-10018324.761684056
-21637.616508252944
-20759.59801658132
-22137.658248836193
-10019252.257293578
-21498.22736079439
-17412.546724734
-23000.770042538603
-20960.426906620964
-20779.847505443362
-21268.808557338492
-24435.638312208455
-22726.085841890832
-21247.01800896279
-21600.647484866724
-20723.54454871224
-20977.438298689478
-22389.808814069347
-17046.77723980468
-18241.61209937096
-22689.96696243927
-20346.251903745822
-22186.48985474691
-20693.035116004034
-23986.534410100237
-20633.34485863202
-20759.703840801096
-18539.01994856231
-21497.46811324715
-23121.742244234832
-14912.423689244744
-15445.166633456502
-21367.17757388343
-21419.248668920543
-19712.057586643325
-17387.07775896594
-10014611.208908856
-20930.06655397297
-20409.540835449934
-23630.56945439257
-18106.70079191442
-23055.60187618326
-22946.281654763494
-23116.120143544198
-23206.984661406095
-19352.354512102815
-22871.293548784633
-21195.79250476102
-21633.108593010184
-21614.40411418157
-18832.336987139573
-22123.387307263314
-22235.085383001777
-25222.46985003035
-22925.58302979806
-21455.734588388972
-22290.52906101886
-17456.394291203327
-21108.26623492859
-22500.619261105934
-12523.417220159099
-19529.560265321514
-15090.707906010077
-20792.416936563564
-21595.622585471585
-12153.743667497047
-18892.7302314107
-20645.91600507166
-22027.218972343297
-17576.24009052103
-19686.347830796447
-21553.76049320415
-22466.74104007612
-9218.949954718759
-20837.167525233155
-22123.79985015646
-21947.685854702733
-24432.48041771341
-17884.622967158764
-20754.006919002335
-22501.039741199078
-20439.010138465
-17613.72801351914
-23767.56480800359
-18654.600088001327
-15288.190759562349
-20304.393434603477
-23251.605330196337
-19796.218978486908
-22600.096391119696
-22800.29664347116
-24101.996865885307
-12625.476111122996
-20737.335326447705
-22577.07630739968
-16741.996255532827
-22154.965138478598
-18044.831809746283
-25561.844224751665
-20245.52639319086
-22667.057191378717
-20506.395816437787
-22489.432757192157
-22411.000511044855
-22757.943522030688
-22179.119553707835
-20818.43822091047
-23205.911966119933
-17492.612855010168
-16872.532888624704
-21814.85650241018
-22780.19038470026
-19486.4911291545
-18844.06716672405
-17404.457419551043
-19260.19955255903
-17126.044658925006
-22271.8693961928
-21099.12968127949
-23282.634414632183
-16238.356406402258
-19904.557205370686
-18703.563863770512
-18307.57600963154
-22242.810598400294
-20601.82863298979
-21290.123530257013
-23886.02195050098
-16907.52587181074
-18614.809064092373
-20208.01277367547
-21110.6280343862
-20270.279774709445
-15651.454305216159
-21132.603129400315
-21832.80801490588
-15888.95803030962
-19753.914390985592
-19352.96102237403
-20840.085360718655
-15312.587919074504
-19830.514387104235
-21115.105453799446
-21818.821678364482
-15041.072457152732
-16194.826403665735
-19208.16856748306
-20462.342105120668
-14411.866208682975
-19083.724557313417
-19488.96081364796
-12655.365943146728
-20723.572976882875
-19406.269609741146
-20933.72273029936
-20500.774568572062
-18138.089352042487
-18974.15931033656
-20950.954975158314
-19067.07523845299
-19467.151346941737
-19511.172032561302
-18065.15064298427
-19486.43276072438
-19538.833525219346
-18044.706699932147
-18328.11459738324
-19378.539570901245
-19350.05872759996
-10016425.78342601
-18313.61521771998
-15109.56348763729
-18870.93913703407
-21278.686256728262
-20286.613184929938
-19635.129041546224
-18628.426483430907
2888.0737105371354
-19215.12480828608
-18737.79582535366
-19073.479983823046
-18912.203316906798
-10015465.943357965
-18105.9186636599
-19405.747991469332
-19236.35549008015
-16028.622376413705
-16423.78612669006
-17538.56460290895
-18835.567020680588
-18693.545012772105
-19887.660379026187
-19071.093277687538
-20404.933507872152
-10014370.432521231
-16426.33021906926
-14628.404399066969
-20829.469650151783
-18161.03951999705
-19543.41834771188
-17301.811725914333
-19259.62756337661
-20220.997619161204
-17133.509096856073
-16627.199257765566
-19726.811039017794
-18720.958757673925
-10014517.929236598
-14989.937919636222
-19973.792698645742
-10018756.576024137
-18835.958328542343
-10013000.276781583
-16883.265454441567
-17391.74670814561
-18344.300394961927
-19696.206591291433
-10018677.916472172
-18904.390782525847
-18339.253892409288
-20437.2705138128
-18669.812533152908
-19397.306956194876
-16294.467088522846
-14418.275845711976
-19526.308576073123
-16762.370481474307
-21965.925596945217
-18305.989190607506
-20308.549799701737
-19043.27271372175
-18800.874101542777
-20240.113061014938
-17762.694996187605
-16074.418328295138
-17626.6493616232
-16573.06571527871
-18460.88974653147
-17507.860912155727
-17711.168294140745
-19241.579908501582
-18277.623125705766
-15815.66197843905
-18484.282028344438
-18756.474491303088
-16657.830454555944
-19434.213114709284
-18876.415443686757
-11139.459241260405
-18269.7222964449
-16912.98556355603
-15168.177133428646
-19082.877704476814
-14722.155785992054
-17208.142941318423
-18338.5097306717
-16840.77324543473
-20019.749499972513
-14989.373881113363
-10016744.2546527
-18114.769723614576
-18988.68567686366
-18816.30452099586
-21541.72002349298
-19231.58382680324
-18239.504804346554
-20126.393580042874
-18009.43577325193
-15124.865440642496
-17796.021056707254
-16442.30305085099
-17988.12616445761
-18601.557554691113
-20279.832434315347
-16444.621879877803
-19499.440828665225
-19924.095966189685
-16902.28671876778
-17774.0782857266
-15150.087640147587
-17628.34516802753
-14909.066809978844
-17974.770822711038
-16539.508089662268
-17048.183513812502
-14661.053542629357
-15122.758002972743
-19201.728707834565
-17448.53256752948
-18479.179724582897
-11463.26746158833
-15889.461014893077
-19297.993200978286
-14180.340194942284
-16831.331101416385
-10982.878253984301
-16239.374536569807
-19774.079001399114
-15634.693139742432
-20032.835441349518
-17278.745472516825
-16980.595748813626
-15790.245599274636
-11209.100606654029
-18769.405577881407
-19207.759165520467
-18510.182059616123
-18967.72743209038
-18016.33973701477
-18605.55356685662
-16530.68861128194
-18856.64301299564
-18356.718714601648
-17018.233492211388
-16120.07339990974
-16461.04649555127
-17919.811002761628
-16475.20328548509
-13109.28455221891
-20641.700187954735
-18277.28609389727
-16151.472385617555
-17852.213259704677
-18356.668219949643
-18622.515560149826
-15719.85755659909
-14145.159192753828
-15437.932629032191
-17511.14019964273
-16979.74775539889
-17194.236892177123
-19741.153409566094
-15434.147790176969
-19831.966135200477
-13542.444524177708
-19046.686683931126
-14561.484335575713
-15188.842386754772
-18574.582340526387
-13917.684845719332
-12507.835425636014
-18225.250872391734
-18502.487879975404
-2513.6524795301466
-15580.117820442612
-17855.585938779444
-20165.41959692705
-13840.206468552995
-17693.151303548922
-16754.95328710943
-14011.674074897657
-18067.271259714424
-20198.140532489626
-19231.429522570466
-17574.11568285913
-6724.369785338528
-17570.863437549524
-18714.544438264977
-12299.564777316005
-14637.439897500075
-19622.154291237366
-19966.34909503864
-16773.191784643048
-12510.12515984862
-19327.50544920173
-15008.568075052579
-16726.41644001195
-11925.164963046736
-17040.365049450316
-17096.890907530076
-10016511.579999357
-13593.325416160027
-9767.654581743762
-18593.007729603763
-16445.334427991773
-19309.066225745486
-15479.053175896239
-18567.26468130431
-18383.6302984828
-17280.117527410035
-17695.904336550953
-17070.95888281339
-16358.313123400101
-17009.814277803478
-19020.09683647017
-16047.513165974011
-17745.868388070285
-15476.091628229908
-16692.999888228158
-14052.59940204488
-14778.018360537819
-18506.373319839327
-15906.51567216263
-17337.38456899826
-14171.060651857535
-15459.533880966492
-16134.757399188835
-19234.726220744124
-13097.93601278629
-18626.474520174295
-17267.94704251095
-16142.558217618931
-17554.87069536684
-17678.153116456666
-18172.384363646703
-16299.42989527018
-17074.82517487182
-16417.052681825535
-16799.975774181854
-15386.554401485047
-15116.24976404297
-17311.3125184618
-17148.119308707766
-18712.795091246175
-15383.724022438153
-15374.25508219345
-16011.628654781889
-15869.920481728375
-15138.414827644205
-15883.431024470343
-14846.29231994604
-18011.437018709035
-14888.665543490488
-13757.635316368593
-16459.885876263244
-14193.49847296194
-13980.557087941344
-8824.812827512664
-14822.576900337997
-14881.664874183514
-15780.479186212666
-15893.826594491838
-16444.19143891335
-10014808.373781579
-17168.509152451064
-17393.48932159692
-15816.472938025187
-11666.143496984605
-12072.371740336535
-15193.736172908813
-10013017.71574067
-15838.695883028935
-10012293.334349561
-16065.819271694167
-15587.289755861544
-11825.987325247439
-16686.828050787433
-15711.859646113084
-14392.012529721529
-16985.119611976475
-17005.770477027567
-16413.33577983127
-14439.517186575991
-17365.238121424794
-10015457.599508781
-19435.372570398264
-17732.19712810779
-17455.021296420062
-16410.825316971255
-15956.18737888991
-15108.167871914002
-10015684.603630317
-16464.981380759436
-10010772.926736794
-13724.059779290374
-10015497.017251713
-15415.38377279761
-15240.952667342486
-18148.58408465935
-10012512.695158863
-16799.252847986474
-15273.210636039816
-16403.20843977062
-10014076.542593783
-16990.659505254698
-15851.507415318025
-15073.070860622862
-16843.42996888711
-16040.399656406793
-17601.98296201302
-15814.542589000472
-15689.772230634626
-14477.459894846643
-15638.777083329885
-17093.256029230724
-6526.72520517469
-15825.210204915198
-16143.618875416663
-11718.568284366847
-15688.311866033062
-14012.593622940747
-15960.804217894789
-15158.95319995234
-10617.513031340002
-9821.03951802761
-15317.264953758478
-17167.399426815788
-11877.65176256283
-15543.253743194853
-13126.51890443295
-16220.760158097713
-17145.274889696382
-14184.982869250323
-16218.731778425019
-15629.060671977875
-15604.43263665361
-16493.83296247686
-15744.605884801453
-12874.4477628819
-15836.479321899413
-15807.270226563878
-14820.799439316985
-15400.655537693627
-14310.442196921238
-10015185.532567997
-15845.379333232133
-15656.602567697888
-15760.60883766373
-15315.511215765762
-14210.231581040402
-16166.516075689304
-10015488.639059452
-15010.292088359913
-16565.02649514756
-14567.159551298424
-16289.946717082998
-16020.033848526464
-14195.863595930141
-10014777.75775412
-17396.01467468878
-10786.727653198832
-15630.006290782634
-12556.962665080446
-14853.212867067112
-16502.45161702357
-11530.783606310431
-16573.00232608885
-15543.94879408408
-16113.113776217528
-10014444.436317952
-16207.874710180375
-15985.824276376507
-14010.016840903674
-12645.151779986563
-15225.739850654587
-16086.565458872383
-13805.490054670376
-15408.751079815387
-17218.516100022603
-16131.939710179895
-10011900.650596244
-16388.44596581501
-13897.068683064055
-13567.547980268122
-15386.39771169928
-10730.258065316846
-16261.521107177807
-15698.360483683695
-15668.92997021659
-15835.344938067694
-16346.074365576722
-14980.874797574848
-14851.144034520677
-13354.69710068091
-14106.7761061665
-16451.352064520066
-9384.950707816583
-17261.243507844607
-16323.486374463624
-16921.79043315731
-16001.100332243832
-14220.95133708991
-13156.38359982017
-15720.974984918681
-15410.676457704129
-15755.065203882637
-16441.431979424215
-16681.24840253429
-16210.899651129892
-16775.185037442174
-11896.070690941035
-15478.155097744253
-14543.480755657285
-16622.119513267677
-10878.429820107358
-15700.495336544092
-15166.784413919384
-16630.381291563346
-14671.055892668643
-16504.04402624742
-14098.910889505565
-14968.460232592726
-15424.459702039332
-10015712.543379275
-15863.179646183862
-16372.391798653905
-16227.794163993502
-15448.168563704932
-16631.594502160417
-15794.538672024382
-15505.470950935398
-16222.008199856637
-15731.65964581612
-10014584.192931738
-16627.947413916703
-17135.45041026644
-16024.07026215566
-16106.189038325932
-13232.817763910929
-15253.216095404916
-13685.96419416877
-16724.82706093634
-17192.375684743543
-15784.79666206585
-18510.58577802983
-14105.51088495534
-9471.928107804735
-15284.625172047803
-15462.795886787497
-15062.451981163875
-15676.06236024246
-13722.158081608024
-16501.847317184354
-16817.216978551667
-12589.09439097328
-18111.44516320507
-16537.924555747253
-15825.1989527594
-16216.307070090608
-12750.548356673271
-16306.632646171542
-16314.120958935502
-15700.729091223759
-15088.054202038724
-16849.03952327739
-15157.099190971823
-17550.941747610737
-2354.881306237612
-16287.470990303436
-15232.203314550672
-14478.18074854332
-14372.380009710694
-9312.937932191739
-12558.31619397304
-16618.422001453047
-15049.120944343314
-16007.267684301907
-15250.01916532453
-14708.432778740887
-18345.833317151035
-17770.31112477953
-16949.06625692645
-14290.630911814887
-17281.32736597851
-16769.55193408239
-14407.822045373774
-15215.060210199978
-16489.874837176863
-14649.229591807545
-16428.611402803086
-15870.53286924602
-15643.845642366841
-16370.44961119024
-15167.580940507763
-17180.986483318844
-18103.467302500838
-13186.453953987571
-15041.560034102356
-17115.958468177316
-16634.238218079478
-14457.151028090355
-15405.93289637211
-16816.123151202282
-14479.058850362075
-15304.027863291125
-15656.021743210462
-12891.36386570527
-14435.011768682467
-16359.42175288386
-15777.859909499164
-16599.856269800035
-16341.55296246681
-14636.392884999375
-13431.464791225517
-16568.874319609127
-14604.087480415239
-13575.953347929651
-14197.38746570319
-14750.869340736459
-15648.224174247514
-15759.762938912405
-16573.11698571469
-16970.029169901285
-15623.161269816726
-17298.255883382026
-14727.443180948632
-10408.98738505353
-11127.161413112863
-16501.38166471767
-12444.607490793156
-7325.130420335576
-14967.118663887199
-15530.122970902714
-15179.945670067209
-14012.973785285172
-16324.472104780412
-12864.64317397874
-15382.226781918607
-13885.70960734403
-16044.2812942268
-11509.02722227125
-15341.549086587585
-15674.101215624094
-15339.788955842134
-13991.581523710014
-15337.426650919364
-14686.086187657993
-14673.676947999098
-16556.707230385306
-16725.47174980811
-13473.696847079063
-15995.931925811507
-12876.066805498187
-13574.359554045606
-10713.8058925285
-15589.856245409295
-15359.782460522336
-15536.878600104901
-15002.274713382856
-14715.085977081892
-15590.513718817368
-15532.41774811548
-14474.751935646455
-12797.759298581492
-14866.28976041322
-14517.626190423956
-14316.59689723785
-15727.088019898109
-10181.018155335982
-10778.600602676694
-14701.63589136641
-13171.53232640648
-13326.9187723865
-10912.74610597225
-13013.691914356008
-15355.634610218043
-15070.434023374706
-15252.277691930205
-10080.22907457418
-14358.770272999704
-14876.20653512996
-15601.025954769815
-14561.39517770012
-13819.822785787124
-12420.660031300693
-14461.172047816952
-15299.588177808371
-14063.991486937726
-15080.44563564348
-7828.885710250395
-15469.651693875572
-13034.341645446764
-9334.241494292379
-16042.994480542582
-12818.374746517642
-15438.366796095264
-12463.168905410786
-12954.400245453979
-12690.296739657777
-15822.982841100296
-8198.234503622693
-16020.259309987112
-14422.7737123977
-7132.6901574679
-14934.201386172143
-14765.709418798187
-13164.551499624891
-12762.762462958532
-9706.68103479103
-16628.79594214648
-15973.721316801897
-8248.322919950791
-15093.356260249004
-15182.061870312677
-12156.077723708391
-14685.507856988612
-16078.42765357649
-16202.11770303358
-10109.221726346204
-15612.340039105635
-15203.66895950394
-14596.761008610822
-11008.545634306396
-15291.49548353287
-15156.918893666421
-13903.882277758192
-17141.674570804043
-10014090.856919086
-12375.204581178745
-14824.687741760077
-11513.117543802357
-13910.778881758186
-15160.155773908786
-15268.387027031493
-14810.37438424449
-13329.67867007554
-12602.529247981423
-10887.040197085693
-14571.248582940423
-14128.09174323745
-12654.831361035083
-15995.634201835925
-13736.742354827717
-13417.665107824396
-14683.753141882087
-14819.539851847223
-14696.763647095911
-11003.391475969274
-13173.670845484043
-11142.506167262409
-13086.786294961132
-15205.311745313835
-13686.668488508696
-15566.878619934609
-16071.262360907605
-15452.268792110019
-13560.726316583905
-12812.355955093735
-13682.14673616834
-15427.868175190055
-11679.675638274652
-15678.302531461894
-16379.889373773203
-14908.554993736252
-14163.210124032405
-15695.424762590688
-15943.147621639038
-13635.931479799474
-14816.702205325491
-9086.848989830922
-13352.051133503877
-16412.845101975065
-14795.044661642034
-15237.897866176658
-14703.886789897404
-15177.926642206465
-14259.309087381747
-15539.79808837993
-15681.360158908254
-15172.328878019382
-14244.851412638265
-7624.691892885582
-15785.145607631266
-6865.562043257316
-14104.015029210826
-15289.651914656168
-13498.265192575638
-16644.51390699141
-10972.422447119578
-10004.962154844887
-14419.097818076702
-16114.072421382749
-13919.541126505703
-15832.847562847424
-15161.778004131736
-12983.746217309745
-14726.71482058704
-16217.260188944736
-14927.467978157314
-15723.26849153615
-15207.178949929417
-15252.713048305246
-15584.309979137068
-12759.555763611266
-6400.6598389770015
-15373.688566627947
-15309.669683676102
-16873.219546711916
-17241.652849704522
-13850.620880388411
-14118.60407643471
-13797.260630604009
-13358.113123212055
-14268.432804026583
-11866.12127522194
-15258.621933424905
-16449.79045925231
-13942.64308447852
-14269.454230597043
-16393.144103074133
-15003.832296845805
-13076.532176581128
-14069.416214396615
-15327.968029089734
-15913.09737488841
-16288.532457313295
-14099.171277253234
-15404.32178343048
-11232.897218802169
-9279.724935508897
-5641.763301311951
-9964.148043757301
-16260.995988643743
-12922.615757461435
-15493.72174840195
-14774.948414095827
-16592.539978583354
-12511.577173425529
-14712.596462582067
-14052.541463546127
-15317.857019908222
-14438.132111692705
-14103.11946697096
-12498.081062044921
-15645.627369971957
-13264.175827515344
-15139.269005279151
-13617.073087408278
-13712.780914669564
-17375.452805093013
-16435.623258997522
-11214.044479074337
-14132.03774473753
-15944.222428574156
-16069.712881807645
-16403.150914089085
-14212.819346904576
-15486.494929811395
-14415.128568499902
-13368.68850125273
-15420.592829974577
-15488.778137769743
-15590.20377569245
-8187.959271949581
-13844.215030550424
-13315.210875707222
-14137.053429203992
-2959.4275720647706
-12594.739337119014
-16249.604944775318
-10463.510472448455
-15260.712484097232
-15252.141867673243
-14907.478779692745
-8624.241554724389
-15630.640516816147
-15482.212034035343
-15186.372262993104
-13899.180304656395
-15690.500793693598
-11445.858204643817
-13820.321599207638
-13965.620916625021
-14969.578568822246
-15115.711681724535
-11890.183777891054
-16470.190397168146
-15158.353389707427
-17145.4525757725
-14619.999654575971
-15980.107161282955
-14586.026958981032
-15371.684577973836
-14726.938858829135
-14867.556519873406
-13951.163531009255
-15086.041637077045
-16440.613868116885
-15379.85251650923
-12081.897471150001
-11408.431571020494
-13613.632964111115
-16206.799446734487
-14134.778693340253
-15990.26930000879
-15314.062532450664
-17239.10153238075
-15915.200132334003
-18045.07970514861
-13701.328901261822
-15320.093733370852
-14887.23266662799
-12079.241164932513
-15825.9624955831
-10977.9198113766
-14829.864257680048
-14799.820423301067
-13966.639734192124
-15289.197152760373
-15009.488746286037
-15818.096453473274
-12727.679337010779
-14201.613158815815
-15404.31729104895
-14197.498379794784
-15040.25134997781
-15275.671399909004
-15022.148689374624
-14256.755500838697
-14427.728638481107
-8191.846265981085
-14704.87054786108
-14748.936498483738
-13988.75477891212
-14900.738790363715
-13338.916304900891
-13096.885846397374
-15254.27865827931
-15983.811834348768
-12312.153056451034
-15279.315339211307
-15853.788043561472
-14603.133725358546
-14140.223431798033
-14405.607090331616
-12968.004050160986
-14340.27300642533
-13699.050231571804
-13084.74689815092
-15227.762658245822
-14272.880943936778
-15670.11625129612
-14285.028313958199
-14633.6786464226
-14691.983048382926
-14644.86041890885
-15144.612257586741
-12919.005280045
-14359.841082378603
-15106.034744539616
-14577.480567818908
-15027.617878508065
-15217.66549795212
-13815.021552670896
-14661.717475966256
-11939.250100862067
-14090.170989065671
-15296.445511619218
-15098.722312958318
-14219.884728647965
-13843.480114161346
-14592.680545674239
-14479.790904639973
-12200.96238093751
-14195.028696043786
-14526.84195042865
-14770.185347487604
-14142.051153061371
-14311.000840732531
-14470.918846110857
-15235.127587878354
-10011191.402219895
-11419.313857631514
-10010958.914328469
-14614.872707027529
-14712.45890419166
-16402.582312342718
-14379.715904994993
-14575.739778349274
-14538.069185349415
-12124.729722733717
-10606.892809297466
-14803.572993838514
-12915.702035266879
-9554.103907176994
-14993.002170381189
-13974.933991946937
-14165.773685712875
-14097.013307432646
-15509.605679027318
-15243.223136093327
-11017.798872417457
-14436.118391651811
-12315.831008872492
-10009050.504856013
-13341.773790132716
-14992.090791699418
-13080.7640108706
-13797.900056277978
-13796.684202905944
-13895.950690237658
-14475.523220479357
-11155.606440766143
-15285.641034697428
-14404.74157287589
-15499.157173273748
-14736.529173949966
-14024.92073883884
-12501.759052178915
-14632.893774350221
-14105.01688029013
-14018.975694246486
-15290.466453620986
-14699.963765748365
-10013655.211281165
-10009805.177769551
-14136.952837996963
-13296.60539753778
-13825.681880738426
-15393.110737540535
-10009377.632045593
-10011307.684635026
-13021.654841609905
-15443.466177447746
-14347.56815925713
-15148.879202025146
-13847.399079983797
-12645.498219749536
-14895.604732546397
-14762.793218551657
-14595.172469838662
-15139.051499890864
-10103.742448438556
-10012379.091826113
-10013996.039103026
-15888.11792214121
-14727.878956847078
-14625.017828678785
-14794.265971275452
-11940.916707241364
-10014553.406294966
-9717.60614386293
-10009980.135033656
-15131.479725869487
-10011921.074882595
-14422.897905658201
-14628.08965807671
-13991.43258391842
-14190.77340626364
-15106.072841471338
-12650.58304484003
-15721.420704986986
-10924.778175421592
-15337.809126300479
-11918.89550598913
-14438.695431249293
-15522.718467492481
-15450.01926773058
-14899.585641836453
-15244.867798133893
-14059.645681985607
-14046.194333589327
-13348.203747790729
-15325.36024197246
-10097.864294853525
-14024.449469521514
-10013923.107925443
-14915.55439178588
-15091.338327759318
-10010661.273864398
-13745.557179180796
-10010455.083617857
-14479.567761945422
-12972.305848812266
-15468.165710770247
-10013081.899697395
-14534.694512587395
-13699.966631632946
-14683.15314754554
-13032.628290838735
-15333.289122511775
-14526.126127291887
-14669.406347653121
-15056.992620189301
-10008466.249523794
-8467.70504057944
-13440.05895236833
-14834.584227280411
-14180.628634472985
-14937.508274059655
-10010520.479999805
-14737.260004349277
-9424.678343204634
-15122.715572924539
-14336.560314124301
-13621.539469676814
-15066.44571283841
-13970.735990520237
-7707.661548417797
-10793.254822922843
-11148.268267864549
-14631.057845246554
-13806.612584045077
-10012489.321017407
-13934.870405340875
-14721.175456366978
-13577.459301286133
-10011171.209175447
-12152.360975870166
-10006986.688627744
-14379.91951300878
-15410.92240910757
-15100.086444322245
-12201.962029772223
-11406.331973035276
-14134.754521181858
-14970.903082762472
-10012530.015310094
-10589.444910179265
-12362.595725016117
-12952.024444075012
-15224.65314073905
-14298.204106022999
-14539.82789605355
-12526.22069738218
-14683.676583428905
-14308.75590582916
-15102.090732334615
-14721.377698433347
-15206.747362001113
-14436.334018962947
-15792.977512532658
-10010887.951448077
-14854.134336498313
-14612.784275292062
-14589.169398313383
-13013.071941685308
-14669.136864450817
-14461.64246514993
-15420.848753097183
-10010668.706906524
-13724.668235255493
-14271.989339400552
-15146.591016099996
-12158.55145829458
-14008.931682896806
-12615.669580562886
-10011025.105079733
-10013800.201402364
-11985.34803169837
-13443.439451278726
-15369.84475277226
-14716.346085186393
-15603.210654602948
-14824.374229681825
-14511.616868502299
-13375.166947710184
-14360.933926595706
-10009966.91557461
-11462.334985570726
-13597.834535401122
-10010681.557392707
-10010471.15619948
-13712.514411965522
-14482.217073431817
-14195.077592216241
-10015359.956047378
-10013829.903217213
-12569.214705985829
-13955.960794939687
-13130.933203933198
-13069.696702120424
-14707.540344810306
-14609.996792646143
-13937.726021116288
-15719.655218972115
-14719.413280907747
-11322.218267153114
-10014007.507433264
-13425.81853219923
-13828.380660654033
-10641.507707761026
-14040.296076144688
-10012560.15053221
-14032.593619442834
-14236.184352677044
-14265.173811087298
-13150.712417860397
-13326.086964447552
-14783.96576120682
-10011489.251415662
-14644.696522081604
-13311.146553215818
-12462.06580399633
-10729.651256270621
-15716.727908922718
-13545.108521120808
-12717.499653772093
-12087.538056826146
-14615.441270233114
-14621.879998173605
-14961.042937160377
-13506.701042538434
-11137.451883034099
-10010167.317170769
-14219.270910537592
-14553.100369447162
-13832.61153910587
-14251.319562762203
-8337.799264390615
-13998.05603285157
-14863.820889455072
-15926.908071718855
-14498.502451714858
-14793.28422147061
-13998.360777065169
-11920.09072349661
-15102.962738099039
-12379.725579736541
-12611.483019829953
-15225.295553702428
-14844.952405199203
-11223.983181125353
-14867.308325432408
-15744.873573731424
-14684.01126345431
-13905.44055345175
-12314.654329267196
-14322.08460366194
-13812.184314217227
-15807.63046444434
-12994.733250938285
-13538.120979513213
-12540.196385728272
-14229.13901876379
-10906.69606831464
-9947.222317146743
-14577.787108486673
-14135.511613607314
-14769.252505237222
-15000.164576258061
-14541.136960038133
-14584.98579930963
-14076.027251375222
-14839.77017760448
-12223.455891558373
-14717.637505199637
-15197.014488280196
-14539.553376353786
-12578.05733427576
-15773.66676782639
-15832.07891788325
-14396.671257835065
-15538.9324850433
-15133.66021862127
-15292.331848922215
-14851.638128332039
-14210.768634661314
-13905.226876898396
-15944.028154438602
-15088.484232424047
-14542.209049738527
-15041.884716721748
-17428.422189253368
-13128.332977746953
-15777.552222151506
-15288.227811673589
-12426.914355616369
-14886.331614291757
-12831.780468333196
-14930.129522163952
-13521.675452305999
-15228.31140537945
-13736.382794453373
-15406.650527305526
-15832.225335457153
-14779.978203329909
-14533.990063777754
-15013.047669067568
-14654.541822589174
-13933.530151792067
-14823.232601568026
-14535.07757045914
-16441.61599393184
-14544.95988591922
-15863.193792063174
-13892.577538770089
-15132.114083108796
-14744.444135621425
-10386.340227724007
-13515.77456064925
-14619.40906603063
-16392.757913479018
-13352.6324050853
-15474.572102679147
-14253.753439140786
-8926.855594662442
-16981.46685905559
-15548.487841065697
-13248.442001900627
-10146.144413257804
-15050.053187683301
-15146.34254276754
-15298.548064800247
-15529.42206356036
-13723.461496878059
-14954.626635188595
-13489.406219424562
-14837.389679479518
-14689.990651691662
-9694.618962608332
-10901.391252200016
-14374.71100839817
-14907.453403755233
-17723.45218253671
-15111.234379868978
-15656.707856486057
-8846.119961624798
-14699.870336984975
-14139.881834062026
-14461.19400409305
-16590.53500314794
-14517.958990929623
-14604.992714987822
-15565.890911825343
-15680.58340918401
-15074.420795390928
-13777.404600412001
-14025.192618479587
-10911.661800617403
-13960.681714501043
-14536.135502800604
-14722.381511806378
-10730.79225831916
-11018.702849473295
-14798.487040282742
-12186.729206251068
-15911.87907769817
-14930.373876329168
-12662.715429280948
-15214.902868281397
-15547.12517582528
-13546.94853240282
-6206.721852334792
-12405.145819962969
-15650.706497856116
-13555.26415069639
-15762.977190125313
-15657.006591334164
-15750.301253202075
-4195.072633045166
-13256.81648387555
-14575.461988209025
-12304.167827210043
-10940.930519363452
-12251.321201266144
-8907.850143460399
-15808.873530795292
-12204.881965479557
-13298.037790066272
-13120.815627558959
-12620.388861264473
-14705.578261428793
-12103.53784267978
-15124.911312960223
-15007.472100391089
-10919.158367550814
-14998.132156616331
-14554.350606997954
-15025.93056867008
-14727.190872389181
-11859.905298474117
-15018.69036540213
-15340.671581974524
-10707.414272042719
-10503.66797175503
-12660.154198545752
-13184.655672802017
-2964.746253253862
-14492.849424096648
-13545.158931404487
-14654.005050531017
-11914.531723856599
-14466.22622803669
-14942.38208507674
-15217.54941661393
-15126.452311146135
-14989.469717766598
-9567.171234672638
-9767.138692239125
-15927.539838866456
-12721.66006686535
-12815.63602804886
-15528.18093263955
-9680.43782609303
-12775.565381516475
-14264.72730665936
-14652.737294924227
-15015.786060361752
-14321.719143026123
-11331.79278545238
-12259.108001014672
-14637.377037079936
-15641.145942173642
-11412.926028744909
-8807.665705148984
-13620.374425681335
-12820.562494506365
-13071.085654720842
-15527.402011038577
-9067.848552061594
-13469.634814231598
-14926.5066274112
-15369.970257593162
-15040.800912558187
-12136.690370984341
-15903.154722132776
-14891.222232369171
-15591.63946456658
-10508.733393874985
-13007.985223910568
-14328.30258790848
-10744.290142241347
-13754.36085007306
-15388.141686519013
-14023.189847158026
-12163.293258307036
-13949.468639110355
-14581.912125196333
-11646.82696692599
-11057.00935319115
-14715.669541097795
-12902.50156958582
-14502.748445840421
-15193.205147521423
-13924.547246418148
-12877.239681381754
-13664.898068224926
-14012.702295862797
-14637.631111788565
-13959.53887716891
-13555.534159409179
-14181.08205820171
-10599.317832854993
-12417.104113226014
-7725.695573492619
-13666.682477487522
-14211.084438887567
-8688.129153547174
-13755.323767787022
-14328.316873963591
-15739.892192714793
-9878.8956142463
-13619.123897733787
-12243.199706714831
-15206.542011218899
-12820.860202679885
-14483.767808852706
-12304.75774036813
-11816.698703279824
-14244.997009185257
-15234.217997428532
-14836.997289106625
-15359.25087630671
-10991.565204337325
-11935.042551003802
-7951.431866819561
-14141.797656596365
-11615.108960625683
-14845.102360886984
-11917.014380428964
-8652.457919018263
-9622.757861707692
-14616.744853244556
-12628.73699073179
-14192.735573611884
-13148.878141810597
-15078.05204982586
-11671.038922899053
-12358.51760302992
-13722.317041270295
-9739.74961361088
-13039.38795170502
-11460.588001011964
-14691.963837212184
-11215.04504042783
-12264.931115994495
-14163.3075253588
-14106.259234111081
-13795.898460799679
-11326.844848453256
-12374.686761610063
-9750.613732453221
-14147.458708411315
-13033.880091003102
-13152.753079241504
-13435.180251414547
-13798.096395214623
-13688.084411247688
-13863.783076131978
-9205.542194540665
-14860.348570893697
-13521.579521884596
-14026.467954240348
-14016.47277165218
-11962.185113757445
-9727.804463912325
-14276.617857378053
-13442.725215932964
-9328.113872767963
-13591.322448065308
-13790.80774826035
-12476.293804321349
-10013.149968895883
-13097.056410419667
-13539.7659425711
-13652.057199166866
-14833.55647298424
-14279.782625776052
-11531.65670264282
-13664.153928244314
-3926.514122175488
-9843.036932393426
-13406.077601753315
-13650.767340652697
-14551.605895030101
-14220.400773925678
-6450.532541981579
-13572.999485887434
-13038.635221142598
-14320.652848159538
-14008.595075661056
-14142.68370928319
-9632.89125029593
-13183.708922361762
-12614.411542283431
-13855.23566592839
-14423.98555040921
-13895.216921162897
-14132.490559848145
-12098.10521583107
-13817.311637522966
-12434.810950768928
-13359.101568077553
-14158.214085150974
-11933.829253845379
-12933.045400153329
-12432.419221362934
-13034.735405512256
-14420.968304010186
-8842.994872479343
-12314.582324994055
-14248.215113488732
-11154.278241093456
-10000.035471858944
-7587.681482918908
-12777.378837822898
-11808.734732950032
-11038.023415808557
-13763.023318950867
-13865.919549466844
-14579.052747025931
-9326.22337433343
-14204.750394303102
-13901.005028384949
-8309.204238231141
-9639.92490963976
-14218.778881938819
-13544.770647920004
-15750.150834321794
-13553.52334195152
-10434.443946965257
-12003.58689872534
-8813.037956486323
-13805.99748136687
-9350.697738912791
-10066.783641844802
-14583.227060467223
-13992.669306231517
-14261.976312231873
-14394.769001537354
-14483.181209745046
-12114.647282348931
-9712.143339171695
-12742.197935124983
-14032.160476967016
-13377.461417228018
-14360.951851755113
-14138.038887768556
-8034.861595078282
-11525.812232878709
-11614.848281366872
-9876.222463369915
-13589.8476945299
-9846.418180722603
-14056.887847921413
-13202.495237027973
-9546.306182154223
-7782.824121911064
-13812.88912323112
-13131.122238973594
-13678.93102126923
-10855.010301352906
-12962.355049197267
-10763.532349284897
-12350.130952216727
-14041.578719613963
-5326.606174906283
-13983.243025395566
-13863.407638183624
-13661.76744350027
-11988.474551921865
-13619.793256223486
-10908.759243891764
-10239.90127141417
-14240.68320177993
-13236.601452629324
-13553.851777471677
-10716.058321818986
-12848.487106196333
-13766.348884087904
-14154.15066451668
-13693.144250455409
-13208.807255854728
-13416.606347918585
-12803.83258925352
-13834.934148687234
-13751.601987724121
-13578.637809143822
-10130.865449960747
-11147.975696742586
-7620.546554557009
-12229.754397431148
-11947.35403130461
-13518.96049477884
-12159.825298199914
-12860.46939771756
-13059.713692433501
-13050.214195486946
-11502.710343282986
-12408.90856784986
-11250.028517751709
-13250.350522250996
-12066.163829029858
-13915.802864701223
-14682.542887239098
-12667.530228291933
-13997.721582100812
-13744.408773230645
-12526.843105543527
-12529.36847929674
-8675.000385180641
-13850.595890644952
-10849.616050217717
-14387.171181743908
-12799.541085488636
-11043.286569332651
-11482.878163229518
-13821.371372155716
-13371.328682130877
-14434.152921300018
-11941.491713581385
-14042.757075547834
-13764.582342332715
-12623.007572111099
-12920.554427706757
-13541.073741256978
-10300.291462079687
-9526.453750298839
-13229.347622755966
-12925.251609078041
-13417.052537321457
-13065.618015741553
-11481.99771282403
-13032.556786391957
-13438.658031517041
-13530.907621169637
-11146.682927992299
-13358.907586348492
-13249.776878373055
-10705.501956195547
-11437.337166802505
-11150.866903065431
-12131.050651719332
-12560.714105549709
-12526.465861833325
-13792.996682187764
-11122.52212844952
-14027.263430392828
-10662.769397310025
-13140.422818742612
-13341.754599424165
-9361.165482626922
-11025.075286700388
-13569.074638609805
-11012.62548677757
-13573.89255337216
-13057.191833907247
-8185.497033601126
-11149.553236541558
-13498.476339879546
-12349.229384195787
-13334.32302756902
-12350.07756666604
-13043.652704219217
-11133.544498448111
-8299.950141892807
-11478.3305402217
-10758.755124503994
-12670.111204162444
-14145.449687860746
-8588.49650755115
-11149.005383656695
-12157.944098008911
-12697.602636700467
-13063.656135638072
-11231.324083329482
-13272.61631881161
-13142.742050530445
-12616.450520714101
-12122.470547486757
-10895.25307190573
-6558.221559988644
-12540.666529669286
-8633.203616082757
-9439.894303811616
-12081.287853514426
-11925.398989608408
-11644.488362480623
-8655.371798913997
-9960.308631702777
-13344.381244364859
-9352.543936735217
-13651.70025376568
-12240.606338973887
-13168.897320525095
-13352.087406687828
-9262.191279862906
-12146.96901333818
-13318.503730166838
-13571.485287726262
-13337.275602495229
-10771.799517117455
-12926.033354151532
-11830.35080741146
-13278.655168204408
-12889.310218604529
-13807.41571078777
-12029.464503126874
-12248.936768055497
-12377.280306927112
-13052.639666147592
-10717.93701308274
-10160.154302148068
-13829.496765146512
-9351.566878532321
-12415.581359411597
-12413.221755316315
-10497.396446307703
-9379.416907867479
-12673.565527763345
-9064.463437937464
-10236.361478805691
-13161.966138024787
-13028.094656357587
-11042.089045808978
-9350.432966267597
-9855.136903669225
-13345.605750300076
-9782.064028840843
-14176.552368534838
-12265.08094000155
-12929.170982626269
-10827.615023609316
-13122.96798015725
-9080.0074497399
-13567.934819366095
-12456.618514318614
-13955.698086235116
-12627.889294719398
-13935.551292190921
-13588.826999862775
-12158.914300736114
-12859.248970823224
-13841.659478670874
-12885.870284606817
-13889.611908938756
-9532.806797973557
-14103.050715043322
-11760.461516691363
-11039.682088298723
-13144.542456272633
-9149.109617103153
-13451.724884516265
-12260.328931766819
-12874.433966854966
-13249.69973032777
-13482.323851569197
-9448.155456275774
-12379.09892147694
-12786.9973370935
-13351.083238007192
-10357.939004504198
-12371.959615071206
-11820.065284473181
-10377.707324439856
-11241.419753613649
-12339.205627983603
-10681.518204078755
-11538.41620276499
-8725.00403577626
-10178.936404862974
-13278.823133428496
-12176.842060266448
-12790.064575418965
-13602.161024228935
-13423.120788118504
-13245.374417334051
-8905.030366835474
-12915.277924534255
-13904.234743261892
-13385.536233402421
-12357.745180136139
-11450.867532404234
-11695.697259207695
-13132.314971396403
-10397.206969585615
-13111.654473666342
-10746.565354600012
-10803.289808947842
-14259.658617591793
-12935.846818888964
-11669.489548094876
-12405.047147661444
-13040.514710184545
-13231.680369244643
-13097.967352384827
-13458.513385285423
-13152.384157004031
-12778.286211023127
-13108.16055554445
-13573.81186608882
-9823.326074766801
-7641.350867913856
-10026.935993890547
-12947.744441123234
-11065.527415212775
-8662.075115787444
-9041.335371927273
-12776.678977155734
-14008.461075360936
-14364.892773509964
-13167.352278768212
-12320.872471140348
-12162.347635788543
-7867.213069685682
-12770.876326115764
-12865.329446354246
-10968.868553745382
-4428.740423341448
-13296.62317675658
-13357.735393112504
-11415.798127835538
-13051.916787257129
-8788.269541621861
-13094.224088046461
-13191.958069924149
-14072.610792459627
-8461.278403524277
-13381.25796760419
-10759.82385930568
-9974.2035923553
-10491.812733557386
-12525.818476802606
-11770.200431226382
-13319.390285491934
-13143.73413302383
-11746.716722224746
-13031.795092003042
-10496.395192916081
-9640.824764095003
-12717.227603264884
-12839.37512752179
-11054.091121553949
-12830.531086390996
-12853.226066119618
-13297.759570403643
-12518.354625479826
-10989.911715127408
-13166.902009833017
-10563.70162656489
-12660.920686398882
-13850.975795192277
-11771.8149576763
-10744.162401481135
-10352.82853446834
-10533.954871713846
-11618.053569305624
-11279.04081766407
-12251.709746015067
-13995.473553105378
-8945.10550347403
-7195.175729076785
-9659.052041223995
-12827.954838919684
-13676.662478185026
-13072.984035006973
-12197.131675735329
-12825.922242244753
-10970.782039976844
-12718.3120159858
-11743.03707535337
-13672.42258418486
-12212.682562072738
-13609.84753368532
-12934.427624595392
-11143.019071360057
-12238.955303819705
-12797.726949975548
-12960.70857507787
-10675.462488228179
-11945.422009657583
-12727.3646670555
-12880.347481421153
-14404.974691732396
-13002.217319867204
-13519.353833646184
-10362.748912480121
-13151.735716314388
-13031.770984147044
-13048.475578167521
-13376.380274449413
-13541.372314917578
-13774.642085747324
-12766.97309662238
-12953.646282839773
-8786.62084869825
-11552.63412267758
-12888.051378152724
-10942.987596736042
-10086.231231204129
-11634.539133857626
-12150.646899454752
-12326.479295671867
-11486.60758620652
-13334.939010078022
-13722.62498117148
-13360.62891408147
-8453.348069284037
-12678.267449924562
-13223.366321888869
-12687.134016549362
-10151.292207585357
-13132.911463993025
-13004.216655511895
-11497.651800303434
-10748.790104232588
-13477.698307331955
-13256.438535581397
-13516.663114582048
-13742.067358246235
-13384.66156077982
-13080.887999029197
-9254.992104251753
-10144.319650865806
-11473.776219286452
-11691.4548455062
-13187.836448552775
-12925.109239665266
-13479.863469908421
-12601.268920601573
-10598.042334120944
-13303.217392100703
-11917.899958624066
-11054.516766516957
-12357.241276604209
-7162.274946906477
-13393.60147078939
-13472.287757028946
-12846.835145522553
-13033.690523298419
-13648.851737034713
-13398.146694646137
-13549.617038441502
-13092.366980885192
-13864.176502926353
-10893.17767719138
-12825.004407465602
-12097.31798299688
-13892.056297818051
-12804.177798448673
-11968.099156042705
-10954.178141750248
-11249.088703108147
-13368.060707068966
-12974.535880308393
-12890.400673588665
-13617.19173667899
-13063.38846489146
-12766.833790367778
-13148.833473206692
-13881.038838309481
-9195.694153795312
-13162.9849171268
-12750.530155314162
-13828.899986840028
-9167.640571062688
-13267.879849407234
-11470.546490413224
-13292.250078124247
-13205.936560643553
-11471.540721899122
-12376.453902564484
-13882.780773275474
-8949.739422012204
-13700.812064411712
-13000.700635993497
-11949.625964498096
-8368.36736159792
-9166.966896025699
-4345.865600994548
-11477.517910048515
-11828.566763839883
-13703.166261101467
-13489.453084153436
-11760.685213920528
-13270.432248219731
-10701.080216148383
-13719.805780745846
-11356.95334615407
-12755.994551642083
-12884.54422847095
-13607.120547784114
-13674.422034923995
-11655.51280031046
-14216.507842078234
-11545.74096576878
-9357.602107317936
-11090.153894341345
-13608.259465964515
-12341.181363948259
-12843.268202847186
-12954.068817254007
-13301.231617659754
-13146.251660085063
-14345.517503892086
-11103.102642201316
-13976.952815168717
-10233.339256876836
-13744.828402348065
-12316.47702915405
-11449.138120295476
-14068.275411813029
-13088.973412136167
-11185.908281922382
-13937.44985067703
-13050.939021021775
-8435.989194284932
-12882.335611686276
-14215.42312948993
-13766.146126862603
-12956.923972018025
-13524.408328532423
-13172.6290281415
-9869.81249255388
-13586.052419689187
-13019.302651343587
-13151.346357173126
-12777.029698766004
-12983.862101666338
-10090.284756033483
-12899.106323514132
-13683.315274523782
-13527.069679093516
-12348.536779877528
-11841.47291094418
-11715.241445254524
-13780.201212658509
-12740.91156491827
-9171.197352145422
-10766.75352157311
-10254.655021748009
-12851.402277487585
-14261.828401767381
-13058.948533802779
-13592.696798699793
-12978.086657699547
-13445.689271264962
-14238.591747779465
-13530.017016751428
-13828.447266359348
-13286.0140942593
-12753.742362144008
-13646.377938868647
-12068.50911535873
-13684.969096645791
-13659.154041485075
-14781.224220805096
-13889.69278077024
-12916.152357953079
-14045.305312428476
-13546.038753349496
-13454.977433592561
-13401.242613768056
-13870.099244545629
-13195.258995559949
-12249.233096425987
-10283.625205161205
-13753.746439588818
-13915.41890566131
-12354.000937442528
-14159.858688711096
-11266.378865137429
-13062.599986310359
-14109.51590030714
-4753.659666132041
-13902.633893107823
-13480.608512660247
-13451.309091647214
-12270.251382068782
-14392.250541264193
-13977.117972124965
-13564.833739059308
-10873.81082340131
-12751.452971273877
-12810.714472404898
-13649.095221884254
-13141.754437875627
-12905.666710710018
-10539.341297450319
-8919.892047625879
-12877.812483099202
-13297.201034067857
-13165.728561740936
-13281.485146867544
-11397.810821602485
-12765.897914059315
-12933.373083108847
-13264.260942059886
-12407.646020570835
-13153.853699997491
-8293.242679238518
-13872.849105838244
-11100.105369749672
-13464.003473595012
-12924.730838444297
-10514.54453845449
-12297.779901451277
-12955.996188704936
-12956.82787744409
-13150.748062482055
-13564.367914348955
-13771.108663303567
-13477.440719756967
-13171.041798348062
-11824.994497050302
-11469.584383576183
-11806.90961463069
-13177.821501113856
-13097.188842424588
-10787.1303973094
-11881.46491238669
-13319.751789423299
-11072.36392178755
-12959.968636374764
-12950.015268771085
-8215.168425716365
-11377.154908476894
-14045.05948764612
-10859.437252229975
-13045.377083011017
-11461.414969261468
-11483.982945046699
-13749.111951387169
-12743.366694985763
-13422.12619078643
-12576.599970093037
-12334.222353008596
-11285.839606783837
-14070.991844649028
-11947.487648875434
-11371.29137710072
-13366.032752069232
-13179.30315306153
-13555.93368809577
-13383.602517633897
-10600.661356670784
-12896.666053875742
-12957.701985883188
-12216.61023033475
-12690.344502680888
-11870.671328926106
-12012.158137612189
-11945.276211945744
-12065.699670732116
-12928.599995777266
-12975.203593242908
-9634.117413507676
-12365.839771201196
-12974.538492044383
-13163.345183292979
-11865.817905470596
-12022.112329635831
-12447.68391302739
-14930.369991333619
-13366.704969242704
