-1007
598996
-1009
-1003
-1005
-1009
-1007
-1006
-1006
-1005
-1007
-1006
-1005
-1008
598997
-1007
-1005
-1004
-1006
-1004
-1006
-1009
-1007
-1005
-1007
-1008
-1006
-1003
-1009
-1008
-1006
-1005
900996
-1008
-1008
-1005
-1008
-1007
-1009
-1009
-1005
-1006
-1004
-1005
-1005
-1007
-1007
-1006
598992
-1004
-1005
-1004
-1005
996
899897
-1007
-1006
993
1198994
-1007
993
-1006
-1005
-1004
-1004
-1007
-1008
1198993
-1006
-1008
-1008
-1004
-1007
-1005
598995
-1003
-1005
-1004
-1008
-1007
-1006
-1008
-1005
-1009
1198995
-1007
-1006
-1003
-1005
-1007
-1009
598994
598996
-1007
-1007
-1008
-1006
-1005
-1006
-1005
598998
-1004
-1007
598994
-1007
2994
-1007
-1005
-1004
-1006
-1003
-1007
-1007
-1004
-1007
598995
-1009
-1007
-1007
-1007
-1007
-1009
-1009
-1003
-1003
-1010
-1003
-1005
-1006
-1003
-1008
-1007
-1005
-1007
-1009
-1007
-1006
-1005
-1005
-1005
-1005
-1004
-1005
-1007
-1006
-1007
-1009
-1003
-1004
598993
-1006
-1006
-1007
-1007
-1007
-1008
-1006
-1006
-1005
-1005
-107
-1006
-1006
-1004
-1007
-1007
-1008
-1004
-1005
598994
-1005
-1007
-1008
598996
-1008
1199895
-1007
-1009
-1006
-1007
-1007
-1009
-1009
598993
-1008
-1006
-1006
-1005
-1007
-1009
598995
-1007
-1008
-107
-1006
-1008
-1004
-1004
-1005
-1008
-1006
-1005
598993
-1010
-1005
-1007
-1007
-1008
-1008
-1008
-1004
-1008
-1008
-1008
-1006
-1009
-1010
-1004
-1003
-1008
-1006
-1004
-1009
-1008
-1004
-1006
-1007
598995
-1005
-1005
-1007
-1008
-1004
-1007
-1006
-1003
993
-1003
599893
-1008
-1004
598995
-1004
-1003
1198996
-1005
-1006
-1005
-1003
-1006
-1005
-1008
598994
598995
-1006
-1004
-1005
-1005
-1006
-1007
-1005
-1005
-1009
-1005
-1006
-1005
-1006
-1005
-1004
-1005
-1008
-1002
-1009
-1008
-1004
1198994
-1004
-1004
-1009
-1003
-1007
-1008
-1006
-1009
-1008
-1008
-1004
-1007
-1005
-1009
-1002
-1007
-1006
-1004
-1002
598993
-1003
-1008
-1008
-1009
-1006
-1009
-1003
598995
-1005
-1007
-1005
-1008
-1004
-1009
-1007
-1006
-1007
1895
-1007
-1005
1200996
-1007
598994
-1005
-1006
-1007
-1010
598993
-1008
-1008
-1009
-1001
-104
-1006
-1005
-1002
-1008
-1004
-1007
-1005
-1005
-1005
-1004
-1009
-1006
-1002
-1006
598997
-1004
-1007
598997
-1004
598997
-1003
-1005
-1004
-1006
-1009
-1008
-1009
-1008
-102
-1006
-1003
-1008
-1006
-1010
-1009
-1009
-1005
-1006
-1006
-1004
-1005
-1005
995
-1005
-1003
-1003
-1009
-1005
-1006
-1006
-1006
-1006
-1006
-1004
-1004
-1004
-1007
-105
899894
-1008
598996
-1006
-1003
-1005
-1004
-1008
-1004
-1004
-1007
598994
-1006
-106
-1007
-1008
-1009
-1006
-1008
1500996
-1007
-1004
1198994
-1004
-1007
-1006
-1004
598994
-1006
-1006
-1007
-1003
-1005
-1008
-1007
598997
-1004
-1010
-1007
-1004
-1005
-1008
-1009
-1008
-1005
-1006
-1009
-1005
-1008
-1005
-1005
-1007
-1006
-1007
-1004
-1005
-1008
-1003
-1006
-1006
-1005
-1010
1198994
1398992
-1007
598998
-1006
-1005
-1007
-1007
-1005
-1001
-1006
-1006
-1005
-1004
-1006
-1007
-1004
-108
-1006
-1007
-1006
-1005
598994
-1002
-1007
-1006
-1004
1198994
-1009
-1005
-1005
-1003
-1008
1798994
-1005
-1007
-1008
-1007
598996
-1004
598993
-1002
-1008
-1003
-1006
-1005
-1007
598994
598995
-1009
-1006
-1008
-1007
-1008
-1007
-1009
598996
-1006
-1005
-1008
-1006
-1005
598994
598995
-1007
-1009
-1007
-1006
598993
-1008
-1010
-1002
-1007
-1006
-1006
1198995
-1007
-1005
-1007
-1006
-1008
996
-1006
-1005
-1005
-1006
-1008
-1004
-1004
-1009
-1003
-1004
-1007
-1006
-1010
-1006
600994
-1007
-1001
1500995
598998
-105
-1007
-1004
-1007
-1006
-1006
-1006
-1007
-1007
-1007
-1007
-1007
-1006
-1006
-1007
598992
-1007
802993
-1006
-1004
-1007
-1007
-1004
-1006
-1005
-1007
-1009
-1010
-1006
-1005
-1009
-1007
-1005
-1005
-1005
-1006
598993
-1004
-1007
-1005
-1008
-1007
-1005
-1004
-1009
-1006
-1001
-1007
-1007
-1009
-1005
-1007
-106
598992
1798997
-1009
-1003
-1007
-1006
-1006
-1008
-1007
-1009
-1008
-1007
899894
-1005
-1006
-1005
-1004
-1010
-1007
-1003
-1005
598994
-1007
-1007
-1008
598992
-1008
-1004
-1006
-1008
-1004
598994
-1010
-1006
-1009
-1007
-1003
-1008
598993
-1007
-1008
598995
-1006
-1005
-1002
-1008
-1007
-1007
-104
-1007
-1009
-1008
-1009
-1004
1499893
-1006
-1006
-1005
-1006
-1004
-1008
-1007
-1008
-1008
-1009
-1005
-1003
-1006
-1007
-1004
-1008
-1005
-1006
-1006
598994
899899
-1007
598995
-1005
-1006
-106
-1008
-1004
-1007
-1009
-1006
1200994
-1008
-1006
-1008
-1008
-1006
-1007
-1007
-1007
-1006
-1004
-1006
-1008
-1007
-1005
-1008
-1004
-1006
-1006
-1007
-1006
-1006
-1003
-1007
-1008
-1004
-1006
-1007
-1008
-1007
-1006
-1007
-1006
-1006
-1009
-1006
-1009
-1007
-1006
-1005
-1005
-1006
-1005
-1007
-1003
-1005
-1007
-1008
-1007
-1003
-1008
-1005
-104
-1005
-1007
-1007
598998
-1004
-1003
-1008
-1002
-1008
-1005
-1008
-1008
-1003
-1007
598995
-1005
-1007
-1002
-1006
-1009
-1008
-1007
-1009
-104
-1006
-1006
-1005
-1005
-1005
-1006
-1008
-1004
-1005
-1007
-105
-1009
-1005
-1008
-1006
598992
-1004
-1004
-1006
-1006
-1006
-1008
-1008
-1005
-1001
-1006
-1003
598995
-1006
-1008
-1006
-1008
-1005
-1004
-1006
-1010
-1006
-1008
598996
-1008
-1003
-1006
598993
-1003
-1007
-1004
598995
-1008
-1005
-1006
-1007
-1007
-1009
-1005
-1004
-1007
-1005
-1007
-1006
-1007
-1008
-1008
-1004
-105
-1006
-1007
-1004
-1009
-1006
-1005
-1010
-1004
-1006
-1002
-1004
-1008
-1006
598993
-1005
-1006
-1004
-1005
-1005
-1003
598995
-1004
-1007
-1006
-1005
-1010
-1008
1799894
-1005
-1005
-1007
-1010
-1007
-1008
995
-1008
-1004
-1005
-1003
-1007
-1005
-1007
-1009
-1004
-1008
-1006
-1004
-1006
-1007
-1009
-1007
-1006
-1005
-1001
-1007
-1006
-1007
-1004
-1008
-1008
-1007
1200994
-1005
-1002
-1008
-1005
-1005
-1008
-1005
-1004
-1007
-1005
-1006
-1004
-1009
991
-1007
-1007
-1003
-1006
1500797
-1004
-1008
-1005
-1007
-1006
-1007
-1008
-1007
-1006
-1010
-1007
-1008
-1005
-1004
-1006
-1004
-1003
-1006
-1007
-1003
-1007
1198994
600993
-1003
-1006
-1006
-1005
-1009
-1004
-1006
-1006
-1007
-1004
-1003
-1007
-1009
-1006
-1006
-1007
-1007
-1009
994
-1006
991
-1006
-1006
993
-1008
-1003
-107
-1008
-1006
-1006
-1004
598993
-1004
-1007
-1008
-1007
-1006
-1007
-1007
-1003
-1006
-1006
-1006
-1007
-1010
-1008
-1007
-1009
-1006
-1004
994
-1005
-1006
-1004
-1005
-1005
-1005
-1007
-1006
-1009
-108
-1007
-1006
1198995
-1007
-1004
-1005
598996
-1005
-1007
-1002
-1006
-1007
-1007
-1007
-1008
900998
-1004
-1006
-1007
-1005
992
-1007
-1008
-105
-1006
598997
598994
-1008
-1005
-1009
-1005
-1006
-1003
-1005
-1007
-1007
-107
-1005
-1005
-1008
-1006
-1007
-1007
-1006
-1005
-1007
598994
-1008
598994
1198994
-1007
598996
-1005
-1007
-1005
-1005
598995
-1009
-1007
-1006
-1007
-1005
-106
-1010
-1009
-1004
-1010
-1010
-1006
-1005
-1003
-1005
-1003
-1004
-1007
-1009
-1007
-1008
-1008
-1005
-1007
-1005
-1004
-1005
-1006
-1007
-1007
1798994
-1003
-1006
-1006
-1008
-1009
-1003
-1003
-1006
598996
-1006
-1007
-1005
-1008
-1005
-1009
-1004
-1005
-1006
-1007
-1006
-1006
-1005
-1008
-1008
-1007
-1007
598996
-1005
598999
-1007
-1007
-1009
-1005
598992
-1005
-1006
-1007
-1009
-1004
-1007
-1006
-1007
-1005
-1005
-1004
-1005
-1006
-1007
798992
-1004
-1008
-1004
598994
598996
-1007
-1006
-1009
-1006
-1003
-1007
-1007
-1007
-1007
-1004
-1005
-1006
-1008
-1006
-1008
-1004
-1008
-1007
-1008
-1008
-1005
-1005
-1006
598996
-1007
-1007
-1005
-1005
598993
598997
-1008
-1005
-1009
-1007
-103
-1005
-1007
-1007
-1006
598994
-1009
-1006
-1003
-1008
-1007
-1009
-1006
-1007
-1006
598994
-1007
-1006
-104
-1007
-1006
-1007
-1007
-1005
-1004
-1006
-1006
-1005
-1005
-1007
-1003
-1006
-1006
-1006
-1003
-1006
-1005
-1007
598996
598997
-1006
-105
-1004
-1005
-1007
-107
-1007
-1006
-1005
-1009
-1006
-1006
-1008
-1007
-1008
599896
-1006
-1002
-1009
-1007
-1008
-1004
-1008
-1006
-1008
-106
-1008
-1008
598995
-1006
-1007
-1008
-1004
995
-1007
998
-1007
-1006
-1008
-1008
-1006
-1002
-1005
1398996
-1007
-1010
598995
-1005
-1009
-1007
1198994
598994
-1008
-1006
-1007
-1005
-1005
-1007
598995
-1007
-1008
-1006
-1004
-1005
-1005
-1006
-1008
-1007
-1004
-1006
-1007
598998
598993
-1003
-1008
-1007
-1007
-1005
994
-1007
-1007
-1008
-1004
-1007
-1006
-1007
-1006
-1007
-1008
-1005
-1004
-1006
-1007
598995
-1007
-1006
-1007
-1007
-1008
-1010
-1009
598995
-1008
598995
-1006
-1007
-1006
-1006
-1004
-1008
598994
-1006
-1010
-1006
-1007
-1007
-1006
-1008
-1009
-1005
-1005
-1007
-1006
-1005
-1005
-1004
-1004
-1009
-1007
-1004
-1006
-1007
900997
598996
-1005
-1009
-1004
-1004
-1007
-1002
-1009
-1006
-1004
598995
900995
-1008
-1006
995
-1006
-1008
-1003
-1007
-1006
-1004
-1004
-1008
-1004
-1005
598996
-1003
-1003
-1009
-1009
-1005
-1004
-1008
-1005
-1004
-1007
-1006
-1006
-1004
-1008
1198994
-1004
-1009
-1006
-1006
-1004
-1006
-1009
-1005
-1008
-1007
598995
-1007
-1010
-1005
-1007
-1010
598997
-1004
-1009
-1004
-1004
-1006
899894
-1007
-1006
-1006
998
-1006
-1004
-1004
-1006
900997
-1005
-1008
-1009
-1008
-1005
-1004
-1005
598994
-1006
-1007
-1006
-1004
996
-1008
-1005
-1007
598996
598992
-1006
-1002
598995
-1005
-1005
-1005
-1007
-1008
-1005
-1004
-1010
-1006
994
-1007
-108
-1009
-1004
-1005
-1003
1199893
598994
-105
-1008
-1009
-1008
-1006
598997
-1009
-1005
-1008
-1008
-1005
-1006
-1008
-1007
-1008
-1008
-1006
-1006
-1005
-1006
-1007
598994
-1008
-1009
-1004
-1004
-1008
-1006
598993
-1005
-1008
-1006
-1004
-1009
-1008
-1008
-1009
-1005
-1006
-1006
798994
-1006
-1006
-1008
598995
-1005
-1008
-1006
598994
598996
-1007
-1007
-1007
-1004
-1008
598995
-1006
-1005
-1004
-1005
1198994
-1006
1198997
-1007
-1010
-1005
-1008
-1007
-1006
-1006
-1006
-1007
-1005
-1004
-1010
-1009
-1007
-1005
-1007
-1004
-1006
-1006
-1006
598995
-1004
-1005
-1009
598994
-1009
-1003
-1007
-1005
-1006
-1007
-105
-1006
-105
-1006
-1006
-1005
-1005
-1005
-1006
598995
-1004
-1007
-1006
-1006
-1004
-1004
-1008
-1006
-1006
-1007
598993
-1007
-1007
-1006
598997
-1004
598997
-1005
-1005
-1009
-1009
-1005
-1006
-1008
-1009
-1005
-1006
-1008
-1005
598997
899897
-1003
-1006
-1004
598993
-1005
-1006
-1007
-1002
-1008
-1006
-1006
-1005
-1006
-1006
-1004
-1003
-1006
-1005
-1008
-1004
-1009
-1006
996
-1008
-1007
-1010
-1003
-1007
-1009
-1005
-1006
-1007
-1010
-1008
-1009
-1007
-1008
-1007
-1009
1198999
-1007
599895
-1004
-1005
-1005
-1008
-108
-1005
-1008
-1008
-1007
-1003
-1005
-1005
-1008
598996
899895
-1008
-1005
-1007
-1002
-1004
-1009
-1005
-1005
-1004
-1009
-1002
-1004
-1004
-1004
-1005
-1004
-1008
-1004
-1007
-1004
899894
-1003
-1005
-1006
-1003
-1003
598995
-1004
-1005
1198995
-1007
598996
-1004
-1008
-1008
-1007
-1007
-1006
-1007
-1004
-1007
-1004
-1006
-1004
-1010
-1007
598997
-1009
-1010
-1006
899892
-1006
-1008
-1008
-1008
-1005
-1008
-1007
-1005
-1005
599895
-1007
-1008
-1009
-1005
-1003
-1005
-1005
-1006
-1004
598996
-1006
-1007
-1008
-1010
-1007
-1009
-1003
-1005
-1007
-1004
-1006
-1007
-1003
-1003
-1007
598995
-1006
-1007
-1005
-1004
-1006
-1009
-1007
-1006
-1007
-1004
-1005
598996
-1005
-1004
-1008
-1007
994
-1005
598998
598994
-1008
-1006
-1006
-1006
-1005
-1006
-1008
-1008
-1004
-1005
598994
-1007
-1003
-1003
-104
-1004
-1006
-1006
-1007
-1009
-1006
900992
-1006
-1009
-1010
-1008
-1006
-1005
-1009
-1008
-1008
-1005
598993
-1009
-1010
-1005
-1004
-107
-1005
-1007
-1009
-1010
-1006
598995
-1007
-1007
901894
-1009
-1009
-1006
-1004
-1005
598992
598994
-1009
-1004
-1002
-1004
-1006
-1008
-1005
-1005
-1003
-1006
-1006
-1008
-1006
-1009
-1003
598994
-1009
-1007
-1006
-1007
-1006
-107
-1003
-1007
598993
598994
-1007
-1010
-1006
-1007
-1007
-1005
-1004
1893
-1006
-1004
-1004
-1003
-1006
-1008
-1009
-1007
598998
-1007
-1005
-1006
-1008
-1002
598995
-1007
-1009
-1005
-1009
-1003
-1007
-1005
-1007
-1005
-1007
-1009
-1004
-1007
-1005
-1008
-1008
-1006
-1006
-1007
-1008
-1009
-1008
598995
-1007
-1007
-1007
-1003
-1004
-1006
-1004
-1008
-1006
-1003
-1007
-1007
-1004
-1005
-1007
1998995
-1003
-1006
-1010
-1003
-1006
-1008
-1007
-1005
598994
-1007
-1007
-1006
-1006
-1007
-1007
-1007
-1006
-1006
-1008
-1010
-1009
-1008
-1005
598997
-1009
-1006
1198994
-1007
-1009
-1002
-1006
-1006
-1009
-1003
-1005
-1005
-1005
-1006
-1007
598995
-1004
-1007
-1008
598993
-1008
-1004
-1005
-1008
-1006
-103
-1010
-1004
1499895
-1004
598994
992
-1003
598996
-1005
-1007
-1007
-1006
-1007
-1005
-106
-1002
-1007
-1005
-1009
-1007
-1007
-1004
-1009
-1006
1198994
-1005
-1005
-1005
-1007
-1006
598997
-1010
-1004
-1003
-1006
598993
-1006
-1007
-1007
-1008
991
-1005
-1008
-1007
-1007
-1007
-1001
-1003
-1008
-1007
-1010
598996
-1007
-1003
598996
-1008
-102
-1006
-1004
-1005
-1005
598996
-1007
-1007
-1005
-1002
-1007
-1006
-1008
-1008
-1005
-1002
-1005
-1003
993
-1006
-1007
-1007
-1004
-1007
-1007
-1009
-1007
-1006
-1008
-1007
997
900994
-1008
-1010
-1005
-1003
996
-1005
-1006
598998
-1005
-1005
598993
-1006
-1003
-1006
-1008
-1006
-1006
-1005
-110
-1008
-1008
-1007
-1010
-1007
-1009
-1007
-1008
-1007
-1006
-1008
-1007
-1005
-1005
-1005
598997
-1004
-1007
598996
-1005
-1007
-1004
-1006
598993
-1003
-1008
-1006
992
-1005
-1004
598993
-1003
598995
995
-1008
-1006
-1003
598994
-1003
-1009
-1008
-1005
-1009
-1008
-1004
-1001
-1009
-1009
-1005
-1008
598996
-1006
-1007
-1008
900994
598993
-1003
-1006
-1008
-1009
-1008
-1007
-1003
-1008
-1005
-1007
-1004
-1006
598995
-1007
-1007
-1007
-1006
-1005
-1004
-1004
-1008
-1007
-1004
-1005
-1007
-1005
-1006
-1009
-1005
-1007
1198996
-1005
-1006
-1008
-1006
-1009
-1003
-1005
-1004
-1003
-1004
598994
-1006
-1006
598995
-1004
-1004
-1008
-1007
-1005
-1008
-1003
-1005
-1004
-1005
-1006
-1007
-1004
-1008
-1005
-1008
-1008
-1001
-1007
-1007
-1008
-1005
-1006
-1006
-1007
-1004
-1006
-1003
-1008
598996
1198993
-1009
-1010
-1008
-1007
-1008
598993
-1004
-1006
-1008
598994
-1006
-1007
598994
-1007
-1006
-1007
-1005
-1009
-1008
-1003
794
-1005
598993
-1004
-1006
-1008
-1007
-1004
598992
-1005
-1002
-1007
-1002
598995
-1005
-1006
-1007
-1007
-1009
-1006
-1006
-1006
598998
-1004
-1001
-1004
-1008
-1006
-1003
-1004
-1005
-1009
-1008
-1006
-1004
-1008
-1008
-1006
-1007
-1009
-1006
-1005
-1007
-1004
-1004
-1003
994
-1009
-1009
-1006
-1005
-104
-1006
-1007
-1006
598996
-1006
-1009
-1003
-1006
598995
-1005
995
1198997
-1004
-1007
-1010
-1007
-1005
598996
-1006
-1003
-1006
-1004
598994
-1006
-1004
-1007
-1007
900996
-1005
-1005
-1010
-1007
-1008
-1004
-1008
-1008
-1004
-1009
598995
598992
-1005
-1006
-1007
-108
-1005
-1007
-1002
-1007
899893
-1007
-1006
-1008
-1005
-1006
-1009
-1007
-1004
-1008
-1005
-1009
-1006
-1004
-1006
-1003
-1003
1198993
-1003
-1008
598995
-1007
-1005
598994
-1007
-1004
-1007
899895
-1005
-1006
-1004
598992
1895
-1004
-1010
-1009
-1006
598994
-1008
-1003
-1008
598993
-1008
-1006
-1002
-1007
-1007
-1006
-109
-1008
-1005
-1005
-1005
-1004
-1008
-1008
-1007
-1003
598999
-1009
-1007
-1008
-1004
-1004
-1007
-1006
-1007
-1007
-1004
-1010
-1005
-106
-1005
598997
-1006
-1006
-1006
-1004
-1006
598995
991
-104
-1008
-1006
-1006
-1006
-1006
-1005
-1007
-1006
-1007
-1004
-1008
-1009
-1007
-1008
-1006
-1006
-1007
-106
-1008
-1003
-1007
-1008
-1006
-1004
-1003
-1009
-1008
-1007
-1003
-1005
-1004
-1004
-1004
-1004
-1005
-1005
-1009
-1008
-1006
-1008
-1005
-1007
-1004
-1005
-1007
-1003
598996
-1005
598994
-1006
-1005
-1005
-1008
-1008
-1007
-1005
598993
-1008
-1009
-1004
-1009
-1005
598993
598993
-1006
598998
991
-1009
-1007
-1008
-1009
-1003
-1004
-1007
-1005
-1006
-1009
-1006
-1006
-1007
-1007
-1004
-1007
-1007
1198997
-1004
-1006
-1004
-1005
-1008
-1006
-1005
-1007
-1006
-1009
-1004
-1007
-1009
-1006
-1009
-1009
-1006
-1009
598995
-1005
-1005
-1009
-1006
-1007
-1002
-1006
-1007
-1007
598994
796
-1004
899899
-1008
-1006
-1006
-1006
598994
-1008
-1007
-1004
-1008
-1002
-1005
-1007
-1007
-1007
-1008
-1005
-1007
598994
-1005
-1005
598998
-1004
-1009
-1009
-1007
1198997
-1007
-1007
-1007
-1005
-1005
-1007
-1005
-1005
-1005
-1004
598994
598994
-1006
-1006
-1009
-1007
-1003
-1006
-1006
598993
-1005
-1004
-1007
-1004
598997
994
-1005
598993
-1007
-1010
598993
-1005
-1007
-1006
-1007
-1005
-1007
-1006
-1007
-1007
-1008
1199895
-1005
-1001
-1006
-1007
-1005
-1005
-1002
-1009
-1005
-1004
-1007
-1008
-1006
-1004
-1008
-1007
-1005
598997
-1005
992
-1008
-1005
-1005
-1006
995
-1008
-1009
-1004
598995
598994
599894
-1006
-1007
-1004
-1009
900996
-1005
-1005
-1006
-1005
-1005
598994
598994
-1004
-1006
992
-1008
-1008
-1007
-1007
-1006
-1008
-1006
-1009
1198993
-1008
-1005
-107
-1005
-1005
-1009
598992
-1009
-1007
-1003
-1005
-1006
-1006
-1005
-1005
-1008
-1007
-1002
-1002
-1008
-1004
-1010
-1006
1199893
-1003
-1009
1198995
-1003
-1004
-1006
-1003
-1005
-1006
598993
-1002
-1008
-1007
-1009
-1009
-1005
-1003
-1009
-1005
-105
-1008
-1005
-1003
1198996
-1004
-1008
-1009
-1005
-1006
-1003
-1006
-1003
-1007
-1005
-1009
-1006
-104
-1007
-1003
598996
-1008
-1003
-1003
-1007
-1007
598993
-1007
-1006
-1007
-1006
-1008
-1007
-1005
-1007
-1006
-1005
-1003
-1008
-1009
598995
-1008
-1006
-1007
-1008
-1004
-1005
-1003
-1004
-1002
-1006
-1007
-1008
-1002
-1006
598996
-1005
-1007
-1005
-1006
-1006
-1004
-1008
1198999
-1007
-1008
-1008
-1002
598997
-1001
-1003
-1005
-1005
-1006
-1006
598993
-1008
-1008
-1008
-1010
-1010
-1008
-1003
-1009
-1008
-105
-1004
-1004
598995
-1007
-1006
-1007
-1008
-1006
598994
-1006
-1008
-1006
-1005
-1009
-1010
598993
-1008
-1005
599896
-1005
-1008
-1006
-1006
-1007
-1004
-1006
598995
-1009
-1007
-1009
-1005
796
-1005
-1010
-1007
-1005
1198996
-1006
-1005
-1007
-1007
-1009
600994
-1006
-1008
-1005
-1008
-1006
-1007
-1005
-1004
-1008
-105
-1005
-1009
-1006
-1005
-1006
-1004
599893
-1007
-1004
-1007
-1008
-1007
-1009
-1006
-1007
-1006
-1005
-1006
-1005
-1006
-1009
-1008
-1006
-1007
-1005
-1002
-1007
-1007
1198994
598996
-1008
-1004
-1007
-1007
-1008
-1008
-1005
798997
-1009
-1007
-1006
-1007
-104
-1008
-1009
-1008
-1005
-1004
-1007
-1007
-1004
-1007
-1009
-1006
-1006
-1004
-1008
-1006
-1008
-1004
598996
-1008
-1008
-1005
-1008
-1006
-1006
-1008
-1008
-1007
-1003
-1005
598993
-1006
-1007
-1006
598994
-1003
-1005
-1009
-1004
-1003
-1009
-1008
-1007
-1004
-1006
-1009
-1007
-1004
598996
-1006
-1008
-1007
-1004
598997
-1004
-1007
-1008
-1009
-1003
-1008
-1003
-1007
-1002
-1005
-1008
-1007
-1005
-1007
-1004
-1005
-1007
-1005
-1005
-1008
-1005
-1005
-1007
-1002
-1008
-1004
-1009
-1008
598997
-1007
-1006
-1005
598995
-1006
1198995
-1007
-1009
-1005
-1003
-1004
-106
-1004
-1006
598995
-1004
-1008
-1006
-1006
-1006
598992
-1003
-1008
-1009
599893
-1006
-1007
-1004
-1009
-1007
598995
-1005
900994
-1007
-1004
-1006
-1007
-1007
-1009
-1007
-1005
-1006
-1010
-1004
-1004
-1005
598996
-1004
-1006
-1008
600995
-1004
-1008
-1004
-1007
-1003
-1005
-1007
-1006
-1007
993
-1009
-1009
598994
-1008
-1009
-1008
-1005
-1006
-1007
-1008
-1008
-1009
-1008
-1009
-1004
-1005
598996
-1007
-1006
-1006
-1005
-1006
993
-1005
-1005
-1008
-1005
-1003
-1007
-1003
-1006
598994
-1007
-1007
-1003
1198993
-1009
-1006
-1007
-1004
-1008
-1006
-1007
-1009
1398997
-1005
-1008
-1008
-1005
-1007
-1006
-1008
-1007
-1008
-1005
-1004
-1004
-1004
-1006
793
598994
-1007
-1008
899893
-1007
-1009
1198995
-1006
-1005
-1004
-1009
-1005
-1006
-1009
-1006
-1003
598996
-1007
-1005
996
-1007
-1007
-1003
-1008
-1008
598995
1199895
-1008
-1005
598993
-1006
-1008
1998997
-1004
-1004
-1003
598995
-1007
-1007
-1005
-1005
-1004
-1010
-1007
-1008
-1005
-1004
-106
-1007
-1005
-1007
-1005
-1008
-1004
-1006
-1006
-1005
-1006
-1009
-1008
-1006
-1009
-1007
-1004
-1005
-1009
-1009
-1009
-1008
-1007
598994
-1005
-1008
-1005
-1003
-1007
598997
-1007
-1004
-1010
-1008
-1006
-1002
-1005
-1010
-1006
-1008
998
-1003
-1006
-1004
-1004
-1004
599892
-106
-1003
1499895
-1002
-1006
-1006
-1009
-1007
-1006
-1006
-1006
-1010
-1007
-1006
-1002
-1005
-1006
-1007
-1005
-1004
-1008
-1005
-1007
-1005
-1005
-1005
-1005
-1007
-1007
-1008
-1006
-1005
-1005
-1007
598993
-1008
-1005
-1007
-1006
-1004
-1007
-1007
-1002
-1006
-1007
-1008
-1005
-1007
-1004
-1008
-1006
-1006
-1008
-1007
1798995
-1004
-1007
-1005
-1006
-1007
997
-1006
-1007
-1005
-1005
-1010
598994
-1006
-1006
-1006
-1007
-1005
-1004
-1007
-1008
-1005
-1009
-1006
-1008
-1003
-1006
-1004
-1004
-1005
1198997
598993
-1002
-1007
598995
-1008
-1008
-1007
-1009
-1002
-107
-1006
-1007
-1004
-1005
-1004
-1008
-1007
-1008
-1003
1200994
-1004
-1008
-1006
-1003
-1003
-1004
-1003
-1006
598995
-1004
-1005
-1007
-1006
-1007
-1003
-1008
-1005
-1004
-1007
-1005
-1006
-1007
-1007
-1009
-1008
-1003
598992
-1007
-1008
-1001
-1008
-1007
-1006
-1006
-1009
-1002
598993
-1008
-1007
598997
-1007
-1010
-1005
-1007
-1006
598997
-1008
-1004
-1001
-1007
-1005
-1008
-1004
-1002
-1005
-1007
-1006
-1008
-1004
997
-1007
-1007
598998
-1007
-1008
-1007
-1006
-1005
-1008
598996
-1007
-1002
598995
-1007
-1007
-1007
-1006
-1007
-1009
-1008
-1006
-1005
-1008
-1004
-1005
-1005
-1008
-1006
-1006
-1006
-1007
-1009
-1008
-1006
-1007
-1004
-1005
598993
598993
-1003
-1006
-1006
-1006
-1008
-1004
-1006
598998
2198995
-1005
-1003
-1008
-1007
598994
-1009
-1005
-1009
-1005
-108
-1004
-1010
-1005
-1005
1198994
-1006
-1006
-1005
-1006
-1006
-1009
-1006
-1010
-1008
-1008
-1008
-1007
598993
1499898
-1007
-1006
-1007
-1006
-1007
598997
598997
-1004
-1006
598996
-1009
-1008
-1009
-1006
-1007
-1006
-1007
598994
1198995
-1004
-1007
999
-1003
-1005
-1003
-1004
-1006
-1007
-1007
-1006
900994
-1006
-1004
-1007
598993
-1007
-1001
-1007
-1006
-1008
-1004
-1004
-1004
-1008
-1007
-1004
-1006
-1004
-1005
-1003
-1005
-1003
-1003
-1004
-1008
598996
-1001
-1007
-1007
-1006
-1004
598994
598994
-1005
-1006
-1009
-1009
-1007
-1005
-1008
-1004
598997
598993
-1005
-1006
-1007
-1010
-1008
-1008
-1005
-1004
-1005
-1008
-1006
-1006
-1004
598993
-1006
-1008
-1010
598993
-1008
-1005
-1008
-1008
-107
-1005
-1006
-1008
-1003
-1007
-1008
-1003
-1007
-1005
-1007
-1006
-1010
-1006
-1004
-1004
-1006
-1007
-1006
-1006
-1006
-1006
598994
598995
-1008
-1005
-1008
-1006
-1004
-1007
-1009
-1007
-1008
992
-1007
-1007
-1005
-1007
-1005
-1004
-1007
-1007
-1007
-1008
-1002
-1005
-1009
-1010
598995
-1005
598997
-1007
-1002
-1003
-1007
-105
-1003
-1004
-1005
-1009
-1004
-1007
-1006
-1007
598993
-1007
-1007
-1003
-1005
-1006
-1008
598993
-1005
-1003
-1006
-1002
-1006
-1007
-1007
-1002
-1009
-1005
-1002
-1004
-1006
-1009
-1006
-1002
-1005
-1006
-1006
598996
-1005
-1005
-1004
-1005
-1007
-1006
-1008
-1005
-1005
-1003
-1008
-1007
-1007
-1007
798994
-1004
-1004
-1006
-1006
-1008
-1007
-1009
-104
-1009
-1008
-1006
-1005
-1006
-1007
598996
-1005
-1006
-1004
-1002
-1005
-1007
-1006
-1006
-1004
-1006
-1004
-1004
-1006
-1005
-1006
-1007
-1008
598993
-1007
-1009
2995
-1010
-1006
-1004
-1005
-1005
-1007
-1003
598993
-1007
-1005
-1009
-1005
-1008
-1007
-1006
-1010
-1007
-1004
-1004
-1006
-1003
-1009
-1004
-1005
-1006
-1010
-1004
-1008
899898
-1004
-1007
-1004
1798995
598995
-1004
-1008
-1003
-1007
-1008
598992
-1003
-1007
995
598992
-1010
-1006
598993
-1006
-1008
-1007
-1006
-1008
-1003
-1005
-1003
-1003
-1007
1398998
-1004
-1007
-105
-1008
-1008
-1008
-1006
-1003
900994
-1005
-1005
-1007
-1005
-1009
-1007
-1005
1198997
-1005
-1005
-1010
1198999
-1007
-1007
-103
995
-1008
-1005
-1003
-1009
-1006
-1004
598996
-1008
-1004
-1008
-1006
-1008
-1006
598997
-1007
-1004
598994
-1005
-105
-1006
-1003
-1007
-1009
-1006
-1008
-1009
599895
-1004
-1007
-1008
-1004
-1005
-1006
1398993
-1003
-1007
-1006
-1008
-1008
-1006
-1009
-1008
-1005
-1007
-1008
-1006
-1006
-1005
-1007
-1004
-1005
-1010
-1010
-1005
-1007
-1008
-1008
-1009
-1007
-1007
-1004
-1005
-1007
-1005
-1007
-1007
-1006
-1005
-1006
-1006
-1007
-1007
-1005
-1005
-1006
598997
-1007
994
-1003
-1007
-1007
-1005
-1008
-1008
-1010
-1008
-1006
-1008
-1005
-1006
-1006
598998
598992
-1004
-1004
-1008
-1008
900994
-1003
-1003
-1007
-1007
-1006
-1009
-1006
-1006
-1008
1500993
-1008
-1006
-1008
-1008
-1005
-107
-1009
-1006
-1009
-1007
-1006
-1004
-1006
-1009
-1005
-1006
-1005
-1006
1198997
-1008
598993
-1006
-1005
-1009
-1009
-1004
598996
-1009
-1006
1398995
-1005
-1007
-104
-1006
-1008
-1003
-1006
-105
-1005
-1006
-1008
-1008
-1006
-1006
-1006
-1004
-1007
992
-1007
-1003
-1006
-1007
-1005
-1006
598996
-1004
-1006
-1009
-1006
-1003
-1007
-1007
-1004
-1005
598993
-1006
-1009
-1007
1198997
-1006
-1007
-1009
-1007
-1009
-1006
-1010
-1007
-106
-1007
598997
-1005
-1005
-1002
-1005
-1007
-1004
-1007
-1007
-1004
-1007
-1007
-1008
-1006
-1008
-1005
-1006
-1005
-1004
-1005
-1006
-1010
-1005
997
-1006
-1007
-1005
-1005
-1006
-1004
-1007
-1006
-1006
-1007
-1008
598994
-1007
-1007
-1007
-1006
-1008
1198996
-1005
-1006
-1006
-1008
-1005
-1007
-1005
-1007
-1008
-1005
-1008
-1002
-1002
-1006
-1006
-1002
-1008
-1009
798993
598996
-1009
-1007
-1007
-1004
-1009
1198996
-1007
-1005
-1006
598993
-1006
-1006
-1008
-1003
-1004
-108
-1006
598993
-1007
-1007
-1008
-1003
-1005
-1004
-1007
-1005
-1007
-1006
-1006
994
-1005
-1006
598997
-1007
-1005
-1006
598997
-1003
-1008
-1009
-1005
-1006
-1006
-1003
-1006
-1007
-1006
-1005
-1002
-1008
-1006
-1007
-1007
-1008
-1004
600994
-1004
-1009
-1004
-1008
-1005
-1005
994
-1007
1198997
-1007
-1005
-1008
-1004
1798997
-1006
-1004
-1006
-1007
598994
-1008
-1007
-1007
-1005
-1005
-1005
-1009
-1004
-1004
-1004
-1006
-1007
-1006
-1006
-107
-1006
598992
-1008
-1005
-1004
-1006
-1008
-1006
-1005
-1009
598993
-1007
-1004
-1008
-1007
-1006
598994
598996
-1008
-1006
-1008
-1006
-1008
-1008
-1006
-1004
-1007
-1004
-1009
-1006
598994
-1005
-1003
899895
-1004
-1006
-1009
-1007
-1005
-1004
-1006
-1003
-1008
-1006
1198994
598996
-1006
-1006
-1003
-1007
-1006
-1006
-1002
-1006
-1006
-1005
-1003
900993
-1004
-1007
-1010
-1007
-1007
-1007
-1006
-1006
-1006
-1005
-1006
-106
-1008
-1007
598997
-1005
-1005
-1003
-1007
-1004
-1005
-1006
-1005
-1007
-1005
-1006
-1009
-1004
-1008
-1007
-1007
-1006
-1009
-1006
-1007
1398995
-1008
-105
-1005
-1006
-1008
-1010
-1006
-1003
-1004
-1006
-1004
-1009
-1005
-1010
-1005
-1007
798994
-1008
-1006
-1006
598997
598994
-1007
-1005
-1009
-1008
-1010
-1004
-1008
-1006
-1007
-1003
-1010
-1005
-1006
-1002
-1003
-1007
-1006
-1007
-1008
-1004
-1010
598997
-1008
-1010
-1007
-1003
-1006
-1005
-1005
-1008
-1005
-1004
1198993
-1007
-1006
-1006
-1008
-1009
-1007
-1007
-1007
-1009
-1008
-1004
-1005
-1005
-1006
-1007
-1005
-1005
-103
598993
-1009
-1006
-1003
600993
-1007
-1006
-1007
-1005
-1007
-1007
-1009
598996
-1005
-1006
-1005
-1006
-1005
-1003
-1008
-1007
-1008
-1007
-1006
598994
-1005
1894
-1007
-1005
-1007
-1009
-1006
-1006
-1010
-1007
-1005
598993
-1007
598996
-1008
-1008
-1005
-1005
-1003
-1004
-1003
-1005
-1007
598996
-1005
-1007
996
-1005
-1007
598994
-1007
-1010
598995
-1008
-1008
-1005
-1001
-1004
-1007
-1004
-1008
-1009
-1008
-1008
-1005
-1009
598991
-1004
-1008
-1007
-1006
-1007
-1009
-1005
-1005
-1005
-1007
-1008
-1007
-1008
-1008
-1009
-1010
-1009
-1008
-1005
-1009
-1005
-1009
-1008
-1003
598996
-1009
-1006
-1004
1398995
-1008
-1008
-1007
-1007
-1006
-1004
-1006
-1008
-1008
-1006
-1007
1198996
-1008
-1008
-1006
-1009
-1005
1998995
-1004
600994
598995
-1004
-1007
-1006
-1009
-1008
-1004
-1004
598997
-1005
-1007
-1006
-1006
1198993
-1008
-1004
-1007
-1006
-1004
-1008
-1008
-1004
-1005
-1007
-1006
-1003
-1004
995
598998
-1010
-1006
-1006
-1008
598995
598993
-1008
598994
-1007
-1006
-1005
598995
-1002
-1007
899896
-1007
598991
-1004
-1007
-1009
-1004
-1005
-1006
-1005
598997
-1006
-1006
-1002
-1009
-1003
-1007
-1007
-1006
-1006
-1006
-1007
-1009
-1007
-1006
-1004
-1006
-1006
-1008
-1007
598993
-1009
-1004
598995
-1004
-1007
-1010
-1005
-1003
-1005
-1004
-1004
900996
-1006
-1007
-1005
-1007
-1004
-1004
-1009
-1007
-1008
-1008
-1003
-1004
598993
-1008
-1003
798995
-1010
-1007
-1004
-1007
-1005
-1008
598996
-1003
-1007
995
-1006
-1008
-1007
-1007
-1006
-1005
-1006
-1004
-1007
-1006
-1006
-1009
-1003
-1006
-1003
-1006
-1007
-1005
-1003
-1003
-1009
-1004
798998
-1007
-1005
-1006
-1009
-1005
-1006
-1010
-1005
598995
-1004
-1009
-1005
-1008
900993
-1006
-1003
-1006
-1007
-1009
-1007
-1005
-1004
-1006
-1004
1894
-1008
-1005
-1007
-1002
598994
-1009
-1003
-1005
-1006
-1007
-1006
-107
1998994
-1007
598997
-1009
-1006
-1006
598996
-1006
-1006
-1007
-1007
-1005
-1004
-1008
-1010
-1007
598995
-1005
993
598996
-1005
-1007
-104
-1007
-1007
-1006
-1002
-1008
-1007
-1006
-1005
598995
-1007
-1006
-1007
-1004
-1005
-1005
-1003
-1005
-1004
-1009
-1009
-1008
-1005
-106
-1005
-1006
-1007
-1007
-1007
-1008
-1006
-1007
-1005
-1003
-1005
-1005
-1005
-1009
-1006
-1005
-1005
598995
-1004
-1006
-1008
-1009
-1007
-1005
-1008
-1007
-1007
-1006
-1008
-1007
-1008
-1004
-1007
-1009
-1008
-1007
-1008
-1005
-1006
-1003
-1007
-1005
598994
-1006
-1006
-1006
-1005
-1007
-1008
-1006
-1003
-1007
-1004
-1005
-1003
-1006
-1006
-1005
-1002
-1008
-1007
900994
-1009
-1008
-1010
-1006
598994
598997
-1006
-1006
598995
-1008
900996
-1007
-1007
-1005
-1006
-1007
-1006
-1007
-1004
-1010
-1008
599896
-1003
-1006
-1006
-1008
-1005
598997
-1006
-1004
-1007
-1008
-1008
-1005
-1008
-1007
-1007
-1002
-1005
-1005
601893
993
-1006
-1007
1798995
598992
-1008
-1007
598996
-1006
-1007
-1002
598996
598993
-1006
-1007
598993
-1007
-1007
996
-1005
991
-1008
-1008
-1009
-1007
-1003
-1010
-1006
-1006
-1007
1198996
-1006
-1004
-1006
-1007
-1002
-1007
-1008
-1004
-1007
-1005
598993
-1008
-1007
598996
-1006
-1005
-1006
-1006
-1002
-1002
-1009
-1005
-1009
-1004
-1004
598995
598995
-1009
-1007
-106
-1004
-1007
-1004
-1007
-1006
-1007
-1007
-1006
-104
598994
-1007
-1005
-1006
-1007
-1008
-1006
-1007
-1008
-1004
-1008
-1002
-1005
-1006
-1006
-1006
-1007
996
-1005
-1004
-1008
-1008
-1009
-1004
598994
598993
-1004
-1005
-1009
-1007
-1006
-1004
-1006
-1005
-1007
-1006
-1006
-1006
-1006
-1004
598993
-1006
-1006
-1007
-1005
-1008
-1005
-1010
-1008
-109
-1004
-1006
-1004
-1008
-1008
598996
-1009
-1004
-1006
900996
-1004
-1008
-105
-1003
-1005
598994
-1005
-1005
-1005
-1003
-1002
-1007
-1007
-1005
-1008
-1006
-1005
-1005
-1005
-1008
-1009
-1004
-1002
-1007
1198996
-1009
-1007
-1007
-1008
-1009
-1004
-1006
-1009
-1006
-1002
-1004
598995
-1006
598994
-1005
-1006
994
-1004
-1006
-1007
-1008
-1006
598997
-1009
-1004
-1005
-1002
-1007
-1005
-1007
-1009
-1006
-1006
-1004
598996
-1002
-1003
600994
-1008
-1008
-1006
997
-1005
598995
-1006
995
-1004
-1008
-105
-1005
-1004
899894
-1005
-1008
-1008
-1006
-1007
598995
-1008
-1007
-1005
-1006
-1007
-1005
-1010
-1004
-1004
-1005
-1007
-1003
-1005
-1007
-1002
-1006
598996
-108
1895
-1007
-1004
-1007
-1008
-1009
-1008
598996
-1006
-1007
-1007
-1007
-1008
-1008
598994
-1006
-1009
-1006
-1007
-1004
-1006
-1006
-1003
-1006
-1006
-1009
-1006
-1006
-1008
901895
-1001
-1002
-1005
-1006
-1006
-1007
598993
-1006
-1005
-1005
-1008
-1008
-1005
-1004
-1010
-1001
-1006
-1008
-1005
-1006
598992
-1005
598996
-1010
-1006
-1007
598993
-1006
-1007
-1005
-1008
1200996
-1008
-1009
598997
-106
-1008
-1008
-1005
-1008
-1004
598993
-1004
994
-1007
-1007
-1007
-1004
-1006
-1005
-1003
-1004
-1006
-1009
-1006
993
-1006
-1008
-1006
-1008
-1007
-1006
-1007
598997
598994
-1007
-1007
-1007
-1008
-1002
-1006
-1006
1198993
-1007
-1009
-1008
-1005
598993
-1008
-1006
-1007
-1005
-1006
-1006
-1006
598994
-109
-1007
-1006
-1007
995
-1007
-1008
-1005
-1006
-1008
-1004
-1005
-1006
-1007
-1008
-1006
-1006
-1007
-1006
-1002
-1009
-1004
-1007
-1005
598993
-1007
598993
-1004
-1005
-1005
-1006
598996
-1004
-1004
-1007
-1009
-1006
-1006
-1005
-1007
-1008
-1008
598991
598996
-1008
-1007
-1004
-1008
-1009
-1007
-1004
-1006
-1009
-1010
-1005
-1007
-1004
598993
-1002
-1005
-1006
-1006
-1007
-1005
-1008
900794
-1006
-1007
-1007
-1003
-1003
992
-1004
-1006
-1006
-1009
-1005
-1005
-1005
-1006
-1008
-1007
-1006
-1010
-1006
-107
-1006
-1007
-1006
-1003
-1007
-1005
1500996
-1004
-1009
-1006
-1007
-1003
598994
-1006
-1006
-1007
-1005
-1007
-1007
-1007
-1009
598996
-1009
-1007
-1002
-1003
-1008
-1005
-1009
-105
-1003
-1007
-1007
598992
-1004
-1008
-1008
-1007
-1009
1798995
1198995
-1007
-1007
-1003
-1006
-1005
-1006
-1005
-1009
-1007
-1008
-1002
-1007
-1005
-1006
-1003
-1005
-1006
-1008
-1006
-1007
-1005
-1004
-1010
-1008
-1007
-1006
-1008
-1007
-1004
-1006
-1007
-1006
-1007
-1007
-1005
-1006
995
-1003
-1008
-1009
-1009
-1006
-1010
-1005
-1008
-1003
-1006
-1005
-1005
997
-1007
-1009
-1005
-1008
-1010
-1006
-1003
-1007
-105
-1006
-1007
-1007
798998
-1008
-1005
-1003
-106
-1009
-1008
598995
-1006
598994
-1007
-1007
-1007
-1003
-1004
-1006
598996
-1007
-1004
-1007
-1007
900993
-1004
-1008
598995
-1005
-1007
-1008
-1008
-1005
-1003
-1005
598995
-1006
-1007
-1006
-1007
-1006
-1006
-1009
-1004
-1006
-1004
-1007
-1007
-1003
-1007
-1006
-1009
798994
-1006
-1007
-1009
-1005
-1003
-1008
-1007
-1006
-1008
-1007
-1008
-1009
598996
598993
-1006
-1007
-1008
-1006
-1007
-1005
-1006
-1005
-106
-1010
-1007
-1008
-1006
-1009
-1006
-1005
598994
598998
-1006
-1006
-1005
-1007
-1010
-104
-1005
-1008
599896
-1005
-1007
-1004
-1005
-1006
-1006
-1001
-1007
-1005
-1010
-1005
-1007
-1007
-1001
-1004
-1008
-1006
598994
-1006
-1005
-1003
-1004
-1005
-1006
-1007
-1005
-1008
-1008
1198995
-1006
-1008
598995
598994
600995
-1006
-1005
-1005
-1010
-1004
-1008
-1009
-1007
-1006
-1007
-1004
-1008
-1007
-1009
-1007
-1008
598996
1893
-1002
-1005
-1007
-1007
-1010
-1007
995
-1009
-1003
-1006
-1003
-1005
-1009
598996
-1007
-1006
-1005
-1006
-1006
-1004
-1008
-109
-1004
-1005
-1007
-1006
798997
598996
-1006
1198997
-1007
-1007
-1008
-1007
-1006
-1006
-1010
-1005
-1007
-1005
-1006
-1006
-1008
598996
-1004
-1009
-1004
-1007
-1005
598993
-1007
-1009
-1005
-1006
-1005
-1004
-1006
798997
-1006
-1009
-1004
-1005
-1006
-1004
-1009
-1005
-1007
-1006
900996
-1007
-1003
-1005
-1008
-1007
-1008
-1005
-1005
-1006
-1008
-1008
-1007
-1008
-1007
-1009
-1007
598996
598993
-1007
-1006
-1002
-1006
-1009
-1009
-1005
-1006
598996
-1003
-1005
-1007
-1005
-1005
-1004
-1009
-1006
-1007
-1007
-1005
-1004
-1005
-1005
-1006
-1008
-1003
-1005
-1002
-1006
-1006
-1008
-1008
-1006
899893
992
-1007
1199894
-1005
-1008
-1007
-1006
-1005
-1009
-1007
-1002
-1006
-1006
598997
-1007
-1005
-1005
-1008
-1008
-1005
-1005
598993
-1008
-1006
598995
598995
598996
-1005
-1007
-1007
-1006
-1005
598991
-1007
-1005
-1006
-1007
-1004
598996
-1003
-1007
-1007
-1008
-1008
598992
-1003
-1007
-1007
-1009
-1009
-1005
-1004
-1008
-1009
-1005
-1006
-1007
-1004
-1007
-1006
-1008
-1005
-1010
-1004
-105
-1002
-1004
-1006
-1005
598993
1198996
-1002
-1005
-1007
-1009
-1007
-1007
-1007
-1007
598994
-1006
-1004
-1005
-1003
-1006
-105
-1006
-1007
-1006
-1003
-1002
-1010
-1009
-1010
-1006
-1008
-1008
-1008
-1006
598995
-1003
-1005
-1008
-1006
-1005
-1007
598994
-1008
-1006
-1001
-1009
-1007
-1006
-1010
-1004
-1009
-1006
-1008
-1006
-1008
-1002
-1009
598996
-1007
