-104033.15059931934
-176358.39317451016
-238817.12290276916
-10171893.81010886
-572135.3377769934
-1050999.3377769925
-1529863.3377769934
-2008727.3377769913
-2487591.3377769915
-2966455.337776996
-3445319.337777001
-3924183.337777002
-4403047.337777004
-4881911.337776992
-5360775.337776982
-859409.4916421099
-10698770.767140869
-868753.007496545
-911994.1047900514
-970803.8740223167
-922251.1317526313
-923439.1459481982
-941427.8553569618
-918085.1586500296
-849202.3719148561
-917127.9976845047
-888650.2378164739
-10434747.501004705
-10459788.536489096
-10386502.206321089
-10386813.633937713
-10387345.27353946
-10396050.226895982
-10412764.44904106
-10396755.097362325
-10380018.431180395
-10389191.702423597
-967397.0048447165
-10530711.560105454
-10523054.243418247
-10440802.894188851
-10557021.713668281
-10450170.622623973
-10459056.757258456
-10459461.5982287
-10459862.36636888
-10435270.607529458
-10469170.924272172
-10427733.843457904
-10411000.263226088
-10436901.264927931
-10437353.988462223
-10429370.172059147
-10421438.8824132
-10430235.833599985
-10422050.866597783
-10422049.020921838
-10414549.466273528
-10422750.084096968
-10423689.08136193
-10415547.069532342
-10424372.484974382
-10424617.09009614
-10425022.893266901
-10425434.304562442
-10425713.307865147
-10426026.061684296
-10417850.443030804
-10443715.341170609
-10435621.076259881
-10444523.042545509
-10427714.756857537
-10419660.392866503
-10428454.492021613
-10420263.281226123
-10412179.779146802
-10429736.00088948
-10421474.800674656
-10421721.828937376
-10430508.066767963
-10448004.078648591
-10482786.183450669
-10646502.14046613
-981889.4972939765
-982538.4432577019
-1035813.7435775752
-1019586.4143865263
-1029112.8211111136
-1021662.719613862
-1049644.0786001734
-998059.8555768415
-1016579.1369233791
-929934.7748053009
-992077.5052530844
-940106.8881920445
-1002433.0058569559
-827117.8621861753
-880505.0187208502
-1022324.0507709587
-811290.0633597763
-926462.2388880664
-944646.8624184222
-936256.869534514
-1025367.8357297395
-831503.9610256099
-787838.9014231181
-974115.1708097596
-974569.4331088533
-913045.2399390399
-895723.841716361
-958336.3835451434
-10532736.683151718
-10515251.538610106
-10488945.403446348
-10498170.8378588
-10471799.779944101
-10472216.709669681
-10579590.398702573
-10535282.925536266
-10553340.336973906
-10473198.908327691
-10553993.68836445
-10527454.749215031
-10483012.8608481
-10519181.54738132
-10474704.114615183
-10483935.762080112
-10484313.020448038
-10493590.46927291
-10484797.382457074
-10547931.385040792
-10476260.642657043
-10494506.575385237
-10494842.932627922
-10486100.279403303
-10486488.993650397
-10477796.629321774
-10478197.04808954
-10487591.44042915
-10487919.535697157
-10497373.537255395
-10515955.246832117
-10498286.125147086
-10498616.17045104
-10480890.628575016
-10490293.7402895
-10490749.75530054
-10491059.004463846
-10491387.864200529
-10482563.058773391
-10492013.221751275
-10483233.619234445
-10501732.609396137
-10547639.846334826
-10547934.500380898
-10575596.612811891
-10575888.320989162
-10567039.433323449
-10567256.451476865
-10558360.388332402
-10586227.127173964
-10586675.35011764
-10614602.884349667
-10614832.057720967
-10606023.309329655
-10569658.436808258
-10569995.33538222
-10561160.855872868
-10579919.457040492
-10570991.10783023
-10562060.126799023
-10571600.91419839
-10581117.954119349
-10562932.922818165
-10590920.14488097
-10572679.13315127
-10572950.113183713
-10573277.088357618
-10554880.821878958
-10573654.842944322
-10564733.835538967
-10555794.87091315
-10574640.256985975
-10574988.083107589
-10575360.795074694
-10566306.221634103
-10575879.837866813
-10557542.863266364
-10576441.50813835
-10576790.208639551
-10577102.677112468
-10568154.622492936
-10568513.81427536
-10540836.0783348
-10541136.805222968
-10513360.502041467
-10560301.936015138
-10551228.156425409
-10579643.00535745
-10505156.180652378
-10505579.435778629
-10506001.617077706
-10506445.995929647
-10497454.991947124
-10507146.103229865
-10563784.938550303
-10488837.180497771
-10555043.552295618
-10508314.97817391
-10508620.83208997
-10490038.207769446
-10537467.32694761
-10500078.773482034
-10509798.900914524
-10510019.384338116
-10510276.607610013
-10510564.877674336
-10510928.860712402
-10511236.047319366
-10511523.746280998
-10511870.106539356
-10512215.402368004
-10512680.772306608
-10551025.69704607
-10551319.700266538
-10504068.642851114
-10513902.475979602
-10523704.593334118
-10514554.198085621
-10514807.447789103
-10476887.57339569
-10505823.583796218
-10506110.365386697
-10516034.883125512
-10506818.172314774
-10488052.166094048
-10507562.297586974
-10507812.587528855
-10517681.267428169
-10518058.643681983
-10528037.731132407
-10518677.399005938
-1047595.082096315
-10361464.966595456
-10361642.18476128
-10372543.374563752
-10420275.813460624
-10403459.42190546
-10382549.23701682
-10402422.130514877
-10423241.656212784
-10364449.299078336
-10355943.769369675
-10364945.52336856
-10366277.96057263
-10356839.548653021
-10357132.310888238
-10357395.106057316
-10357719.89355444
-10367778.85683905
-10358342.507989323
-10358640.275783768
-10367613.35449109
-10369070.43665562
-10368384.526828457
-10368678.00176021
-10360196.329291841
-10370362.265293354
-10360864.84423649
-10371033.016783655
-10361497.769733008
-10370577.211754005
-10370963.010433638
-10371259.655651186
-10362647.064446177
-10372792.459424255
-10372155.19135839
-10363526.91153665
-10373755.145762453
-10374086.378175586
-10383265.931652343
-10364821.783009464
-10364124.725474913
-10375328.463449625
-10365641.797164695
-10365869.408292577
-10376065.728904432
-10366377.357420344
-10366640.832127862
-10375891.707221257
-10376030.068236988
-10386318.801055275
-10377706.565535339
-10368022.589961834
-10367337.804682022
-10378644.913127085
-10367891.054812945
-10378291.695563372
-10369578.917070866
-10390021.349377055
-10370157.687717842
-10370399.321423309
-10380807.696756711
-10380088.178303823
-10381420.263995405
-10381623.462808667
-10371923.314696968
-10391480.183331065
-10381644.577635443
-10371784.199544646
-10372030.535035275
-10383381.762783576
-10382685.723717412
-10383051.901078824
-10384379.11037514
-10345237.607863784
-10335277.421897154
-10335324.170013882
-10335459.68032203
-10345805.253520422
-10335782.564661909
-10335960.888558302
-10336125.94153945
-10336290.903242353
-10336455.7707645
-10336639.950821124
-10336818.762055272
-10337003.072909037
-10337153.360620273
-10337313.87976511
-10327374.292308794
-10337841.314939026
-10337977.457060546
-10348439.880931169
-10338287.951668436
-10338406.378823131
-10348862.855933825
-10338655.159181913
-10349073.351834845
-10338852.820115205
-10339109.326326426
-10349447.062902242
-10339244.6729959
-10349715.570012584
-10339571.514902174
-10339574.835639141
-10350055.855939562
-10350161.36162307
-10339908.489732748
-10340036.861380052
-10350601.050376393
-10329976.279327821
-10340338.110126587
-10340452.354385816
-10350932.454012161
-10340735.10681629
-10340762.135910574
-10351279.966477722
-10340998.277979864
-10341096.985439068
-10341196.31802698
-10341396.48336447
-10341385.145631606
-10341607.257169602
-10341621.729437936
-10352164.54569534
-10341855.765147194
-10342056.514278982
-10352473.800438603
-10342169.116231576
-10342213.819946118
-10342416.887320155
-10352979.216809042
-10342676.91902624
-10342780.33642078
-10342879.215470627
-10353223.567438526
-10332728.242744902
-10353629.762392929
-10343275.59114871
-10343302.598581383
-10354069.435389256
-10343655.372467922
-10343736.317315847
-10343865.283364423
-10354404.04392101
-10344132.809691038
-10354615.302939381
-10354918.496997874
-10344429.651799481
-10344659.709382895
-10344791.347763825
-10344793.376221102
-10355397.27534504
-10355499.11385306
-10355631.34768907
-10345221.729391696
-10345320.660270005
-10345420.275434943
-10356042.800316384
-10335192.424881306
-10345645.696466025
-10345877.860777758
-10356447.481594795
-10356554.615215205
-10346227.930043653
-10346373.168360109
-10346605.204104109
-10346636.473359173
-10346740.17717021
-10357403.78462451
-10346938.33118449
-10347066.248418476
-10347168.693512753
-10347268.38865839
-10347367.288215645
-10358051.153462201
-10347556.889613917
-10347631.269475073
-10358320.633864256
-10347857.829755573
-10347960.613089718
-10358691.345671253
-10358826.50568867
-10358933.794060273
-10359065.34768872
-10359201.237315277
-10359235.814980118
-10348819.538854364
-10349034.835607193
-10359781.350482892
-10349277.236195335
-10349280.974730037
-10360037.6546853
-10349540.611639602
-10349672.722467953
-10349875.004164692
-10349875.18969992
-10349973.981862197
-10350174.290721033
-10339608.312932143
-10350299.67521249
-10350533.413977874
-10361241.262274394
-10350666.685927
-10350765.636966985
-10350784.940732868
-10361681.842391806
-10351124.64044043
-10351228.15816447
-10362027.583582519
-10351454.224284204
-10351586.439708022
-10351718.689513048
-10351850.74453912
-10351969.951583661
-10341492.180721637
-10352217.799507353
-10352345.457163975
-10352550.45068468
-10352648.852903852
-10363417.34216742
-10342163.879346589
-10352911.2827928
-10353009.656472823
-10353009.068909701
-10353208.14296692
-10353307.457849856
-10353406.45691716
-10353505.318340193
-10364371.117212256
-10353823.839836746
-10353730.79659066
-10353933.821629683
-7696275.337776986
-8175139.3377769925
-8654003.337776989
-9132867.337776998
-9611731.337776994
-10090595.337776994
-10569459.337776996
-11048323.337776989
-11527187.337776989
-12006051.337776978
-12484915.337776974
-12963779.33777697
-13442643.33777697
-13921507.337776966
-14400371.337776968
-14879235.337776974
-15358099.337776965
-15836963.337776968
-16315827.337776966
-16794691.337776966
-17273555.33777695
-17752419.337776948
-18231283.33777694
-18710147.33777695
-19189011.33777695
-19667875.33777696
-20146739.33777696
-20625603.337776974
-21104467.337776974
-21583331.337776985
-22062195.33777699
-22541059.33777699
-23019923.33777699
-23498787.33777698
-23977651.337776992
-24456515.337776992
-24935379.33777699
-25414243.33777699
-25893107.33777699
-26371971.337776992
-26850835.337776992
-27329699.337777004
-27808563.337776996
-28287427.337776996
-28766291.337776992
-29245155.337776985
-29724019.33777698
-30202883.337776996
-30681747.337776992
-31160611.337777
-31639475.337776992
-32118339.337777004
-32597203.337776996
-33076067.337776992
-33554931.337776996
-34033795.33777699
-34512659.337777
-34991523.337777026
-35470387.33777706
-35949251.33777708
-36428115.33777705
-36906979.33777701
-37385843.33777702
-37864707.33777702
-38343571.33777702
-38822435.33777701
-39301299.33777702
-39780163.33777702
-40259027.33777703
-40737891.33777703
-41216755.33777701
-41695619.337777
-42174483.337777
-42653347.337777
-43132211.337776996
-43611075.337777
-44089939.33777699
-44568803.337777
-45047667.337776996
-45526531.33777699
-46005395.33777699
-46484259.337776996
-46963123.337777
-47441987.33777702
-47920851.337777
-48399715.33777701
-48878579.337777
-49357443.33777701
-49836307.337776996
-50315171.337776996
-50794035.33777701
-51272899.337777
-51751763.337777
-52230627.33777701
-52709491.337777
-53188355.337777
-53667219.33777699
-54146083.33777699
-54624947.33777698
-55103811.33777698
-55582675.337776996
-56061539.33777699
-56540403.33777696
-57019267.337776944
-57498131.33777697
-57976995.33777697
-58455859.337776974
-58934723.33777699
-59413587.337776996
-59892451.33777699
-60371315.33777698
-60850179.337776974
-61329043.337776996
-61807907.33777699
-62286771.33777698
-62765635.33777698
-63244499.33777698
-63723363.33777699
-64202227.337776974
-64681091.337776974
-65159955.33777697
-65638819.337776974
-66117683.337776974
-66596547.33777698
-67075411.33777699
-67554275.33777702
-68033139.33777699
-68512003.33777702
-68990867.33777702
-69469731.337777
-69948595.33777696
-70427459.33777693
-70906323.33777688
-71385187.33777684
-71864051.33777685
-72342915.33777687
-72821779.33777684
-73300643.33777687
-73779507.3377769
-74258371.3377769
-74737235.3377769
-75216099.33777693
-75694963.33777687
-76173827.33777687
-76652691.33777687
-77131555.33777687
-77610419.33777685
-78089283.33777681
-78568147.33777684
-79047011.33777685
-79525875.33777687
-80004739.33777681
-80483603.33777681
-80962467.33777682
-81441331.33777681
-81920195.33777682
-82399059.33777684
-82877923.33777685
-83356787.33777685
-83835651.33777685
-84314515.33777685
-84793379.33777685
-85272243.33777684
-85751107.33777684
-86229971.33777687
-86708835.33777687
-87187699.33777687
-87666563.33777685
-88145427.33777687
-88624291.33777684
-89103155.33777682
-89582019.33777681
-90060883.3377768
-90539747.3377768
-91018611.3377768
-91497475.3377768
-91976339.3377768
-92455203.3377768
-92934067.33777681
-93412931.33777681
-93891795.33777682
-94370659.33777681
-94849523.3377768
-95328387.33777681
-95807251.33777684
-96286115.33777684
-96764979.33777687
-97243843.33777688
-97722707.3377769
-98201571.33777688
-98680435.33777688
-99159299.3377769
-99638163.33777693
-100117027.33777691
-100595891.33777691
-101074755.33777693
-101553619.33777691
-102032483.3377769
-102511347.3377769
-102990211.3377769
-103469075.3377769
-103947939.33777688
-104426803.3377769
-104905667.33777693
-105384531.33777691
-105863395.3377769
-106342259.3377769
-106821123.3377769
-107299987.33777693
-107778851.33777693
-108257715.33777693
-108736579.33777694
-109215443.33777694
-109694307.33777694
-110173171.33777693
-110652035.33777693
-111130899.33777693
-111609763.33777693
-112088627.33777693
-112567491.33777696
-113046355.33777696
-113525219.33777696
-114004083.33777696
-114482947.33777696
-114961811.33777696
-115440675.33777694
-115919539.33777694
-116398403.33777697
-116877267.33777696
-117356131.33777696
-117834995.33777696
-118313859.33777696
-118792723.33777693
-119271587.3377769
-119750451.33777693
-120229315.3377769
-120708179.3377769
-121187043.3377769
-121665907.3377769
-122144771.3377769
-122623635.33777688
-123102499.33777687
-123581363.33777687
-124060227.33777687
-124539091.33777687
-125017955.3377769
-125496819.3377769
-125975683.33777687
-126454547.33777687
-126933411.33777685
-127412275.33777684
-127891139.33777684
-128370003.33777684
-128848867.33777687
-129327731.33777687
-129806595.33777687
-130285459.33777687
-130764323.33777687
-131243187.33777687
-131722051.33777685
-132200915.33777687
-132679779.33777684
-133158643.33777684
-133637507.33777684
-134116371.33777684
-134595235.3377768
-135074099.33777684
-135552963.33777687
-136031827.3377769
-136510691.33777687
-136989555.3377769
-137468419.33777684
-137947283.33777687
-138426147.33777693
-138905011.33777693
-139383875.33777696
-139862739.33777696
-140341603.337777
-140820467.337777
-141299331.33777702
-141778195.33777708
-142257059.33777708
-142735923.33777708
-143214787.33777705
-143693651.3377771
-144172515.33777708
-144651379.33777708
-145130243.33777708
-145609107.33777708
-146087971.33777708
-146566835.33777708
-147045699.3377771
-147524563.33777705
-148003427.33777702
-148482291.33777702
-148961155.33777705
-149440019.33777708
-149918883.33777702
-150397747.33777702
-150876611.33777705
-151355475.3377771
-151834339.33777714
-152313203.33777714
-152792067.33777714
-153270931.33777714
-153749795.33777714
-154228659.33777717
-154707523.33777723
-155186387.33777717
-155665251.3377772
-156144115.33777726
-156622979.33777726
-157101843.3377772
-157580707.33777726
-158059571.33777726
-158538435.33777723
-159017299.33777726
-159496163.33777732
-159975027.33777738
-160453891.33777738
-160932755.33777738
-161411619.3377774
-161890483.3377774
-162369347.33777738
-162848211.33777738
-163327075.33777738
-163805939.33777735
-164284803.33777732
-164763667.33777738
-165242531.33777738
-165721395.33777738
-166200259.33777738
-166679123.33777738
-167157987.33777738
-167636851.33777738
-168115715.33777738
-168594579.33777738
-169073443.33777738
-169552307.33777738
-170031171.33777744
-170510035.33777747
-170988899.33777747
-171467763.33777747
-171946627.33777744
-172425491.33777747
-172904355.33777744
-173383219.33777744
-173862083.33777744
-174340947.3377775
-174819811.3377775
-175298675.3377775
-175777539.33777744
-176256403.33777744
-176735267.33777747
-177214131.33777747
-177692995.3377775
-178171859.33777753
-178650723.3377775
-179129587.33777755
-179608451.33777755
-180087315.3377775
-180566179.3377775
-181045043.33777753
-181523907.33777755
-182002771.33777755
-182481635.33777753
-182960499.33777753
-183439363.33777755
-183918227.33777758
-184397091.33777758
-184875955.33777755
-185354819.33777755
-185833683.33777755
-186312547.33777755
-186791411.3377775
-187270275.33777755
-187749139.33777753
-188228003.33777753
-188706867.3377775
-189185731.3377775
-189664595.3377775
-190143459.3377775
-190622323.33777744
-191101187.33777744
-191580051.33777747
-192058915.33777747
-192537779.33777744
-193016643.3377774
-193495507.33777738
-193974371.33777735
-194453235.33777735
-194932099.33777732
-195410963.33777732
-195889827.3377773
-196368691.3377773
-196847555.33777726
-197326419.33777726
-197805283.33777726
-198284147.33777726
-198763011.33777726
-199241875.33777726
-199720739.33777726
-200199603.33777726
-200678467.3377773
-201157331.33777726
-201636195.33777726
-202115059.33777726
-202593923.3377773
-203072787.3377773
-203551651.33777726
-204030515.3377773
-204509379.33777732
-204988243.3377773
-205467107.33777726
-205945971.3377773
-206424835.33777726
-206903699.33777726
-207382563.33777726
-207861427.33777726
-208340291.3377772
-208819155.3377772
-209298019.3377772
-209776883.3377772
-210255747.3377772
-210734611.3377772
-211213475.3377772
-211692339.33777723
-212171203.33777723
-212650067.33777723
-213128931.33777723
-213607795.3377772
-214086659.3377772
-214565523.3377772
-215044387.33777714
-215523251.33777714
-216002115.33777714
-216480979.33777714
-216959843.33777714
-217438707.33777708
-217917571.33777708
-218396435.33777708
-218875299.33777708
-219354163.33777708
-219833027.33777708
-220311891.33777708
-220790755.3377771
-221269619.33777714
-221748483.3377771
-222227347.3377771
-222706211.33777717
-223185075.3377772
-223663939.3377772
-224142803.3377772
-224621667.3377772
-225100531.33777717
-225579395.33777714
-226058259.33777714
-226537123.33777714
-227015987.33777717
-227494851.33777714
-227973715.33777714
-228452579.33777714
-228931443.33777717
-229410307.33777717
-229889171.33777717
-230368035.33777717
-230846899.3377772
-231325763.33777717
-231804627.33777717
-232283491.33777717
-232762355.33777717
-233241219.3377772
-233720083.33777717
-234198947.33777714
-234677811.3377771
-235156675.3377771
-235635539.33777714
-236114403.33777714
-236593267.33777714
-237072131.33777714
-237550995.33777714
-238029859.3377772
-238508723.33777723
-238987587.33777723
-239466451.33777723
-239945315.33777726
-240424179.33777732
-240903043.33777732
-241381907.33777732
-241860771.33777732
-242339635.33777732
-242818499.33777726
-243297363.33777726
-243776227.33777726
-244255091.3377772
-244733955.3377772
-245212819.3377772
-245691683.3377772
-246170547.3377772
-246649411.3377772
-247128275.3377772
-247607139.33777723
-248086003.3377772
-248564867.3377772
-249043731.3377772
-249522595.3377772
-250001459.33777717
-250480323.3377772
-250959187.3377772
-251438051.3377772
-251916915.3377772
-252395779.3377772
-252874643.3377772
-253353507.3377772
-253832371.3377772
-254311235.3377772
-254790099.3377772
-255268963.3377772
-255747827.3377772
-256226691.33777714
-256705555.33777714
-257184419.33777714
-257663283.33777717
-258142147.3377772
-258621011.3377772
-259099875.3377772
-259578739.33777726
-260057603.33777726
-260536467.3377772
-261015331.33777726
-261494195.33777726
-261973059.33777723
-262451923.33777723
-262930787.33777723
-263409651.33777723
-263888515.33777723
-264367379.33777723
-264846243.33777726
-265325107.33777726
-265803971.33777726
-266282835.33777726
-266761699.33777726
-267240563.33777723
-267719427.33777723
-268198291.33777726
-268677155.33777726
-269156019.33777726
-269634883.33777726
-270113747.33777714
-270592611.33777714
-271071475.33777726
-271550339.3377773
