-161563.02948190662
-457263.3377769938
-10031755.736426745
-10031755.09126413
-10031854.501730304
-10031954.536500966
-10032051.936242985
-107122.54453605578
-112460.58150184063
-139534.71590871215
-158165.1950832659
-10182792.637919784
-851943.2657038153
-924407.917170248
-1167947.3377769948
-1432135.9520203103
-275116.0391546495
-285054.0173543013
-282363.6057325836
-285571.58179627475
-304385.9004289035
-297459.9772410527
-305291.8190231891
-315805.9563061824
-333023.6711482784
-361210.8547142217
-366505.1419281206
-360680.36854391743
-421435.07117996813
-433793.69118617976
-395836.3688431815
-457524.76317928766
-447038.19252998754
-466031.5566160471
-461667.04170929594
-10369036.09254716
-10373120.777265234
-10367388.863694116
-10456100.91154309
-10396044.49068922
-10488717.564928325
-10452347.540284282
-10427116.234533288
-10433469.987716155
-10398521.74033037
-10487106.463227859
-615707.2418879375
-10503115.416932432
-631938.1411960409
-2245801.1217363095
-2195510.1731649116
-2244562.915863001
-11967867.689391574
-11953556.938481722
-12112459.135801423
-11809098.620160535
-11650372.161782805
-11456473.645375045
-11527001.926604873
-11459184.034747811
-11306336.900889117
-11361835.063985879
-11552489.036237305
-11433361.402538814
-11438741.582148796
-11215299.459253382
-11208437.712157372
-11254109.511979122
-11246338.979861965
-11299141.886770248
-11296786.950603163
-11523761.128375202
-3227339.337776998
-3706203.337777001
-13857169.058608126
-12364342.312676756
-12026244.503126036
-12664868.123691035
-12071255.026478505
-12556972.637256945
-12163435.691014446
-12217977.388877504
-12734735.001333885
-12982179.218119819
-13379365.094183281
-13083754.720056105
-4567983.441660347
-4633468.358855322
-14041104.389444036
-13277531.75187172
-14621707.630868156
-4830578.501775998
-4874722.10413861
-4898280.930176655
-4889033.898836284
-4960198.2883078065
-14214139.382690232
-13797771.330043077
-14318415.625084255
-13403718.068134457
-14186469.568263808
-14542184.764612995
-14746889.759438723
-13482834.631087635
-5319194.910838132
-14386722.90966357
-13672011.759178031
-13589783.98173099
-14532673.125649044
-14972963.384891108
-14265956.407525714
-13737431.331440229
-13971854.028065087
-15560320.741054894
-14034645.22152286
-15569184.836031131
-15736757.126906777
-14896459.960125439
-6023031.315144408
-6080809.182049555
-6053163.720102599
-6117126.214743663
-6093932.509588557
-6145876.934636636
-5388740.712622592
-6130322.614476642
-15623696.175868284
-6219380.531304401
-6212225.84558227
-1657139.0697313899
-11480298.037765035
-1685002.3446283636
-11591017.181383455
-11596826.63397023
-4519673.431293159
-11182794.669207893
-11184193.508598138
-11093754.156709086
-10976010.725536691
-10801470.409734879
-11203622.22985468
-11355698.728127683
-11011488.816947006
-10996334.25813287
-11242608.37395971
-11151489.32491951
-11304868.554771625
-11128271.148124386
-11408523.82602605
-1572846.6301921052
-1517781.502760694
-1520660.7543309715
-11361080.431367345
-11345422.58332783
-1637187.5665036116
-11487142.180001985
-1645079.0288158343
-1619835.3155340925
-1734454.2480852178
-11684256.382615263
-1688119.1847642206
-11367503.21009162
-1675720.4031356547
-1720712.2617602693
-11438463.752891898
-11490797.681077335
-11613075.39949085
-1655766.404769233
-1688708.868662084
-1764302.7939405497
-1698222.68172245
-1700573.028736173
-1664358.352162165
-1593939.6741963588
-1600522.8347535413
-11551964.507525887
-11484960.897179035
-10738241.317599522
-10667177.200989908
-10801625.682658982
-10679234.178461196
-10824353.687324556
-1610262.1096816468
-1572593.113655336
-1652843.696790947
-11540177.369912116
-1775935.1289089953
-11580525.736970477
-1750702.3969838175
-1691565.2348072103
-1675534.6355265698
-1710253.2002670958
-1693140.2132795372
-1633203.7860407445
-1657452.4298899197
-1682299.7333915655
-1686137.0316312658
-1713412.2390764242
-1729835.3706871849
-1733651.1375913706
-1876773.5681247115
-1773060.8888755501
-1843369.4935909722
-1948486.7710038081
-11765827.642656427
-1922738.7623379116
-1751861.8369316377
-1908515.892731659
-1824907.3071443278
-1805006.3998409456
-1787066.428519958
-1828300.6077920909
-1731476.6892599298
-1877646.4809627268
-1938752.4395143664
-11742969.624598658
-1912902.1667303408
-1895596.7572283624
-1764744.8733005195
-1802695.1733926025
-1873206.9657445415
-1764059.236408517
-1867358.8905308398
-1861083.2768619475
-1819495.7826604457
-1902198.4167913825
-1848258.9515663877
-1828336.6534734752
-1877035.7921374969
-1869348.5018468883
-1909441.6351323277
-2039402.8820306475
-2195190.403775545
-2013972.1108698992
-2005365.930155636
-2068276.0602971974
-2050463.684201983
-2339180.017193302
-2256319.1035659695
-2138973.7506893277
-2108867.076482461
-2207612.7191590383
-2300253.1772105126
-2046080.8427917254
-1977552.5076764305
-1910089.948735262
-1949226.3536504023
-1953265.740469152
-11908005.943864988
-1959135.7242632215
-1925822.657437726
-2012673.1714271263
-2028627.5709768536
-2043917.6500778184
-2060375.2486969328
-1966099.40884057
-2006907.9362420358
-2059928.199227991
-11829370.390004374
-11868940.102019202
-11958073.902601426
-11666625.259738136
-11545220.42550804
-1944756.9963013371
-1959798.1622623275
-11877434.524677861
-11831303.288408827
-1972451.0530453585
-11700373.664652258
-2019698.7836320063
-1937751.9404601497
-11868752.968648318
-1986419.945228502
-10937575.712802956
-10837030.684780296
-10837814.92463745
-10838866.853889816
-10928814.587676018
-10980694.871800635
-11070927.075972073
-11148541.892472362
-11073133.36243517
-11291740.072011959
-1834113.0808515856
-1867581.2813751842
-1976391.2205041738
-2114504.348517908
-2157642.186871364
-2100793.5026459834
-2179376.6062719794
-2250122.345341918
-2259722.3838849445
-2218186.58965017
-2238762.640523667
-9212644.944239404
-9235434.068580613
-2499628.2388555775
-2139552.216928588
-2642239.4048939897
-2043121.8640378194
-2156500.549018178
-9399612.69950662
-9417788.209593719
-9582040.15842639
-9701085.374623116
-9716037.592019863
-9733353.241477335
-9750021.866505649
-9767294.942180743
-9800535.214770308
-9837675.12036753
-9974855.78036863
-3250737.4723820924
-10015266.872592121
-3962446.4305533636
-10086633.373988353
-3710473.080981791
-5302369.641714701
-5381507.394169266
-4502488.0734074665
-3662948.4800517033
-2696920.1031017904
-3551004.7526509906
-3279625.1511590346
-5117063.589864099
-4119755.636915649
-2507102.8148950143
-3415693.373204032
-2979440.5041090013
-3066184.53793096
-3696901.5091063785
-6831454.687545195
-4139737.8106674314
-4697031.643495359
-10876015.337776989
-8272314.883769214
-11413007.337776992
-11891871.337776983
-12344858.707754062
-12666771.11586639
-13014987.337776972
-13276149.281256339
-13488099.870604286
-6884112.586380991
-5703859.428702807
-5630601.988408325
-5683456.81821823
-6922225.342502216
-6341260.527212322
-5086133.532556537
-5687155.094808627
-5290910.961624494
-6561205.067642295
-7015659.487276307
-8380212.651659729
-5201302.20924836
-5327150.400700915
-5406613.988522244
-5230100.218543003
-5495151.06171722
-5259114.755942366
-5407832.748342989
-4649252.1440339
-4741763.408740957
-5530462.288154448
-5642550.176596186
-4620918.697304688
-5753262.379117234
-5241016.284953877
-4148594.1735549057
-4108685.521005955
-4246937.9048070535
-3977710.568943132
-5937064.158431369
-7525460.784198178
-6783042.314347058
-6037072.193277573
-4380940.377585371
-4625783.394065886
-5398246.731397652
-6002301.973818624
-5310748.122090709
-6039522.095245012
-5387661.076932021
-5419471.609438135
-4242714.549132724
-4056908.7897334546
-3728157.329085248
-3791775.374977995
-3712110.227313199
-3848325.1560370284
-4392264.5805780655
-5033937.353631693
-4555879.684805853
-4337993.056084871
-5022664.1173682315
-5761578.5789327985
-3645195.4411378624
-3802129.983952825
-4347365.446669984
-4614603.259610778
-5019883.343282947
-5707008.039507844
-4592040.825384658
-4997909.47552505
-4654571.137580571
-4203389.497157486
-3738422.5084479162
-3863657.543994957
-5434077.135084535
-3515683.2134586396
-3541586.36935377
-3545615.642467536
-3383067.1493451414
-3343158.369182918
-3803783.285601884
-3766357.7982233725
-3971479.4670061395
-3698092.790808766
-3944741.9979818747
-3372822.8128537484
-4563582.966473184
-3842771.1640809244
-4935327.645298811
-3928360.6015559686
-3588500.494287459
-4650370.2068166975
-5768931.116216538
-4665593.090069186
-4819715.382154669
-5483215.00074617
-6847422.202447625
-5378094.7885606075
-4847581.871030541
-3945798.1244252333
-4200702.68820159
-4291012.0246732095
-5346208.229553617
-5242706.404541932
-4628450.282751578
-4824492.825240222
-4720497.355066732
-4438671.411491139
-4447639.55775508
-4523301.326006651
-4319525.514041962
-4044453.167830874
-4117542.561371598
-5508729.406374885
-5242717.128671227
-4435960.63806761
-4870469.167002499
-4310960.915832047
-4151250.6734826337
-3473390.6316425125
-4636941.1182501735
-5047501.649587027
-4143244.634241779
-4808372.143356714
-4820503.276758082
-5230365.730558208
-5644344.341749404
-4766400.436158159
-4773373.82378027
-5939831.176404098
-5374058.480837477
-5168046.3958589835
-4139974.5709950766
-4920252.0337345945
-4077352.5471996176
-5936357.520101934
-3921554.593813478
-3321124.063066081
-3420971.2515734127
-3374979.4913737727
-3451153.400391066
-3478987.6159638753
-3689207.94050153
-3694573.7768232245
-3555931.200010141
-3734392.602192532
-4176223.038600197
-4180162.2353775534
-3697297.844212486
-3557264.931885464
-3516670.77396327
-3695754.52821518
-3606878.8377488223
-3840761.5928091193
-4419327.696103079
-4872514.303824646
-3674289.3079453334
-3750363.820678448
-3364098.6530740513
-3782304.8349155453
-3816940.9960748735
-3675501.9242157033
-3808830.18083508
-4097323.6283627497
-3788465.1091568945
-3741889.3076473475
-3802497.6213513687
-4518719.482408761
-5174459.659658021
-4007406.078300227
-3886082.828831332
-3729073.03733092
-3842498.4285338633
-3776318.40114688
-3863402.064848844
-4051433.789444591
-4389720.424090472
-4238812.447206365
-4268040.254474021
-3755944.0544772027
-3735919.652536378
-4133216.6393468385
-3905808.3871557936
-3911349.994938085
-4284595.668690624
-4789117.896177921
-6766650.4767461065
-4721465.57567791
-5679890.265002596
-5075988.232999971
-4764084.039676674
-4507930.6365750665
-3988728.6634722627
-4233508.412057329
-5057689.23470978
-4946215.479963102
-3819355.4276328753
-4069683.935019768
-4576725.966691647
-4773420.979099974
-3978106.98411325
-4092587.9506844757
-4042782.1109256903
-6870746.205234937
-4530195.317965268
-5589713.966541392
-5483759.354542058
-4692169.926821689
-4753711.872972991
-5684963.110004953
-3873375.52517879
-3907333.7886432735
-3448444.7145886095
-3531678.455461708
-3800687.0353840394
-3568763.9216744704
-3858210.1940986346
-3983901.0910569355
-3084051.179936915
-3079984.7239742135
-3028708.269416166
-3138656.5115690054
-3137220.1092213336
-3086451.0620592367
-3527603.598436422
-3153261.6121334275
-3048024.457921119
-3400010.564668918
-2971923.5363152847
-3303696.2361596073
-3330666.2286798493
-3079841.7410977595
-3029769.2565350994
-3081295.2564009717
-3025044.9015839878
-2949996.9140475364
-2952006.583814171
-3142121.6695197155
-3281487.052047076
-3395049.326900822
-2963811.572476966
-2992283.8127212515
-2958856.211626743
-3077100.6223932714
-3046570.4288139036
-3186763.771229671
-3108222.674247317
-3109943.407075147
-3083928.3352133655
-2953420.4496204923
-3119274.671065473
-3231528.8749677297
-3290520.5194967547
-3291615.2064322773
-3639268.572737894
-3924429.995829263
-3844690.2511435333
-3424516.2267593103
-3174734.3945539687
-3034962.1888649897
-3572876.285235962
-4112293.746649493
-3860723.28079548
-3834141.0733112725
-3893163.670861383
-3132366.081269281
-2960791.8312815954
-3069729.8665750856
-2879766.1985431984
-2825354.6655494026
-11580594.022662703
-11778842.006722193
-11694723.135157732
-11553151.77848721
-11498070.180647967
-11525902.544519288
-11470524.161639523
-11499237.183582136
-11695419.637101233
-11926318.528462717
-11642940.742296774
-11728911.271373142
-11899685.156239167
-12299403.888426632
-2925555.4380643354
-12357900.859645322
-11674977.03062793
-11875355.454646602
-11790958.85009275
-11934730.670844348
-2964245.830007612
-2963184.49009521
-2966112.5982788485
-3248302.202733456
-3279083.1703425157
-3168944.3163026855
-3749785.104028163
-3464106.8454711293
-3172159.6648941836
-3260079.308995275
-3173086.5943819988
-12178019.633294642
-3091774.8366251825
-3182582.0678484007
-3212512.3282230063
-2987817.505420738
-2956195.798196527
-3158330.8206029003
-3132117.9430713756
-3048393.185154657
-2940732.439835546
-11989991.960368903
-11962504.06685965
-12397800.433948174
-11820000.32264602
-12227095.61688319
-11909122.5370164
-11823187.22930655
-12230654.731284013
-12727234.161920596
-2992615.5434532478
-2994278.202145203
-12122748.63743097
-12035151.85534115
-11715369.241288343
-12329336.273335084
-12445555.128663868
-2826584.4009608733
-2996125.7052838635
-2828242.058828579
-2914200.8925339566
-3028694.416825941
-2971965.394644182
-3002870.5950534637
-3159730.58325722
-3161478.797235002
-2987198.543219055
-2985527.071966201
-2867027.887576172
-2894774.289243117
-2980845.1277886704
-2897870.008594002
-2953685.758714234
-2867029.022750469
-2926470.459325566
-2928016.622184551
-2929227.941781319
-2931027.568948359
-2961781.2234952603
-2819479.754114344
-2646236.2658007136
-2647691.3021126636
-2821728.6318768896
-2823684.0918576946
-2621847.049410056
-2862264.6568170665
-2863541.7351630763
-2865135.9326548977
-2836935.955839056
-2867766.0703406776
-2839363.843572986
-2840117.838887153
-2870649.9613155667
-2871730.6803814587
-2872584.968559892
-2873574.2068912433
-2874657.867358151
-2875702.4162895237
-2846842.2168471282
-2847526.1819479596
-2848658.3739197166
-2879521.441198927
-2880684.6097246828
-2882139.2444318943
-2883331.2739727614
-2884613.717801061
-2886356.5232646065
-2858388.730775641
-2889404.9597829985
-2861077.089749835
-2892430.217972145
-2863794.1182885338
-2895240.276461225
-2866767.3463476705
-2868565.1210614196
-2870451.973591013
-2902432.3486492643
-2874751.9495179374
-2876605.091807683
-12518955.853354586
-2640339.1242620577
-2311620.0700727785
-2914177.409682255
-12855751.938081525
-2857752.0904445057
-12799789.014419433
-2892364.7155652572
-12502271.808524545
-12503832.061158521
-2686331.1879858957
-12506958.307380132
-12478376.403094579
-2661230.736651923
-2935535.9080599574
-12544200.769434733
-2909411.068683324
-12911129.25928182
-2913238.600091431
-2915214.03803574
-2674140.813894947
-2706192.751989519
-2738247.82195288
-12526768.862489123
-2924608.617025861
-2926769.2983025503
-2776174.2949756607
-12503338.611216363
-2718667.7012517434
-2689617.4630827946
-2721864.0216693846
-2937604.5350944228
-2938885.0345858033
-2941071.9698774214
-2697870.3424651944
-2484159.21925174
-2792068.661410851
-2732455.8925560177
-2733976.9443568555
-12920403.629640743
-2799567.235902528
-2709193.780973301
-2957338.1555322576
-2990436.932078628
-2961382.717300057
-2963235.25765138
-2965911.049863222
-2968346.4384724866
-2970682.722681131
-2972591.2420862257
-2973476.5850239997
-2912000.059924519
-2820327.625007885
-3007848.0528971814
-2822236.540619216
-3008914.553911714
-2824242.1436095596
-2981800.2041451507
-2828286.576544401
-2984839.0060896515
-2985676.2947561904
-2986260.6048230543
-2987212.67198474
-2988588.987323411
-2989480.1365927593
-3021365.164019309
-2835085.825438929
-2991627.5932604806
-2992298.748562196
-3024209.094318534
-2993774.896831109
-2994827.4311354817
-2995655.9538708967
-2996632.0877769315
-3028578.432491454
-3029356.0648137834
-2998825.305852873
-12968224.937739883
-3031403.0401134654
-3000824.1553227557
-3001312.0944774784
-3002032.197638555
-2783465.6842957716
-3003386.6600452675
-12722381.525071722
-3005297.3567175185
-3007173.309562947
-3007935.3634715048
-3008696.381092587
-3009737.161365854
-3073150.265764334
-3074226.252187569
-3127281.958240904
-3097424.479209052
-3067829.37223737
-3101053.2492616163
-3071237.575843005
-3071884.2546616048
-3104991.3464656137
-3106783.321625058
-3108360.7936241943
-3078120.4833197235
-3047757.4694021954
-3114123.795224248
-3113961.9766060994
-3053553.8567945166
-3114336.2930766805
-3088952.6394325313
-3090425.3340040846
-3059628.406876904
-3093320.2222564034
-3038038.244036339
-3067035.956456492
-3099755.1205403707
-3103393.3988897204
-3108388.829728052
-3105927.560999441
-3108869.5814235955
-3112508.0664461884
-3113005.4354239376
-2892066.4023948065
-3116332.862256362
-3118161.985215341
-3117807.0944307996
-3087348.2663126364
-3153322.7231339025
-2676651.613839544
-2645778.693877512
-3092235.9574367246
-3092374.6287101293
-3096234.5973547683
-2841755.157790671
-3004429.1106997994
-2557209.4484061287
-2813350.6474615117
-2814423.221369992
-2879114.5308212605
-3137680.355920323
-3104300.4902383275
-3106412.395666575
-3134387.7320967186
-3137348.6342752986
-3136456.862568849
-3138186.0179752903
-3143294.337580982
-3142599.2486441936
-3141811.930202225
-3114513.7895882293
-3176946.0684138737
-3118623.3819708996
-3147056.1499482878
-3177124.3549118894
-3145149.2698279805
-3144952.3035433753
-3145836.759451355
-3178106.858075485
-3179020.228316334
-3183339.465436531
-3149545.2655332605
-3154783.081792104
-3155236.350719212
-3184504.294371719
-3153786.593878178
-3193067.2134208526
-3162149.529568798
-3129674.0182912415
-3164484.529581268
-3199009.112167823
-3197060.655582592
-3195853.434477126
-3199351.162013674
-3166218.251038603
-3168279.0921408446
-3202479.011816223
-3200917.3316434193
-3143041.147014038
-3171394.553860836
-3202774.8600787264
-3139976.1916296324
-3145613.230845419
-3206771.2883005403
-3173698.6665190253
-3181433.8057005643
-3183557.3634777213
-3184017.6074787984
-3151234.880237688
-3182639.7801579754
-3184246.51746646
-3215435.6626320486
-3185945.093062156
-3189750.543020319
-3190753.4233843028
-3224985.444370581
-3186594.0231518587
-3187513.1340028117
-3195609.909962514
-3224423.680626855
-3165306.1666043596
-3259754.326357629
-3198298.4462898267
-3195130.963941308
-3202283.0323175765
-3202761.5324156834
-3164952.8802018473
-3230501.428962327
-3198518.2609843942
-3238599.678334354
-3269409.236843153
-3208348.907681043
-3176473.8370092064
-3210558.893100956
-3206879.131675011
-3178182.69021579
-3209536.140434605
-3210642.5290566166
-3211337.2080772445
-3210610.2071956126
-3212020.437957168
-3213976.341396098
-3216703.105525442
-3217182.423244027
-3215732.2063319366
-3191005.0878859605
-3187033.543909753
-3220157.461684516
-3253486.2997105396
-3195637.815089002
-3230394.0100761065
-3265548.251357605
-3225874.711711459
-3293086.5962546095
-3201845.827482282
-3235941.9673738927
-3229302.4272067565
-3236440.281279346
-3271823.499353881
-3206963.029008353
-3234939.046004833
-3240480.8429999
-3242641.863533077
-3213912.539202613
-3215716.3096683277
-3249144.7207420664
-3218201.7574887187
-3244189.2295144037
-3251989.7605354865
-3252495.0608678786
-3255103.08716144
-3255922.762435472
-3225229.1206470407
-3257010.457513263
-3221359.8043997064
-3225292.762049923
-3286235.7871600688
-3252645.045335394
-3253842.702738421
-3259466.722100067
-3291421.889516244
-3258898.7115795603
-3225820.643912589
-3259817.7153113508
-3267598.1211041114
-3265012.3756826734
-3269567.542707863
-3268522.7704901323
-3305645.055902588
-3273463.644435317
-3270390.692635622
-3273260.0015009963
-3246705.9925512793
-3247945.985999804
-3249076.8821345945
-3250280.3059782768
-3282303.481054537
-3251370.2143970085
-3218368.5084827724
-3252566.7314729597
-3219857.1641584835
-3248999.1701154863
-3245215.9060212257
-3253127.9020258063
-3255836.608961521
-3286911.162800167
-3285071.691782502
-3321512.1499931244
-3259061.6873578634
-3261754.503433863
-3295661.0614339295
-3295978.697657975
-3295990.3322971635
-3297098.8844924793
-3297289.1870711427
-3290177.595826459
-3295349.012940784
-2827452.4385158904
-3299031.628045001
-3300155.0259926803
-3296854.09142428
-3297435.5094289663
-3303872.015114246
-3271443.580993068
-3267707.7857560012
-3271647.6990334233
-3305585.347405353
-3274696.2176259966
-3277864.4111455074
-3245339.909687954
-3246358.8246809286
-3278853.03874341
-3313078.8587578237
-3314390.0364759383
-3315644.402397083
-3311274.163560428
-3346572.5943772625
-3350175.1200005575
-3318579.870163424
-3319980.1146506453
-3318757.259720039
-3287927.95692019
-3318442.536117008
-3316449.1831607874
-3317370.9731923593
-3323586.696966838
-3292292.9217767464
-3294003.5651102825
-3294840.285233209
-3295896.0470501254
-3332012.755232045
-3362273.8637551866
-3258830.7108930387
-3362691.130054157
-3369719.8228767966
-3338397.656644171
-3336478.6540697934
-3334491.5270977486
-3338637.2367133824
-3304905.4953211024
-3304680.063575771
-3344150.654892355
-3345481.01198006
-3312144.211355256
-3313240.945103044
-3345741.3062648536
-3350015.088450988
-3351116.777206323
-3309311.7665588288
-3344749.339482533
-3352691.5710106776
-3353863.435215386
-3387486.356534803
-3354932.9409719966
-3352121.4890828226
-3356543.2746626614
-3352857.9108668203
-3390360.5645334814
-3350221.8370111748
-3325577.948831901
-3361009.060629181
-3393780.472294328
-3329345.851600918
-3330672.0375747564
-3332148.4441389972
-3332661.7632746976
-3366001.8967330754
-3332802.926794984
-3337804.287955131
-3339036.2132368754
-3340103.927174061
-3341483.7649951065
-3343398.38554799
-3345178.8508156645
-3380050.821162108
-3346141.4910709728
-3347357.8806939283
-3349151.3686843887
-3349306.197527224
-3351980.741306124
-3353064.6777983746
-3354860.2966909125
-3322037.108023617
-3323619.2441596063
-3393661.9455592902
-3326276.1192908753
-3394367.9476444344
-3330019.5888389014
-3368309.7034333926
-3335891.263603363
-3406671.7046934864
-3367886.042006962
-3342487.405458262
-3343766.773515302
-3381237.199082559
-3382252.1813744716
-3384131.1889267825
-3379414.6958256834
-3385275.9454888315
-3356345.676036269
-3395274.3221647586
-3398253.5571893477
-3400091.175744219
-3402451.9981598365
-3368907.2300043534
-3399987.91381743
-3405414.0796527127
-3476587.834984896
-3408461.8370214044
-3400431.3709497824
-3441625.7090147515
-3409145.6609405307
-3448711.890014142
-3379740.5474523464
-3416165.787019235
-3415430.964991155
-3384244.9506083103
-3420109.1052320614
-3385421.6002219575
-3421375.1092288014
-3386844.770182679
-3422858.2454324844
-3388260.9109003586
-3424288.730375464
-3425763.6929160245
-3426501.8002703395
-3393494.001177234
-3429895.6242909725
-3431203.3488001474
-3432081.9935012427
-3469025.0800422537
-3434576.135900682
-3435516.5428433307
-3400987.041187181
-3401659.5086248666
-3438509.423324963
-3436631.6635490423
-3439295.50708515
-3472175.3732512346
-3444313.4224764635
-3410087.552098583
-3443536.067518246
-3450129.4371201615
-3451561.058203365
-3417491.216247719
-3452442.0756839863
-3452476.589009227
-3454145.605945179
-3491451.6852522576
-3458215.367412614
-3462363.094740643
-3463971.493819927
-3459010.521897897
-3465006.019275486
-3470186.008242247
-3507186.8590723453
-3436702.400723945
-3437343.4056549426
-3437819.167824077
-3438704.8962942585
-3475392.176677203
-3440291.3646899173
-3476744.0351973227
-3481713.569496214
-3482666.142368513
-3482460.7875918807
-3518388.568007064
-3449610.629613778
-3488864.2428734726
-3454504.9594983566
-3456075.581032132
-3492204.881837671
-3525006.3246862357
-3494776.6068393234
-3491876.17703812
-3528603.201144607
-3499516.2034057197
-3501676.1696377937
-3538308.1665607607
-3461571.141128888
-3499321.4185606306
-3470524.871460219
-3540092.5219248575
-3541512.485078649
-3505786.469807569
-3503499.146261369
-3540444.002478945
-3512573.233401941
-3478465.4932205053
-3514413.2244825596
-3543053.41309191
-3515452.6423857277
-3549738.282583191
-3511877.436997244
-3509139.647937746
-3545841.3171101394
-3511250.863557243
-3520035.576978321
-3516511.8043570896
-3519449.4630607544
-3522775.3141237195
-3522378.8935709205
-3524795.816776309
-3526665.8195354124
-3527963.103635276
-3490495.0644179415
-3531587.342280171
-3533034.672096934
-3530367.6734889466
-3572595.408425155
-3568678.2340562292
-3497083.1063443148
-3571898.5657965206
-3541136.60423406
-3542421.8984997277
-3507270.7902834634
-3581359.084714947
-3544164.7063604463
-3547276.549205263
-3547602.025218202
-3550078.8952217614
-3551988.407651739
-3587082.8804047816
-3582461.4171619006
-3546440.2524831505
-3548167.867658642
-3558146.372569112
-3557289.1992818965
-3523498.9170192275
-3598070.5345978346
-3563803.5600052904
-3566041.9663455016
-3598143.418671202
-3566653.6864717575
-3566927.570423589
-3604948.232030829
-3569297.0309012383
-3602846.3042119853
-3606078.9064525594
-3573903.2813389734
-3611920.653332805
-3612043.822849126
-3574465.112798523
-3569201.5730921202
-3571034.9514902723
-3572684.9161894624
-3611850.4388854485
-3574774.817339998
-3574937.8308533155
-3576093.8081191117
-3576984.129714255
-3614746.084687339
-3614909.3555287104
-3579076.6981088216
-3616833.7400333867
-3583459.039575157
-3619548.4730811636
-3586670.4646094823
-3587758.5476009925
-3625651.280339958
-3590499.351311847
-3593588.4338353416
-3595967.8186251675
-3600123.4376049354
-3600932.9691854245
-3598190.3450328056
-3600720.877309208
-3602448.9530826802
-3602006.3464815016
-3640803.165947148
-3643715.4670212977
-3644929.211254259
-3609724.471039928
-3620414.2273838953
-3584652.177622218
-3622919.6534107984
-3624958.289800766
-3625992.49847339
-3589412.0782105722
-3626962.426497781
-3664434.087770141
-3633256.988118339
-3633908.9281086684
-3634576.549586943
-3667389.6261200444
-3665317.0093772425
-3665944.178478956
-3637558.5856584106
-3635211.5051211515
-3631165.396611575
-3632036.6643530154
-3641560.234344549
-3603009.5944520184
-3644364.7396410997
-3607934.8690751144
-3646709.7108809142
-3610436.5935506998
-3612099.981070981
-3612993.0491102748
-3651568.2120318064
-3615275.8019616855
-3652753.1573185055
-3653835.060738475
-3648733.477242257
-3688309.3411342097
-3660759.7185769845
-3653751.5061815195
-3663086.3101700866
-3626422.8987485585
-3664973.5596913397
-3668093.349118309
-3669762.056946337
-3698527.3714463217
-3633700.257791659
-3673453.5094837057
-3637526.200030593
-3641295.340018756
-3680451.7882230827
-3678977.9289076556
-3684547.924133841
-3647424.3027916476
-3686335.579206878
-3649554.7211545706
-3650700.721034511
-3690470.132573141
-3691820.8138562236
-3692440.738718321
-3694439.354898212
-3657673.624055805
-3697304.709457607
-3659652.1682823133
-3698238.8706339514
-3699049.4314364367
-3662283.4575158027
-3663263.136424017
-3664963.2380340253
-3665815.2370472173
-3704610.8380179848
-3667041.8427948887
-3706445.1144418945
-3708230.467302565
-3708950.645884361
-3671275.1908280477
-3671851.45236478
-3710517.1490855687
-3672767.597480992
-3673281.2083628313
-3712091.1754809087
-3712664.764343339
-3713267.439936706
-3713932.777945315
-3714606.724154667
-3676902.9510994097
-3677550.5066380575
-3678327.0704521644
-3717270.745414139
-3679788.8454156118
-3718747.1166101834
-3719625.018710622
-3681893.88537907
-3720737.865035319
-3682672.2907028976
-3683258.32430975
-3722235.4985739216
-3722948.166181645
-3685418.8346977322
-3686161.2498087636
-3686656.598171984
-3687530.506759189
-3726805.084059578
-3689116.407892722
-3728226.3078973475
-3690364.692414242
-3690975.94011675
-3730086.687296645
-3692226.852385312
-3692560.851892445
-3693100.303058042
-3693766.4173878552
-3694675.976649073
-3695298.069224316
-3696023.241167597
-3735393.5223659975
-3697632.008844021
-3736905.546700961
-3699266.280845055
-3700029.814931974
-3700838.7609371413
-3701674.562678831
-3702212.9358794964
-3702886.991338258
-3741970.755252893
-3704012.79563553
-3743273.0438314937
-3744010.106976729
-3705962.0664050295
-3745077.335331882
-3707069.1990598333
-3707616.357488001
-3746910.629371381
-3708874.144865051
-3709437.889997374
-3748698.355666139
-3710558.642552716
-3711034.2030661134
-3711500.8713894603
-3789385.995001321
-3751312.2463887306
-3751836.244441037
-3752762.855529222
-3714636.168353386
-3715430.299851099
-3716311.8066100394
-3717065.3288934366
-3756355.254081897
-3718222.995930684
-3718783.976744082
-3719410.3479409954
-3719992.3341127066
-3759336.070116085
-3759852.0755818686
-3721796.6192043507
-3722679.8653419917
-3723491.7967782854
-3724105.9759806157
-3763231.5155045204
-3724724.287832629
-3763865.0897257114
-3764555.3233182556
-3765286.353810359
-3727165.1972948983
-3727907.952357971
-3728343.5067285174
-3729136.5920102578
-3729960.8429317474
-3769387.399415587
-3731037.4110710775
-3809454.5217076624
-3771815.69232861
-3734108.272927381
-3774282.5441397415
-3775974.8842723905
-3738280.6304278327
-3777934.564044467
-3739633.572081518
-3779115.372367194
-3740697.764114032
-3741319.8254114366
-3742355.896059441
-3743274.279315457
-3743952.33749678
-3783500.9424798815
-3784214.3914357335
-3745839.802486894
-3785729.4419320463
-3786931.956794614
-3788378.5300001367
-3750604.6892164387
-3790373.0869081467
-3751836.282158667
-3791541.477096588
-3791925.3817564645
-3753297.0893789707
-3753925.210102614
-3793539.8994440646
-3755059.947546554
-3755830.812304
-3757142.5257893847
-3837555.310197451
-3838595.997606476
-3761837.9193223305
-3802607.9455676046
-3764872.5996816033
-3765664.21845868
-3766320.9723621053
-3766819.710517416
-3767273.379231127
-3767923.9684945177
-3807789.6425221195
-3769198.546710834
-3769832.7547908193
-3770286.7764269817
-3770688.990982453
-3771049.088356547
-3810956.8605976566
-3811463.9138558963
-3772675.5179707706
-3812282.953463841
-3773360.7006735667
-3813459.4312414015
-3814211.290089478
-3815492.3874851367
-3777541.2244828725
-3777974.509801878
-3778360.6746133915
-3778765.216200715
-3779193.216908602
-3818959.5351611595
-3780194.853134711
-3781298.692274431
-3862260.409022301
-3823968.6386655294
-3825005.0735286274
-3826156.6875471487
-3787719.780706305
-3788158.0416441592
-3828277.353111269
-3789375.478297217
-3789885.5193193783
-3830003.0931712817
-3791192.494210269
-3831346.4524419056
-3792385.5175224086
-3793062.7863326813
-3793643.8839708697
-3794152.081730615
-3834259.4037062903
-3834858.384615575
-3795722.4286207827
-3796312.401305779
-3836683.7981910654
-3797943.2903695153
-3838019.2420397913
-3799078.5890052505
-3839342.142521063
-3800231.923166345
-3800860.0186015638
-3841019.1213144665
-3801895.633588677
-3802496.888021246
-3842526.681937602
-3803340.8808385986
-3803778.5583995422
-3844040.827084612
-3805147.017727443
-3845262.1432215315
-3806157.7129383124
-3806822.5096601667
-3807342.5572930025
-3847600.2986595756
-3808383.6057424466
-3808913.2499801856
-3849173.642735747
-3810322.7748174993
-3850628.9229305773
-3851293.5845443103
-3812213.9455646225
-3852553.7634550454
-3813507.0623544254
-3814105.9537742697
-3854301.4950615545
-3815165.4177893614
-3855407.664404827
-3855915.798060691
-3816777.427462931
-3817468.8313642624
-3818202.35135386
-3818739.2631068355
-3819250.667491878
-3819691.88591539
-3820243.8579803947
-3860784.232472762
-3821664.065841232
-3822360.9247225705
-3862958.1119880485
-3823917.9791592713
-3824712.201145008
-3865366.0900194612
-3866059.194641207
-3866572.843523807
-3827127.8486839887
-3827561.9378815726
-3828068.4025157723
-3828846.5742572453
-3829587.265569567
-3870011.6612446974
-3830661.335477823
-3831155.913371724
-3831697.4691576287
-3872186.2204878083
-3833074.231559314
-3833812.2663028333
-3834349.490716755
-3874986.0759700276
-3835531.6151395333
-3836195.7344275983
-3836629.421761028
-3837136.586294395
-3837850.04402115
-3878585.532880981
-3839424.4118106496
-3840354.2861983534
-3841144.916106389
-3881720.338329424
-3842272.4510875745
-3842917.6440127282
-3883479.412243818
-3843896.529418339
-3884284.530515195
-3844929.6253423896
-3885712.406831886
-3886355.8367218575
-3886823.3308554674
-3847326.926877055
-3888182.094287724
-3848714.1569178123
-3889432.1183010843
-3889870.044118355
-3890613.884628636
-3891537.4400018607
-3812063.0111688594
-3852815.7584030917
-3853260.9693428334
-3853802.193586118
-3854432.4870541007
-3895175.029353734
-3855677.263277531
-3856655.5179403755
-3857340.768909818
-3857782.331394835
-3858216.657782938
-3858621.114940904
-3899360.5252343044
-3859777.213634236
-3900531.6811050177
-3901146.3959386223
-3861681.4377321405
-3862327.152285598
-3903285.2808896927
-3863579.1480910983
-3864041.0559125873
-3864612.3695753375
-3865198.332576697
-3865745.219315808
-3866319.3091981546
-3907059.9606052116
-3867320.963708545
-3867788.644923815
-3908656.403559209
-3869000.0191762513
-3869597.722193092
-3910406.673289153
-3870656.019262614
-3911403.5759645873
-3911928.8119266583
-3872119.1125721154
-3913067.8805956626
-3873440.701588862
-3873905.422111718
-3874395.640666864
-3875027.9152901513
-3875649.9693369614
-3916667.020971117
-3917138.714976936
-3917684.093817163
-3877801.420720261
-3918666.5798062976
-3919187.785727196
-3919880.0708083957
-3920567.942504147
-3921329.3139895205
-3881592.581088806
-3882189.014032156
-3882692.458217594
-3923691.33922217
-3883733.7791789975
-3884198.635752569
-3884782.8359035496
-3885345.0639181496
-3885897.2554944395
-3886410.0157360723
-3927355.897502001
-3887389.0714131994
-3928462.2227928312
-3888690.2496541534
-3929905.989947075
-3889831.7171865143
-3890453.066058214
-3931778.043216403
-3891733.0781427207
-3892500.5113516324
-3933957.4500164078
-3934501.0343907154
-3894318.1968376776
-3894930.9565937584
-3895611.4147587772
-3936834.8259493914
-3896762.796561851
-3897394.223708913
-3898178.5234475587
-3939545.062493863
-3940342.304590644
-3900457.753561625
-3900915.2949404395
-3901318.7805353785
-3901638.047545285
-3942709.9710150743
-3902634.7805842846
-3943899.13565771
-3903778.4902450037
-3904359.724354719
-3904920.383727184
-3905511.490221628
-3946927.6520633125
-3947482.4229228506
-3948157.7333243894
-3949047.3703563544
-3908937.860400834
-3909646.231384096
-3910355.4266503914
-3911143.2462201444
-3911774.424987705
-3912411.0626109107
-3913107.1057173945
-3954371.8270977596
-3914088.538057752
-3914774.9339511464
-3915606.728619037
-3916191.715718538
-3916764.1781576374
-3958238.8598610586
-3917910.5234637624
-3959124.127490375
-3918860.682117982
-3960403.543746087
-3961189.6317432234
-3921024.118227751
-3921882.120316246
-3963550.443498489
-3923267.662205745
-3923682.6079038135
-3924172.8142752065
-3924698.120011872
-3925538.9155982346
-3926338.27800577
-3926904.3467993666
-3927371.1770113073
-3927885.7924150997
-3969209.155309691
-3969866.067836924
-3929593.3504268387
-3971227.0320050335
-3931089.0183807253
-3931736.4534939434
-3973382.918266089
-3933193.885806217
-3933975.0592114343
-3934732.9659868665
-3935362.6179577834
-3976958.7693443955
-3977663.398197617
-3978283.0499161184
-3937929.960381517
-3938464.6499769543
-3979957.398518719
-3939722.6501854104
-3940350.8108200612
-3940959.7207581713
-3941516.038892407
-3983176.5703356774
-3983732.7972298935
-3943268.3000763333
-3985034.3941923687
-3944423.182620284
-3986030.793519994
-3945461.333141553
-3945951.7995845987
-3946377.870880354
-3946778.1630158667
-3988634.564380304
-3948068.4561365605
-3989683.1915387036
-3949122.1989075667
-3949664.6010828926
-3950070.328295187
-3991702.185134259
-3951135.3111605984
-3951595.148549021
-3952155.8723035958
-3952746.1095805685
-3953250.882036605
-3953805.771691041
-3954434.720707045
-3996146.6275738827
-3955554.934330367
-3956037.9218432447
-3956771.5836794795
-3957399.5185785387
-3957918.5503952773
-3999878.3052325747
-3959203.780252898
-3959680.220429291
-3960284.5398588968
-3960900.248550413
-3961419.5137875495
-4003218.687147856
-3962434.269685246
-3963100.25958987
-3963557.243810334
-3963916.7018114245
-3964449.2602955643
-3965017.353299134
-4006909.99371807
-4007454.1979476623
-3966680.8987023174
-3967251.896399773
-3967683.8986967914
-3968105.6640194473
-3968749.327957192
-3969472.3869145513
-3970240.4546734313
-3970808.5985155213
-4012933.0829915465
-3973215.641426248
-3973607.970691763
-3974259.7798902215
-3974829.7139259884
-4016760.744490971
-3975818.5325150792
-3976446.2203403916
-3976928.237066714
-3977579.2684502243
-3978127.9173025466
-3978743.1268796683
-3979268.3157338295
-3979788.175513044
-3980379.2138660946
-4022356.257049366
-3981373.9473497886
-3981830.587987761
-3982341.4905443327
-4024219.8558168923
-3983247.0818032445
-3983813.7698030933
-3984344.168626829
-3984878.5819723755
-3985323.554731366
-3985768.2276051943
-3986101.6999786696
-3986676.256085558
-3987269.601917773
-3987654.2910458185
-3988217.1784076793
-4030331.7189386543
-4031016.9235913856
-3990092.4558631047
-3990496.890209808
-3990984.208136907
-3991365.9068670115
-4033644.8278200636
-3992816.729395282
-3993451.077928162
-4035477.0452717035
-3994457.609765678
-3995127.5706159044
-3995797.951098517
-3996425.98223442
-3996932.539999668
-3997549.979065708
-3998149.284741723
-3998760.6422100603
-3999352.266877133
-4041744.806588332
-4000795.522755202
-4001314.2228407026
-3998648.645391913
-4038825.407156067
-4039752.190574919
-4003435.0414628396
-4003874.0848571477
-4046090.8657246456
-4046526.791249593
-4005371.7981858626
-4005781.7035213937
-4006223.979989351
-4006796.318970517
-4007354.1392772263
-4049689.9081573957
-4008449.562673421
-4008956.078161285
-4009557.997184894
-4051747.0410248176
-4010492.7052153205
-4010953.37123402
-4011455.1092975973
-4053930.517804029
-4012733.830896592
-4055112.2940007662
-4055714.9243825544
-4056197.136667178
-4014840.8399866004
-4015357.1240792307
-4015832.6536343643
-4016391.103308251
-4016874.983706599
-4059349.0638182233
-4018076.9445496304
-4060610.502894152
-4019361.9763389234
-4056390.828283941
-4059451.343467251
-4060066.275109859
-4020009.799959805
-4062917.0960461115
-4023143.061888006
-4065370.7373490734
-4023874.437188534
-4024392.290701299
-4066803.4644104056
-4025172.764328679
-4025475.800320832
-4026017.7100845748
-4067625.7488808325
-4068355.6321196933
-4068186.75446952
-4027608.205022086
-4069686.7094149897
-4029858.117019048
-4030498.2191362344
-4031220.7849300425
-4031720.455402094
-4032255.258787857
-4032190.364487381
-4033470.46010639
-4034050.5620816066
-4076564.2894579484
-4034878.4027429246
-4035544.316734405
-4036055.4976776624
-4036784.5455165836
-4079372.7789215883
-4037956.6183315795
-4038609.5307854423
-4081293.8872301085
-4039737.061976418
-4082419.9779706486
-4040809.821380743
-4083444.083942627
-4083942.8322799313
-4084382.658939
-4042773.4875333076
-4043273.0796799087
-4043758.736425324
-4086356.308639487
-4044728.4164710324
-4087292.6261562137
-4045676.4718114682
-4046198.475297438
-4046714.0264235153
-4047296.031068636
-4047856.859574164
-4048347.3412698954
-4087916.8120753407
-4049215.86112815
-4050353.476248397
-4093251.562373083
-4094111.00275946
-4052586.904795778
-4095698.9831221467
-4096424.0647351285
-4096869.858620023
-4055143.7558945566
-4055734.339072814
-4056388.327138465
-4057064.1625275137
-4057657.270065195
-4058328.4045090773
-4058997.995167213
-4102024.111832136
-4102502.1513478262
-4060585.91343961
-4103488.5166982836
-4061858.357559751
-4062387.4239105424
-4062984.887913386
-4105925.6708207307
-4064150.1039186018
-4063717.2153374767
-4066384.8519130414
-4107594.1034932425
-4065634.5637223357
-4066939.5527849547
-4111351.2802858204
-4115185.761430586
-4073450.798238576
-4116622.28325572
-4073776.8579570544
-4118362.7348415414
-4076787.517514436
-4077328.9555382915
-4077768.323657883
-4078367.0527549237
-4079125.7446001824
-4079823.8063402427
-4122762.8957855254
-4080712.4199456065
-4081418.06481875
-4081989.438610583
-4124985.7684207265
-4124359.362541836
-4082111.8095412515
-4081920.713226758
-4084011.706331247
-4085946.1164161437
-4086956.6349360044
-4087863.9410717455
-4131215.1030180026
-4089356.720454789
-4089781.604391629
-4087708.53008099
-4130916.7491764193
-4089042.15763732
-4090006.459151878
-4092685.0378906988
-4133475.3894176777
-4093901.083746499
-4094826.96962578
-4095452.982810904
-4096062.4366471996
-4138480.081823228
-4097273.5509726945
-4140466.199652888
-4098374.3283811132
-4099005.167215073
-4099591.617221821
-4142911.2563822498
-4100793.8204913414
-4101354.1040957524
-4144536.5987752196
-4059634.68933623
-4103135.0859419457
-4103659.652932238
-4146838.1715073246
-4146240.2327938783
-4145334.313852796
-4103244.4484177185
-4106093.9748472166
-4106625.472480276
-4107330.4286050946
-4108096.873959426
-4108783.6701233466
-4109762.2359608253
-4110331.96992374
-4110767.320339484
-4154188.010673109
-4109564.390438951
-4155067.77068418
-4112940.2091335165
-4157000.41389082
-4155070.8629310913
-4155817.5878312145
-4158607.859029548
-4155823.423305418
-4157561.6039388156
-4116210.370503866
-4162170.6920338594
-4162892.310137619
-4120573.0398163144
-4121069.8682103306
-4121716.829103204
-4122241.5576027916
-4165785.19704502
-4123498.295733506
-4124049.838461112
-4167613.2284626667
-4211196.918418983
-4169015.457485008
-4126753.889198903
-4127342.9713175613
-4168530.044212782
-4129724.339857093
-4130435.996343221
-4130946.229584893
-4131360.3568396126
-4132090.826943086
-4175835.824262645
-4133315.4181186906
-4176854.643326359
-4134002.9667004975
-4134957.995784356
-4135446.065768946
-4177863.546417749
-4179834.101905563
-4180466.5269569317
-4137794.482666651
-4181248.610734325
-4138622.7083937884
-4139090.3779785074
-4182800.9184633745
-4139280.034788162
-4183967.4617352434
-4184456.5656736195
-4141128.2369394493
-4142568.144778958
-4143422.164813046
-4185368.990459709
-4145066.2029281463
-4188739.6565929297
-4189351.362937232
-4190148.4881552425
-4147504.435463829
-4191379.9642822878
-4148890.4355742065
-4149600.7022536765
-4150226.896655853
-4150823.4399146214
-4194804.776822313
-4152074.2249959554
-4196102.491184904
-4153488.642975115
-4197472.152074395
-4154776.2367041833
-4155369.7736231224
-4199233.897703124
-4113100.5714981603
-4200081.306556214
-4157012.366484748
-4158062.263118177
-4201898.017554505
-4159055.8997958046
-4159763.3206767756
-4160399.814494154
-4161144.437702656
-4203484.257266243
-4206321.936654083
-4206887.778429508
-4165334.3730271813
-4209397.213742698
-4210011.80010119
-4167045.510042202
-4211120.370229611
-4211766.101167089
-4168970.015021622
-4169673.3990402627
-4170285.500815359
-4214315.4948156765
-4171369.434667899
-4171878.493374646
-4172490.381679554
-4173112.3992645205
-4217239.760716338
-4174790.7666394906
-4175757.584975467
-4220084.293605706
-4177252.5869112713
-4178005.2297317954
-4222276.14987927
-4179245.1655353596
-4179796.9587518596
-4180220.5117586693
-4180895.8738972694
-4181431.4612182607
-4182087.5816783933
-4226367.159423703
-4227145.894132101
-4227170.6963235615
-4225911.9528733045
-4183158.4549101796
-4185548.3254489144
-4230850.578758336
-4188488.2716377815
-4189456.4364208747
-4189966.7270716825
-4187989.65765994
-4191326.934625991
-4191981.6985792085
-4234167.814548125
-4193099.159056404
-4193941.330948793
-4194671.072430382
-4195532.05760386
-4240052.082317509
-4196996.655013541
-4197587.537337968
-4242034.655677488
-4199035.254731141
-4243393.060805989
-4199043.641816631
-4200738.6623911485
-4245152.262407569
-4245710.786287262
-4246201.476599833
-4203128.646808409
-4247639.793214222
-4247805.195328189
-4204611.108009493
-4248948.139117606
-4249573.337040355
-4249117.969030533
-4250692.143272545
-4207494.452043743
-4208163.0396780195
-4208872.946350912
-4206154.13537537
-4209790.508636655
-4254084.547647543
-4210494.173655055
-4254436.823215428
-4208721.043642775
-4209377.040030577
-4212988.940822576
-4169878.153748939
-4214409.582558105
-4214983.248411586
-4259269.904561295
-4259942.694269907
-4215869.260181265
-4217359.28566125
-4219732.708048574
-4264272.955317802
-4264219.895011831
-4221248.353102492
-4221895.655655687
-4220208.111336876
-4266827.751174575
-4265569.0278361915
-4222032.23274462
-4224654.356877667
-4269482.512585789
-4664344.897375237
-6863619.992847049
-7003485.0690866485
-6521036.360002221
-6436083.449571617
-6352989.063549443
-6135239.550638398
-6847471.850821758
-6630870.615898016
-7163911.791329265
-7209944.428111019
-6814010.403585984
-6284758.978370499
-6555031.916815733
-6070390.549923842
-5805639.139812722
-5762894.631116471
-5809685.083166016
-5855457.466317925
-5857744.197248355
-5947758.508146965
-5993581.512159387
-5907655.287829011
-5953773.331114798
-5822295.165453947
-6092470.378714355
-5828761.382066759
-5875910.835278399
-6010917.549777334
-6148344.719809266
-6194889.057769426
-6199717.995662001
-6021921.578336771
-5803997.2829331765
-5403514.195307029
-5359446.621830564
-5359832.784093872
-5360314.573088548
-5226762.570363328
-5450609.072903538
-5450986.033756408
-5496029.213324375
-5272968.999350922
-5318217.334819352
-5184737.508892326
-5319743.7528145015
-5276459.445968148
-5411504.160060567
-5456828.729339723
-5592119.242849363
-5817612.370538467
-5686486.854417345
-5645976.898561358
-5829476.311494412
-5742646.462419534
-5654005.736681477
-5744279.211395276
-5520385.218348075
-5475985.798075605
-5431591.698590194
-5521969.807957801
-5298075.468001622
-5657794.026064244
-5523575.834031657
-5524073.200622256
-5749657.573746599
-5886349.8767631985
-6023802.099655594
-6071804.433568683
-5897655.489428593
-6037260.37944923
-6039999.344677072
-6042342.542622521
-6135951.390096838
-5869175.568767776
-5873399.022012593
-5740038.200105353
-5696069.16972997
-6150438.660473284
-6062923.643342196
-6112731.385465393
-5891279.962730351
-6032390.08358926
-6354518.690119021
-6358911.531003448
-5861982.753909478
-5910102.2820796985
-5776121.963183891
-5869460.699189076
-6011703.295197874
-6107670.871089095
-5927634.609047462
-5885403.007651042
-5888646.277053323
-5846544.449011502
-6033497.793032721
-6128221.909328271
-5902282.584682095
-5995767.66399341
-6043967.892527456
-6185598.613171661
-6144859.017828499
-6423328.808821854
-5919779.373062345
-6014113.762292284
-6108499.303714133
-6156811.5267557
-6343601.578925824
-6392535.551912858
-6441078.4166385215
-6401007.32989424
-6771981.313057485
-6451055.493196414
-6314333.315517824
-6131311.32779401
-6134796.3072841745
-5907022.409691027
-5909327.125602533
-5956798.517050539
-6005307.64320022
-5961568.003252209
-6102661.313300375
-6154412.71320212
-6019855.288108597
-6022472.286659367
-6212433.7171785245
-6263214.708925894
-6172560.298124757
-6684495.563970812
-6455251.474513335
-6551399.1856199615
-6414236.496275486
-6508736.68217281
-7068600.153022808
-6886142.949446614
-6986045.6937530385
-6992451.213410848
-7599207.679993467
-7464892.4983895775
-7513447.749884943
-8688337.629487474
-7432858.834558847
-7061007.689331144
-7016529.689791197
-7346061.173870249
-7113978.56563508
-7209166.18383077
-7582674.9695194205
-7635975.451357528
-7219752.861338044
-7925768.643472448
-9345278.34161186
-7941946.397193117
-7670178.657811137
-7680073.794988619
-7688800.640602266
-8217259.68816084
-8323794.497316292
-7676694.182570308
-8208242.638963094
-8930427.694799107
-8226883.528629336
-8048025.201388656
-8014722.204857454
-7543332.328978293
-7639578.909903362
-7884717.240832848
-7851879.949282261
-7620848.449788873
-7871489.111067304
-7924933.742497966
-7883265.902616368
-8033324.984597014
-7850315.8149749655
-7807567.427460314
-7958626.015356636
-8594767.346446255
-8316164.812307077
-8181379.606100134
-8566147.70796233
-8875621.410569813
-8395439.555131156
-8405449.930655224
-8954474.829064468
-8181357.4003264
-7746953.2045046855
-8200072.80411395
-9089600.795932809
-9002735.495819727
-9157550.263661185
-8918725.475618917
-9322545.745208533
-8934961.233803004
-9578066.796802148
-8751851.40236166
-9694886.127490064
-10294278.108929886
-9962922.801029367
-10116270.354776565
-10861603.177658292
-11066204.412933713
-11025144.240034672
-11922465.882467657
-10841318.382711887
-11144505.654478136
-11302393.595622458
-11459983.262308355
-11770165.194639217
-11086817.889873771
-13090361.419094585
-11109132.022446264
-11116610.31751126
-13023899.709088279
-13032499.245441994
-9594144.407584315
-9851765.345503751
-12561610.720670735
-10571394.112284757
-8526243.849346856
-11946829.361303166
-12112114.714429108
-11016059.90341713
-10770050.661669534
-12846758.31379318
-10035147.51499838
-10800418.477277212
-11572729.87406147
-10418683.206920557
-10068751.403339602
-10431197.431995628
-9276620.09657051
-8424314.897986887
-7771782.755216642
-6963555.244989199
-7321188.204388627
-7430408.0175617775
-7229283.429289578
-7131627.116265347
-6879156.6902277395
-6779245.163230355
-7391419.336612183
-7601774.623484066
-7502434.804233822
-7095442.15794378
-7049582.769393999
-6695386.6957428595
-6238449.97446835
-5986752.438575208
-6605282.554958059
-7069676.073981058
-6562716.243034215
-5900067.652872451
-5851116.059503928
-5649759.65478249
-5909717.6408774415
-5911868.906761741
-6019118.717908586
-5713292.686804128
-6076023.33154487
-6852410.901386607
-6855030.967853763
-6238935.745549985
-7273172.318315001
-7069170.140920826
-6451953.533755675
-5576678.593366063
-6198437.9619419025
-7491934.635531876
-6202144.5672518
-6101612.769404685
-5844335.003388656
-6210931.296552629
-6162183.43698704
-6321249.421876526
-7672644.976366641
-8349849.7471453035
-8145557.864765393
-8155103.3910403475
-8367574.41479077
-6343597.547500839
-6503372.560932976
-6090772.168942083
-6299922.563935302
-7239404.137254811
-6258165.716029496
-7240136.822040057
-7465686.686919535
-6844519.293961982
-7058852.815677618
-7167220.132642329
-7172673.614021004
-6973391.157562578
-6925576.812055502
-7140286.722045708
-6199435.385293807
-5675311.678425297
-5888879.907487228
-5680101.618741885
-5786856.014355266
-5736863.820344887
-5892762.004103729
-6105799.4759975765
-7216505.687067005
-7273543.808567861
-7594939.049018588
-7286309.624654567
-7872993.187958059
-7717583.448380181
-7619836.746107749
-7829128.845144899
-8110006.639748538
-8600439.522432148
-7372242.1673580995
-6635500.015612324
-6847720.788180442
-6321994.285508287
-6690474.918512499
-6374918.88603736
-4942888.02598524
-6746326.565189272
-6481900.17838958
-6376840.648597953
-6271918.486442915
-8661945.49869407
-9033382.99209765
-7496375.339547583
-9571970.43587361
-9626600.717743054
-9147871.311597846
-12395396.547976254
-13408992.786008203
-11661213.38883517
-11247326.132939838
-11362548.56635048
-11802648.292993419
-11065536.094203914
-11340257.340034096
-11238759.718312535
-15536861.927057384
-19144390.926451992
-18203300.438461516
-17147771.338303085
-17594626.41098597
-17394984.54112702
-14072111.229424959
-19431603.729971744
-19507044.53319997
-18771733.10369129
-19117454.79749016
-14148189.298162375
-18613433.698782437
-18308087.94247468
-20336732.357090134
-26300721.037033316
-16681550.261812085
-18948384.589825887
-18301708.477998298
-18201116.568476144
-20445819.22303524
-11552181.627298044
-10680919.703414349
-13533269.071570935
-12178201.438141735
-11801711.415812418
-12469486.276792485
-11379907.219539145
-13154694.722685799
-15377204.576310042
-16829646.86594723
-19501121.382748727
-18162484.132968023
-19580672.048056554
-19473902.05313228
-14887199.838762568
-17531406.34379427
-24367443.562721957
-21862452.677571423
-22700450.679010686
-38837957.701467276
-38852508.63630559
-39090931.33777701
-39569795.33777702
-40048659.337777026
-40303798.94920613
-40318115.09689502
-40332890.424394876
-40346277.909958065
-40360378.487649046
-40375365.80108811
-40390607.90969598
-40405053.201161265
-40418959.39676261
-40432737.382789545
-40446576.496232994
-40460828.85580445
-19183314.541821852
-11882568.50625914
-19902884.95614712
-22837949.78037914
-13254623.338686818
-11439467.76058553
-10976034.26498862
-15036875.385444881
-14395539.448903255
-10052164.946134513
-9942317.042432446
-9772673.720435765
-9603162.659657715
-9196302.224335076
-10264734.987232164
-9738245.695430754
-9210852.63483414
-9157571.387105837
-11530317.31884621
-9170732.006830197
-9470300.705316033
-9355728.636683589
-7999399.501541167
-8122410.836545898
-8895591.058145415
-8723201.529048612
-8726215.518702203
-8135252.823355479
-8968506.38019168
-9677589.849840106
-8149226.225979566
-8629422.977876935
-9167919.607799739
-8630682.541016515
-8165909.043764253
-7988454.193452239
-8109180.9257822875
-7992778.772643397
-7399403.004850395
-7283699.426115155
-7880355.098622187
-8487997.102934938
-7236058.6120128995
-7057748.381267036
-7883439.274687178
-7602080.98999856
-7604296.049437614
-7181391.942105726
-7484853.106392422
-7181957.40767827
-7242201.335159874
-7126294.333252858
-6524975.868564353
-7188882.549803381
-6947827.075382164
-7069835.322319007
-7133577.436286945
-6894771.364506762
-7017676.503588603
-6960251.2948481245
-6903449.1265497
-6965942.262237346
-7151295.379967831
-6853010.698875328
-7156855.768655797
-7399818.392195311
-7164453.822528631
-6628879.77683002
-6868477.133623638
-6990234.809259506
-6992323.347622606
-7173104.0693919575
-6695243.2165856995
-7230079.1907811165
-6992852.279374041
-7054831.831571627
-6816417.569417363
-7057486.573182054
-7540370.946522788
-7901610.847774627
-8145346.877053377
-7966441.523217027
-8331217.511922452
-7671696.3574664425
-7010569.347454267
-7190893.377800498
-7016077.147491051
-7198607.733001616
-7139177.420666127
-8226637.775782471
-7861091.167175788
-7202456.950463073
-7449426.917982414
-7382935.408070242
-6902867.80653397
-5209719.605488864
-6905333.253659949
-6965924.404884651
-7391256.509043645
-7272711.665865575
-8062439.065892164
-6548887.747043242
-7460367.0801947145
-8129225.357920834
-8315229.312566636
-8195330.3034602385
-7350091.317677016
-7592794.7038002955
-8261730.395181205
-8384490.734696641
-7778402.3117274605
-8266540.117191561
-8389329.83193389
-8208312.183471671
-7727213.712999795
-6940175.8984103985
-13349064.70633689
-6518772.278254104
-8277969.476142825
-7974241.191189004
-7670955.572755469
-7915703.496012573
-7795737.48961859
-7798866.631772478
-7859349.124325767
-7619024.305347309
-7558893.485455167
-7622351.435720153
-7561929.690587603
-7685921.274360053
-7688984.69170625
-7508176.505438365
-8179618.4200238045
-7939404.704514369
-7755714.429053629
-7635881.94606124
-7453945.627402575
-7638801.444674115
-7580072.724781276
-7704229.457060147
-7340027.644940481
-7649271.312060887
-7590079.919495968
-7170793.490483051
-7718397.399885923
-7477150.903394873
-7417074.756186915
-7417006.026637426
-7479557.499542613
-7726269.704580867
-7911810.119847113
-7790706.437826043
-8098968.475125861
-8100543.498332107
-8838926.288366001
-8779143.910455016
-7989259.813394414
-7555506.057733799
-7749857.925852603
-8057861.514346421
-8001289.327152306
-7816526.228030449
-8801564.823891649
-8804632.141480783
-8746355.724469015
-8440323.93064048
-8505208.82518248
-8075044.066573208
-8076381.033568699
-8325189.265863093
-8575181.863638109
-8636792.715942437
-8701318.94382636
-9136859.735030308
-9200342.768333614
-9448410.972268341
-8590764.113496514
-8960240.795072861
-9145709.776744561
-7794126.398423731
-15507573.23664727
-14084568.00830172
-15449328.624514643
-13963351.000244368
-9289849.404127719
-9909700.879894422
-9174764.247936964
-9605853.1556409
-8681807.367489938
-9486474.974480074
-9613875.98197225
-9056536.87098769
-9056694.749354253
-8934134.271940654
-9431712.589901647
-9556934.448403489
-9496216.533380946
-9746834.3299929
-9559871.221533667
-10060799.114639778
-10618741.45297666
-10628807.626346089
-12120181.387511583
-11131769.71338146
-10264708.219875121
-11326977.856239205
-11890306.61032117
-12768975.891805101
-12398516.917926185
-11784567.73816788
-12032565.023436178
-10354042.037897205
-9671996.816920286
-10113299.056224216
-10733553.084773092
-10925693.793971742
-9617298.259310372
-9932111.866944678
-9311563.232234921
-9187289.568877483
-9000795.342613366
-8378027.649808533
-8442196.924013209
-8694528.438580735
-8323218.214898264
-8574005.539796628
-8639820.033614533
-9206700.540642114
-9083068.581198875
-9021997.27456262
-8522696.391986169
-8458360.770035993
-8397488.683877332
-8527241.097721623
-9029492.84733586
-9665646.269298837
-9912053.365501553
-9912546.5013492
-10168241.385887332
-10798623.853493564
-10051236.908732971
-11748190.233673295
-10369999.236326376
-11129636.738403123
-12140698.450814623
