1399905
-1007
1599003
-995
-989
399000
-995
399009
1199008
798995
1199011
1009
398994
399006
1599003
399012
-1007
399015
999007
-1001
399003
-1004
399003
799004
399000
-998
-1004
2599908
-1001
-1004
1199008
799004
-103
1001007
-986
-992
-998
-1010
-995
-1007
-1004
-992
399006
-989
799004
799010
399000
-1001
999010
-1004
-995
398994
999910
-998
798998
-1004
1199011
-1007
399000
-1004
798998
-998
-998
398997
399000
398994
-1001
799010
-1004
-986
-998
-1007
999010
-992
1599000
799007
-992
-998
-995
399000
-995
-998
-1007
399009
1399005
601000
399006
798998
399000
799007
1001016
-1004
1202995
398997
-1004
-1004
-1010
399000
799004
-1007
799001
398997
-1004
-1001
-1001
2399005
-1001
399009
799004
398997
399000
-1004
399003
399003
399003
399000
399006
-998
-1007
798998
399006
-1010
-1010
-983
-1004
-1007
-1004
-992
999001
399003
798995
-995
1199011
999004
1999007
799007
2199001
799004
399003
-992
798998
-998
1200792
-992
-1001
399000
-995
-998
799010
399000
999001
-998
2401003
399904
399009
-995
-998
399000
1198999
399000
-992
-1001
399015
-995
-998
-989
799001
-1010
-1004
-989
-1001
-989
1199005
-998
1799009
398997
-1007
398997
-998
399009
399000
399006
799004
-992
1198996
799010
798995
798995
-998
-998
-1004
-1007
-995
-992
799004
799007
-986
999016
-1004
-998
1199005
-1007
-1007
-992
1599005
798998
398997
-1001
-1010
599003
399006
399003
-995
-1010
399006
-1004
-1004
399009
-1004
399000
-1001
399000
-995
399000
-989
399003
-1004
-1010
-1001
799001
799001
-995
-995
1899899
-1007
399000
-1004
-989
999001
-995
799010
1901005
-100
-1007
-998
-1004
799010
2199007
399000
1199005
399003
799001
1799009
1799000
-1004
399015
-998
999004
398994
-998
-998
-1004
399012
-1007
-1004
-998
-983
-989
399006
399006
1199002
-1004
-995
600997
-1004
799001
398997
-998
1799003
398994
399000
-998
799004
798998
998995
399000
1399002
-1007
399003
-998
399000
399009
398991
-995
798995
-1001
-998
-1004
-1004
-998
399000
-992
1599005
399003
-1004
398997
799010
399009
-992
399000
399009
399000
1799009
398997
799001
-995
-989
399000
399006
-1001
399009
-998
-1004
-1001
-989
401007
-1004
399006
-998
999010
-992
799004
-1001
798998
799001
601012
-989
399009
399000
1199008
-992
399000
-998
-995
399009
399012
-1007
-1001
-995
1799006
-1007
1399011
-1001
799001
-998
801005
-1010
-992
-1010
-1004
-998
1198993
-995
-989
-1010
-1001
799001
399003
-995
1199005
-1007
798998
399003
798995
-1001
-992
398997
398994
1199002
-1004
-1001
-992
-1004
1799002
-1007
399003
-992
-1004
-1007
798998
-1001
-1007
-1001
1799000
799004
-1001
-998
799907
-1001
-1004
399003
1199005
1001004
1199005
399000
399003
-992
799013
-1004
-1007
-1004
798998
-995
1199002
-995
-992
-1001
-998
-995
399000
399006
-995
601003
-995
1599910
-1010
-1004
798998
-1010
399910
799007
-998
-1004
-1007
-1001
-1004
-1007
-995
799001
399012
-1001
-1007
-1001
-995
399000
-998
-1001
399000
399000
-1004
-986
-992
399003
-1004
1198993
-992
399000
398994
-1004
-995
-1007
-992
-1004
1199005
-1010
-1001
399003
399012
599003
399009
-1004
-1007
-1004
398997
-995
-1001
-995
399006
-989
399003
399006
-1010
799001
-1001
-995
-992
-1010
-992
399012
798995
398997
799004
399000
-992
-998
-992
-1007
-1001
399006
799007
398997
399003
398991
399012
399000
799007
799004
-995
399000
-1004
-1004
399012
-1004
1599006
1999003
-1001
799004
2200998
799004
799007
999004
399015
-998
-1010
1599901
799013
-989
-1001
-992
1399011
-989
399006
799007
398997
1199002
-992
399009
799001
-992
-989
999904
399006
-995
1399005
-1004
1198999
-1001
-1001
-1007
399003
399012
-1007
-1004
-1001
398997
-995
-1004
399006
-998
399003
-995
1198999
-995
-998
-1010
1398999
-1001
-995
-995
-1004
599000
399009
799007
398994
599894
1201006
-998
398997
399000
-992
-995
-998
-995
399000
-998
399003
798998
399006
-992
-995
-1007
399012
-995
399003
-1010
-1007
-1004
798995
-998
398997
399012
-1007
799013
399009
-1001
-989
-1001
-1001
399012
-1001
1198999
-998
-1007
-995
-1004
999007
799001
-1004
-998
-1004
798998
2398998
799004
-989
399012
-1004
-992
398991
-998
-1007
999010
-995
-995
399009
399006
1199005
799007
-1001
-995
-995
798998
399003
399000
999007
399006
-1007
-1004
799001
-1001
-992
1799006
399003
799004
-992
399003
-998
-1001
-1007
399006
-995
399012
-1004
598994
399009
-1001
-998
-1004
-1007
-995
1599009
999007
-998
399006
599003
-992
-989
398997
399012
-1001
-1001
-998
798998
798998
1199005
798995
-1004
399006
1399002
399000
-1004
-995
399009
-998
-1010
2401009
-995
399003
-992
-1004
398997
399000
-1004
-1004
799001
-998
399003
398997
-1007
399006
799004
399009
999907
1198993
-1007
-998
-1004
399000
1599006
399000
2399008
-995
-995
-1004
1599908
1399011
1001004
-995
399003
-998
-1004
-1004
1399005
399009
-1004
799010
799004
598997
398997
-1001
398997
-1004
799004
399000
-1001
399000
1199005
-983
799001
-995
798995
399000
1199002
-995
399009
-995
799004
598997
-1004
398997
-1001
798995
-995
-992
798998
1198999
398997
399009
-998
-1001
-1007
-998
399006
399003
1399005
399000
399006
2199004
399009
1001001
398997
-992
-998
-1010
-1007
999001
799001
-1001
-995
798998
-1007
599006
-995
1199002
600997
-1001
399003
398994
-998
799004
398997
399006
398997
399000
-1004
398997
1199005
799001
-986
799007
1799909
1399005
799007
799007
398997
-995
399000
1300998
399009
-1004
399003
-1007
-1001
-1004
799007
-992
-1001
-1001
399003
799013
-998
398994
798998
-995
399003
-1010
399003
-1001
-992
1599003
399003
-995
799001
-998
798995
-989
399003
399006
-998
-995
398997
1003
-1007
799004
-995
399006
1199912
798998
799001
799001
799004
398997
1199005
-1007
399003
-1001
-998
399000
-1001
-989
1398999
-1010
798995
-1010
399009
799010
398997
-995
-1004
1599000
-995
1199008
-998
-1007
-989
1999910
-989
-1001
799010
-1007
-995
-998
-1001
399006
-992
-989
-1010
399003
799004
399003
-1010
-998
-1004
-995
-1007
-1007
-1004
-1010
-995
-998
-1007
-1001
799007
-1001
-1001
1199906
-1007
-1010
399009
-998
399006
399003
399006
398997
398997
399006
-1004
-989
2399008
-995
-1001
1199005
799004
-1001
-1004
-995
3399006
-989
2199006
-995
399006
399009
399003
799001
-1010
-998
1399005
-992
-992
799001
399006
399003
-1001
799001
-1004
-1007
-1004
600994
1199008
-1004
399003
-1004
-1004
399015
-986
1599000
2199001
1799012
999013
399000
-1001
-998
1599003
798992
-998
399000
1998997
-998
-1010
799007
-1004
2199001
-992
-1001
599000
-1001
-1004
999898
1699908
398997
-995
-998
-1007
-995
-1004
398994
399000
-1007
1199002
398997
-992
-995
-1004
1399011
-1001
-995
-1001
2800998
-1001
399006
-1004
599006
799004
-986
-989
-995
399012
600997
-1004
-995
398997
-1007
-1007
399012
1799003
399006
399006
399000
798992
399009
799001
799001
1599006
399000
-989
399012
-1004
-998
398997
-1004
-995
799001
-998
-992
398997
399003
799004
999004
-1004
599009
799004
399003
399003
-992
599009
398997
399003
1199005
-992
-998
399006
399006
-998
-998
399003
-1010
1399002
999907
-1001
-1001
-1007
-995
-1001
-1004
1199007
1006
399006
599900
399003
-1001
-995
599015
-1004
799001
399003
401010
-1001
-992
-998
-1004
-998
-1001
-1004
399006
-1001
398994
799016
-1004
999004
-992
399012
999004
1999006
1399005
-1007
1999007
599912
799007
1402997
-1004
399012
-1004
799010
-1007
799007
-995
-1004
-998
-995
-998
1199915
398994
-995
1198999
-1004
799004
399003
798995
799004
-998
1799009
2499904
399009
-1004
799007
999007
399000
399000
-1007
-992
-998
-998
799004
1198999
398997
799914
-1001
-986
399003
799004
1198999
1198999
-995
599003
-998
398997
399003
-1001
-986
-995
-998
398997
1199002
1599006
-998
-995
399015
799004
399000
-1004
-992
399009
-992
399006
399003
-995
799007
799004
-992
999007
399003
399000
399000
-995
-995
399000
799004
-1007
-1004
-1007
799016
-998
-1001
999004
999007
-1004
1599000
-998
399006
-992
1198999
799001
598997
399006
398994
399000
-1004
399000
-1004
-992
1599003
1198996
399006
798995
-1001
799010
-989
398991
398997
399006
-1001
398997
1198999
799004
398994
399003
-998
1199002
399006
398997
-1004
-989
-1001
399006
-1007
-1001
3399000
-1007
-998
799004
1399008
399003
-1007
1599009
399003
399009
1999001
799010
-1010
1199011
399006
-1004
-1004
-1001
399006
-989
-998
399000
1899896
-1001
398994
-1007
799004
1199008
399000
1399005
-992
-998
399000
-998
-1001
-1001
-1007
399000
799001
-1007
799001
398997
2099897
-995
399003
-1001
-989
-995
599000
-1004
398994
799007
-998
1001001
-1001
1001010
398997
-1004
999010
-1007
-1001
-1001
-992
1599003
398994
2399007
-1004
999001
-995
399009
-995
-1004
399009
-1004
-1007
399000
399003
-1004
799004
599006
-989
-992
-1004
-1001
399003
-1004
1399011
2199004
799001
-992
398997
-1004
399003
599006
399000
399000
399000
1199005
-986
399000
-1004
-992
-995
-1007
999001
399006
-1001
399000
1599000
-1007
-992
-1004
-1007
-1004
998995
399003
-1010
1399002
-998
-1001
399913
399000
-94
399000
399006
-1001
398997
-995
1999000
799004
398997
1199002
-1007
-1004
-1004
398997
-1010
399907
601012
-998
-1004
-1001
999004
1199005
-992
999001
399000
-1001
799013
1599006
-998
1000992
399000
1199903
-998
-1007
799004
-992
1199002
1598997
399015
399000
-1004
-995
1599006
-992
399003
-1001
2399002
-1001
-998
-1001
-998
-1007
1198999
-1001
399006
399009
3299902
-998
-1007
398997
-1001
-992
399003
-995
398997
399000
1198996
399006
-1007
-992
-992
399000
-992
-1004
-998
999001
-989
-995
399000
-992
-1007
399006
799007
799004
3301901
1799006
399003
-992
999013
-1004
1399008
-998
-1001
1999004
-94
399000
799010
-1004
1199002
-1001
-998
-1001
798998
1198999
-1004
398994
398997
398994
398997
398997
799007
399012
-1010
-1004
-1007
398997
399003
-1004
-998
399003
-1004
601006
398994
399003
398994
399003
-989
398997
1199011
398994
-995
-1004
799010
1598997
-1001
398994
399000
799013
399003
1199002
-1004
399006
-998
-1004
399000
-1007
-992
-1007
398994
-1010
399006
799004
1201009
-998
-1004
399000
-992
1199002
-995
-1001
1199005
-989
-1001
799007
399003
1199001
-1007
-992
-995
398997
799004
1598999
-998
-998
-992
-995
-998
-1004
399003
1001007
399015
398994
-998
-995
399003
-1007
799001
-1001
799013
399006
-995
399003
398997
-1004
-995
399000
-998
-1004
398997
-1001
-998
-1004
799004
-998
1399902
-992
1198999
-992
598997
399003
399000
1599003
801005
-992
799911
-998
-992
1199002
401001
-998
-995
399006
1401012
-992
-986
-998
-995
1799006
-995
599912
-998
799001
799007
599006
-1007
399910
-1001
399000
-995
-1001
399003
399003
798998
-1004
-989
-992
398994
798995
-1004
1399002
999010
-1001
999007
399009
-995
-1001
-1001
-995
-1004
-1007
-1004
-998
399006
1599006
-1004
-998
399015
798998
-998
-998
-998
-998
-1001
399003
-1001
799007
1799000
-998
1199002
-998
399006
-1004
-992
799007
1199005
-1001
399015
1003014
799001
399006
798995
-1004
799001
798998
-998
399006
799001
1198999
-992
-998
399003
-998
399003
1198999
399012
1198999
-1001
-998
-992
1199002
-983
599906
-998
799010
398997
798998
799007
-998
399006
-992
399003
-992
-1010
1399002
-998
1399011
798998
-992
399003
-1001
-1004
399000
-1004
1199005
-998
1198996
-1004
-1001
-998
-1001
-1010
399003
-992
399003
798998
599900
599006
-992
398997
-1010
-1001
-992
-998
399000
-983
1199002
399003
399006
799010
799001
-1004
1198999
398997
-998
799001
-1001
-1001
799004
-1007
399009
-1004
-998
-995
799001
1009
799010
798998
-1001
-1004
399003
798998
-1001
399000
799013
799007
399913
1599000
398997
399006
399012
398997
-998
399006
-998
2199004
1399005
1799896
-995
799001
399000
-998
-1004
-992
399009
-998
399009
999001
-992
-992
-992
1799003
-1001
-1004
-995
1599009
399009
-995
-998
399000
-1001
2301003
599003
1599907
399000
399000
-992
399003
-998
2399001
799004
399006
1599000
-998
-995
1199906
1399005
-995
399003
-998
-998
-992
-998
599003
399000
399000
-1004
399006
399000
-1001
798998
-1007
-1001
-1001
399006
2398998
399003
-1007
799001
399009
-998
798998
399012
399012
-1007
599003
-1004
398994
-998
399006
999007
399003
-992
-1010
-1007
1001004
-1001
999010
-992
-1010
1001001
398994
399009
-998
-998
399012
799001
-1001
-1007
-998
399006
798998
-1004
-998
2599004
399003
-1004
1399902
-1004
-998
799007
-1004
-1007
-1001
399000
799004
1199002
398997
-1007
-1004
399009
799004
-1001
-1004
-1004
399009
-998
-998
-995
1198996
-1004
1398996
399006
-995
399012
399003
-989
399003
1001004
-1004
-1004
399003
-992
399009
1399002
-995
-995
1399902
399003
-1010
1198993
799010
799007
799001
1199008
399012
399000
798998
-992
-989
399904
799007
-1001
-992
-1010
-989
-1010
399000
-1001
799001
-1004
1999003
-995
-1004
-992
399003
399006
1199011
-1001
-998
399003
-1010
598994
799007
-992
799001
799001
799001
-992
-989
799007
-1007
798998
1699908
-1001
-1001
798998
1199001
-1007
-1004
-992
-998
-1004
399907
799010
399003
-992
1399005
-1001
-992
399006
398997
-995
399000
1198999
-1007
399006
-1004
-1001
399003
-1010
1999006
399003
-1004
1699902
399003
1198999
1001004
799004
-1010
398997
-998
399009
-1007
399009
399000
-998
599903
598997
-989
-992
399000
-1007
-995
399003
-992
-995
399000
-995
-995
-995
798992
-992
-998
-986
-1001
399006
399009
799010
-995
399003
-1004
1399903
798998
-998
-1004
1399005
398997
-1001
398991
-1001
399000
-97
-992
1199008
399000
399006
-1004
799004
-995
399006
799004
399006
-998
-992
-998
-1001
-1004
399006
-992
399003
399012
-992
-995
798995
-998
-998
1599003
399003
-995
-995
-1004
799001
-1007
-998
-1007
-1007
398997
399015
-1007
399000
399006
-998
1599003
399012
-992
-998
-1001
799010
798998
-998
-992
399000
799007
-998
799004
-1004
1599012
399901
398997
-1001
-992
-1001
-995
798995
-992
-1010
798998
1399002
398997
-1001
-995
1000998
-995
399009
-995
1399002
-1004
-1004
-992
1199002
-1001
-1001
-1007
398997
399003
399000
-995
-995
399012
1398993
799001
399012
799007
799013
-998
-995
799001
399003
-1001
599009
-995
-1001
-998
799001
-992
-1007
399003
-992
1999007
1006
-989
398994
799007
799010
599003
-1001
399006
1199008
-1001
-989
-1001
-998
-998
398991
399006
399006
-995
-1001
-998
1199008
399006
-1001
1399008
399000
-1007
398997
-1004
799001
-995
-998
399009
-1007
-1007
-1010
-995
-998
399006
999007
-998
799010
-1001
-992
1799894
399003
-998
399003
-1010
399009
1199002
799013
-992
1999007
399006
-995
-995
-1001
399000
-1001
399003
2999005
399006
1199002
999004
-1007
1199002
-1004
-1004
398997
1598996
1799012
399009
-992
399009
399006
-995
798998
-1007
1999001
-1001
-998
-1004
-1001
399000
399006
399003
-1007
-1001
1198999
-998
399009
1199909
399000
799004
399003
399000
399000
398994
398997
799007
-1007
599891
-1001
-1004
799902
399009
399009
-1007
399000
-1001
1199008
-998
-995
999001
-1004
1199005
399018
399009
-995
399003
-1001
398997
-1001
-998
-998
-995
799001
-992
399009
-992
-1007
2399004
399000
-986
999001
799013
-1004
998998
799004
1199008
1399002
399000
399012
-998
399009
799010
-1004
-989
399006
399000
799001
399000
-992
1198996
-995
399009
-1001
399003
799010
-995
-1010
-995
399000
399012
-998
1398996
399003
2199006
801002
-1004
1001004
799001
-992
1199004
-1007
999901
399009
-1004
-992
799001
399006
-1001
999004
799010
-992
1399011
-1010
2399010
-1004
-995
399006
798998
-998
398991
1199002
-97
599009
399006
799007
1398999
399003
-995
-1004
1199002
399003
-1004
-992
-995
399006
799013
399003
399000
1001010
-1007
398997
-1001
398997
-989
799007
1199008
-998
801014
-995
-1004
-986
-992
-995
399003
399000
399003
-995
-1004
-1004
-998
-1010
-1004
399009
-1001
799010
-989
-998
799902
799004
-1004
399000
1399008
-992
799004
599006
799010
399006
799001
-992
-1004
-992
-995
-995
599900
-1007
-992
799004
2200999
398997
-1001
399006
401004
398997
-995
-998
-989
399003
399006
798998
399009
1000995
1699902
399003
-998
399000
1599008
-989
-1007
-1007
-998
-1010
-1007
399003
-1004
-992
-1004
-1004
399003
-992
-1001
-998
-1007
399000
-1007
-1001
398991
399006
-995
1199002
599906
399000
1400999
-1004
-1001
399000
399009
399000
799007
399003
-1004
799001
399003
401013
-1004
399003
-1004
-88
399000
-1004
-1010
999016
399006
1599005
-1004
398997
-1001
-998
-992
398997
-998
-995
-995
-1001
-1004
-1007
-1004
399009
-1001
-989
398994
-1001
-995
799013
799013
798995
-1004
399003
1199002
-1001
-998
1301007
399009
1199002
398994
399003
-998
799010
-989
1199002
-1004
-1001
-1007
799001
399003
399006
799007
2401006
-1004
-1010
801005
-1001
-1007
-1001
-1004
-998
-1010
399006
1599006
-986
-998
599009
-998
-998
-1004
2399002
1399002
798998
399006
398991
399009
-989
-992
1199004
399000
799010
799010
-1004
1799906
398997
399000
1199002
-986
398997
-1004
-1001
-1001
-998
399000
1199008
599003
399003
-1007
398997
799001
-1010
799001
-998
399009
-995
1198998
1799003
399003
-989
-1001
399000
1199005
-1001
399009
398994
399000
-1004
399000
399006
-998
-1007
399003
-998
398997
-1001
-989
2999003
-998
-998
-1007
-998
-1001
399003
-1010
799001
-1001
399904
-992
-1004
-995
-998
-995
-998
799004
-1004
799001
399000
-1001
799007
399012
398994
799010
1198999
-995
-1007
-1001
999001
399910
399012
-1001
-998
799004
799001
-986
-1004
399000
-1004
-1004
-992
-1001
-992
-995
-1007
-998
399000
799001
798998
-1004
-1004
-995
-1010
399000
399006
399006
-995
-998
-1004
599009
1199008
-998
599009
-1004
398997
-998
399009
399000
599012
-1004
-989
799010
-992
399003
-1004
-1004
-998
-1001
599006
1199005
1599000
799004
-992
799001
1199002
-998
799013
399006
398997
399003
-1004
-1010
-1001
-1007
-998
1601010
-992
1199906
-998
-998
399006
399012
-1004
-983
999910
-995
-1010
398997
-1001
-1001
399000
399006
-998
-1001
399000
-1004
601003
399000
399003
-1004
399000
-1010
-1007
-992
999907
399000
599009
798998
399009
-998
999907
1199008
401016
399003
399000
-992
-995
-1010
399000
-998
799004
-995
999898
-1004
-998
399003
-1001
-986
-1004
799001
-995
-1004
-1001
1799006
-1007
-998
-998
-1001
399003
399006
799007
399006
399003
-1001
-1007
1199011
-992
398997
601018
-1004
-998
-995
799007
398991
799004
399000
399006
799004
398997
2999006
1999001
399000
799001
1399005
-998
1198999
1199002
399012
399003
2001000
-989
798995
-1001
-1007
-1010
-989
399006
799004
1199008
1001004
-1004
398994
399003
-995
398997
-998
399003
-1004
-992
900997
1599006
399006
799013
-998
399006
398997
-998
399006
399000
598997
-1004
398994
399012
-1007
398997
-1001
399006
799004
398997
-1001
-989
399003
-1004
-1010
-998
-1001
398991
399003
999901
-998
799007
1199002
399003
-998
-1004
-1004
-989
-995
399009
-989
599906
-995
-1007
799010
-995
799001
899903
399003
-995
-995
1399905
-1001
-1001
399003
-992
1598997
-1001
398997
-1001
399003
801011
1199008
399003
-992
399006
-1010
-1007
-1010
-998
799001
-989
-1007
799004
1401002
999001
-998
-1001
1599003
-989
-986
-1001
799007
399006
-1007
-1004
1799000
-1004
399006
1600802
599906
399006
-1010
1003
1199005
-989
-1004
-1004
1999003
1199005
399006
-1004
-986
399006
399003
-998
-100
-995
-1004
-998
799004
-1004
-1001
-1001
1199008
-995
-998
1399011
799004
398997
-1001
799004
-992
-1004
-1001
799004
-998
399012
-998
398997
-1007
-1010
398997
399012
-992
-1007
999904
-995
-1001
1199002
-992
-992
399006
1399005
399012
399006
-998
-1007
-1007
-1004
1000
1599005
999892
398997
798995
-1007
399006
-998
-1010
-992
-1001
398997
-998
-995
799001
399000
-995
399006
-1001
399006
399003
799013
-995
399006
799010
1699911
799001
399003
-995
399009
-989
1198999
-995
-100
-992
-989
-992
399018
599000
799007
-1001
598994
-998
399003
599006
1399014
399000
-1001
-998
1198999
799010
-998
-1007
-998
399000
-998
1399005
-1001
1003
399003
-1007
399009
399006
599900
1199008
-995
-998
-1007
-998
799004
-995
399006
-1007
-1001
-1004
799004
999007
-1004
-992
398997
-998
-1001
-992
998998
-995
799010
-1001
399006
799001
799001
398997
799004
-1010
999007
399000
398997
398997
1198999
399006
799007
-998
399003
399018
1199008
399003
399006
1799005
799013
799010
799004
2199007
401004
-989
1198999
999001
399000
-998
398997
999004
-1001
-995
-992
-998
-989
1199002
1199008
-998
1199005
399006
1001004
-992
398997
-1007
-989
-998
-1004
901006
399006
-995
399012
399000
1199002
399003
-1001
-989
-1001
-1001
-1001
-1001
-1004
398997
-989
798995
-1004
-998
1198999
-998
398991
398997
399009
599012
-1010
799001
-1001
-995
399003
599000
399000
399009
799007
-992
399009
-1007
-995
-1004
-995
-992
-995
-1001
799007
599894
-1007
-995
1198999
-1007
-989
399003
-995
-998
399003
399009
-998
399006
-986
-1001
799007
799001
-1004
-989
-1001
798998
-1010
-1004
-1007
-1004
-1004
799001
1199005
-1001
999901
799001
899900
398997
798995
1199005
-995
1199008
399009
999001
-995
-1001
398997
-1007
1601007
799007
399003
399000
799905
-1004
1399002
-998
-995
403014
1199005
-989
-1007
-998
-992
-1004
799004
798998
-1004
-1004
399000
-998
798998
-995
-998
-992
399006
-1007
-1004
-1010
-995
-995
-995
399000
-995
399003
398997
399006
398997
798998
398994
799007
-1007
1198996
1199010
-998
-1004
399003
-1007
-1001
-995
1198999
1999010
799004
-1001
-1001
401004
398994
798998
798995
398997
-992
999904
399009
1701005
399012
399003
399003
1001001
599006
999907
799004
-1001
-1001
-1001
799004
799004
-1001
-1007
399003
599006
-998
-1001
398997
-1001
398997
-1007
-1001
-995
-995
-998
999007
2599007
399009
-998
-1004
-1001
398997
1199002
399003
1599000
-998
799001
-1004
1998998
1998997
-1004
-1007
-1001
-998
399003
-1001
-1010
399009
399009
-992
1399002
-1010
-995
-1004
399000
799004
399003
599009
-1004
-998
399000
399003
-998
399000
399009
398997
399000
399003
1000
798995
-998
-998
399000
398997
-1007
-992
399003
-995
799010
399009
1701008
-995
399012
1198996
999010
-998
-1007
-995
399006
-995
399006
1199008
-1010
-1004
-1007
998998
-989
-998
-989
-995
-998
-1001
399009
399000
2999002
999001
-1010
1599006
799010
-1001
399003
-1004
998998
398997
-992
-992
-992
1199005
-1010
-1007
-995
-992
-1004
-995
999007
-995
-995
-1004
-992
398994
-998
1701005
399006
-1001
-998
1299904
799001
799007
-1007
-1007
-998
399003
799004
1198996
-1001
399003
1398999
799010
399000
399009
-1007
-1001
399006
-998
-998
1799009
799004
399006
799007
1198999
398997
-998
-992
-998
1199005
-995
-998
-1004
1798999
-1007
799007
799004
1799006
398997
-998
399003
399000
-998
-91
399012
-1010
399009
-995
-995
1199002
-1001
-995
-1001
-998
601000
-989
399000
-998
399003
-1001
399006
399006
-1007
1200807
599900
1599006
-1004
1999004
399003
598997
398997
1199008
-995
399009
399003
399003
398991
399000
999004
-992
-1007
998998
799004
-1007
599000
1003
399003
799010
-995
399003
1199002
-989
-998
-1001
-1007
1198999
799016
-1004
399000
-1007
-1001
398997
398997
1598997
799013
399000
-1010
-995
-998
-1001
-998
-992
399006
399009
-998
-1007
-1001
399003
-1004
-1010
-1007
799010
2200998
-992
799010
599897
798998
399006
-986
-998
799001
399000
-1007
-1004
599894
599000
-992
-1001
-1004
-998
-992
1199008
-995
799004
-1007
399003
399009
-1001
-1001
-992
398994
-998
398997
399009
-1010
799007
-998
399006
999905
-989
-1007
-1004
999013
-998
399009
-1001
-1010
1798997
799007
399006
399003
1399905
-995
-992
1199002
1199008
399003
-998
398997
-1001
399003
399000
1198996
399000
399006
398997
398994
-998
399006
-1004
999007
1198999
-1004
1599005
599009
-992
399000
-1007
1201001
-992
399000
-1007
-1004
-1007
2999008
2599902
399000
999007
799004
399000
399009
-998
399003
-1007
2301009
599006
399003
-995
399006
-998
-995
399000
399003
600994
399006
399000
398994
-1010
399009
1198996
1198993
-1010
-989
1003
799001
-1004
-1004
-1010
799004
-995
399000
2599005
1199008
-1004
399009
-1007
-1001
-989
798998
399012
599903
798995
-995
-1007
399006
-998
-1001
-995
798998
799004
399000
399000
1199005
-1001
-1004
398997
399012
-1004
799001
-992
398991
799001
1599012
399003
-995
399012
599012
999007
-1001
398997
-995
899906
1399005
799010
398997
-998
399000
399003
1199002
-1010
-1001
399006
-1007
-1004
399000
798998
-998
798995
398994
398994
-998
399000
399009
-1007
-998
799001
598997
399000
398991
-998
-1001
799007
799004
399000
999004
1398999
399000
-1004
598997
399003
-998
-1004
-995
799004
399000
399000
399006
-1004
-1004
-995
399000
-995
799004
798998
-992
-998
799010
399000
399006
399003
399009
1399908
799001
-992
998998
-998
-995
-1004
-998
399000
-998
399012
399012
799010
-1001
999007
799003
-998
399003
398997
-1004
798998
-1001
-998
-995
-998
399006
601003
-1007
-989
398991
399003
999901
398997
-1010
399003
-998
2601008
-995
799001
-1004
-995
799004
399009
-1001
398991
-1004
-998
1399002
-1004
399000
-1001
-998
-995
798995
-1004
399000
-995
1199005
-1007
399003
-989
-986
-998
799001
-992
-998
-1004
399006
-1004
-1004
1199005
-992
-995
1199002
398994
1198993
399009
-1007
799007
399000
-1007
399000
1001007
398997
-992
-998
-1007
399003
398994
-1001
-995
1399005
399006
799001
-1001
-1001
-1001
-1010
1201901
399000
-1001
799010
-1001
799007
399009
398997
-1004
799004
799013
398997
399000
398994
-998
1799000
399003
-998
398997
-1001
-995
-995
-998
399003
598994
2601006
-1004
399006
399006
-998
399003
399003
799001
-1010
-1007
-1004
2199004
-1001
399000
1399005
398994
-989
-989
-1010
799007
399000
-1010
399009
999910
-1007
-1001
-1004
-998
1301001
-998
-1007
399003
399009
399003
-986
-1001
799001
-1001
599003
-1001
399003
-995
799001
798998
1599000
-995
399000
-995
1006
-1004
399003
799007
399003
1999007
-1001
-998
-1001
-1001
-1001
1398999
-986
-1004
399000
399006
1199005
1399008
-1004
399009
-1010
-998
-995
-1007
-1007
2599001
399009
-1007
-995
-1001
398997
599000
1999908
399003
1198999
1198996
-995
1199002
-1004
-1001
799010
799004
799010
-1004
-998
398997
399009
799007
399006
399006
799007
399009
-1004
798998
-995
-998
-989
-1001
-1007
-992
798998
398991
-986
399000
1199005
-992
1198999
798998
-1001
399015
399000
-1001
-998
399003
-995
-1007
-1004
999901
-995
-992
-1004
-1010
399000
399000
399000
399003
399000
1198999
401016
-1001
399003
-1001
1999004
2501003
600994
-992
-1007
799010
399003
-998
-998
-992
398991
-998
399000
999001
399009
-1004
-1001
1006
-1001
-998
399012
399009
399009
-995
799013
399003
399000
-1001
-989
-1001
799013
-1004
1399011
-986
-1007
1799006
399000
-998
-1007
398997
398997
799004
1198999
399006
-989
601006
798998
398997
-995
-998
-998
-1010
-1004
1198993
399009
-1001
1399011
-1001
1199002
799007
-995
-1004
1199008
-1004
1199005
399003
399006
-1001
-1004
-1001
399009
-1004
798998
399000
-1007
399006
-1007
-1010
-998
-1004
-1001
2199004
-1010
-989
-998
997
799001
-1007
-1004
-992
-1004
999004
999007
-998
1599000
-1004
799001
398997
-995
798998
798998
-1004
399000
399000
399012
1299907
1199005
398997
1198999
999001
1399014
799004
-995
-1004
398997
-1001
1199011
1599000
-1004
799001
-1001
599012
-989
599003
2001012
1199014
-989
1301013
-998
-995
-1007
-998
399000
799004
-989
399003
1200998
1399008
399012
399006
-1004
-1004
399006
799004
799010
-995
-1001
798998
-1007
2599001
399006
-1001
1399008
-992
-1001
1199001
399009
399006
1399008
-1010
-998
2001000
1800998
398997
-1004
399009
799001
-998
399003
399003
-992
399003
399000
-1004
-998
398997
-1001
1199014
799004
798998
399006
399003
-1001
398997
401010
-1001
-995
399006
-998
-1007
799010
1399899
1599006
2199010
-986
-1007
-1004
-1001
399003
399006
799001
398997
399009
399003
399000
-1004
1199005
-995
-998
1198999
399006
-998
399003
399003
1199008
1899905
-992
398994
-986
-986
1999004
-1010
-1007
1199008
-998
-1007
399000
-992
1199005
399000
799004
398997
799001
-998
1798997
1199002
799004
-998
799010
1199002
-998
-998
799010
799001
-995
-995
399009
399003
-992
1599005
398994
399003
-992
799007
399006
-1001
-1010
399009
-1001
599003
-998
-995
799010
-1001
-998
798998
-1001
-992
399006
-1004
399006
1199008
999001
-1001
-1007
1399005
399003
399006
-1007
-1001
-992
-995
-995
798998
999007
799001
399000
-1007
1199005
-1007
-998
999004
-998
599909
-1001
399000
-1007
-998
-998
399003
399009
-998
399003
799007
799004
-989
799004
-998
-986
399000
1399011
999901
398997
-1010
399009
399000
2198997
-1004
799007
398997
599903
799004
999004
799001
-992
-998
2599899
-1001
398997
1599009
601000
-1010
1999003
-998
799010
-983
1599006
-998
1199002
399000
-1001
399000
-1007
798995
-1007
799007
-1004
-995
799010
399003
-995
1198996
-1001
-992
-1004
-992
-1004
1399002
-1001
799004
-998
1199002
399003
1198996
-1007
399000
-1001
1399002
799001
-998
-1001
-1004
399003
1599006
-1007
-998
398994
-1004
-1004
-1004
799001
399003
-1007
-1004
-995
-1004
-1004
-998
2199004
-1007
399006
399003
-1001
998998
-980
-998
-1010
-995
-1010
-992
-1004
399009
399006
-995
-986
1598997
-998
-1001
399000
-998
-989
-992
2101009
799007
399006
798998
1199005
-1001
799004
-1004
398994
-1001
399009
-998
399000
-998
399003
398994
398997
399003
799007
399003
1599006
-1001
799007
399000
798998
-998
-1004
-1001
399003
999001
999907
799004
399003
-1001
799004
-995
399009
399003
799001
399015
-1007
399000
-1007
399003
1801000
-1007
1799000
-995
-1004
1199008
799004
-998
399003
398997
-998
-1004
-998
799001
399006
-995
398994
399000
399012
399009
-998
-998
399009
399000
-992
-1004
1598999
-989
-1001
-995
398997
-1010
-995
-1004
-1007
399000
-989
399009
599000
799010
-1001
-1004
799010
798995
398997
399003
799004
399000
-1001
-1004
-1004
1199013
599009
398997
799001
-1001
398997
-1007
399003
799007
-1004
-1001
-998
798995
-1004
-1001
-1001
-1001
399006
-989
999004
398997
-1001
-1004
-998
-995
799007
-998
-1004
-1007
399003
1199011
2701007
398994
-992
-995
1599006
399015
-1007
1199900
-995
-998
-992
799010
799010
-1004
1199011
798995
1199008
399006
1399008
799004
1199014
399006
1599003
-992
1201010
399003
-998
399000
399003
-1001
-992
799001
-995
799004
399000
399000
398997
-995
-995
-1007
798998
799001
399000
398997
-1004
-1001
-998
799007
-998
-1004
-1010
-1010
399006
1199008
399009
-995
-995
798998
-995
-992
1599012
1399002
1799005
399003
399003
-992
399901
901003
2199904
999904
799004
-1001
399009
-1010
399003
-992
1001002
-1001
-995
-995
-1010
-1001
1599000
399000
598994
-995
-1001
-995
-995
-1004
-992
399000
1398999
-995
399000
1000
-995
398997
399000
399006
-1004
798998
399000
399009
799001
398997
399000
798995
-998
799001
-1007
-998
-1004
799004
398997
1399005
799004
-1004
-1001
1199005
399000
-998
-995
399006
-998
399003
399009
398997
1799012
398994
-998
-998
799001
799001
798998
-1001
1199005
-1010
-1007
-998
-998
1899911
-998
-1001
-989
-992
-1004
799010
399009
-1004
-998
798998
799007
-1007
-1001
399006
-995
-1004
398991
399000
399000
-1001
399000
1599003
-995
398997
799010
398991
399012
1399911
-995
1598996
-998
999010
-1010
-1004
399000
1006
399000
-1004
-992
-992
399012
-1004
-1007
799001
-998
-1004
-1001
-995
-1010
1398999
-1001
399003
-995
399000
799004
1599000
-989
-986
1301013
-1010
-1007
798998
-998
399000
-1004
-998
-1007
399006
399006
399000
-1001
-986
399009
399009
1599003
-998
-1004
-998
-1010
399000
-995
-1007
-1001
-998
-1004
-1004
399003
399006
-992
1199005
1199008
-995
399003
-995
-998
-1004
-995
-992
1199002
398994
799004
-1007
-1001
-1004
-998
-998
-1004
399006
-995
1199002
399012
-995
-1004
-1007
-1001
-1007
-995
1902999
1799009
1998998
398997
-1004
-986
-1004
-1010
799004
399000
399006
-995
399006
-1001
399003
-995
-995
799001
-1010
-1001
399006
-1004
399000
399006
-995
-992
-1004
2099906
-989
1999003
1401002
399003
799004
-1001
799001
-992
-995
-995
-995
-1001
1199002
-989
1198996
399898
1999003
398991
-995
-1004
799010
-1001
798998
399003
-1010
399006
-1001
1501004
-995
398997
2799007
-1001
1900802
-992
799007
799001
799007
799004
-989
-998
399006
1398996
-992
-1007
-998
399003
999007
799004
-998
399006
-992
-1004
1799009
399009
399000
-995
399000
-1001
399000
398997
799016
399003
-1001
-995
799004
398997
-1001
-995
1799000
-1004
399012
798998
999007
599006
1199002
-989
-1007
799004
799001
799001
-992
-1007
-1001
-1010
398997
999010
399003
-1004
2399002
398997
799004
-1004
399009
399006
-992
-1001
399000
901006
999901
-1010
399003
399000
1700996
1199005
-992
399003
-998
398997
599900
399015
399009
1199011
-1004
-983
799010
799001
-989
-998
-992
399000
-1004
799004
-995
-992
399006
798992
999001
399012
1199005
1999001
-998
-989
-998
399009
-995
798995
-1007
-1007
1999004
-1004
-998
399000
-992
399000
799911
-1004
799001
1199005
-998
-998
-1007
-986
399000
799001
-995
-992
399006
399006
-992
-1001
399000
399006
-989
-995
599006
998995
399003
-1001
799004
398997
-1001
-1004
398994
-1001
-1004
799004
-998
-1001
399009
3799003
399015
-1004
-998
-1004
-989
-989
-1004
399006
798998
-1001
-995
-998
-989
799004
799007
-1001
799004
599003
1009
-998
-1001
-998
-1001
-1001
799001
399015
799007
-1004
1999007
-1004
-998
-1001
399000
401004
-1001
-1010
2399008
-1004
799004
799007
399006
-1001
-998
799010
-998
-1001
2199007
1399008
399006
1199008
-1007
398991
-1004
399003
-992
399003
399910
-1007
398997
-1007
2399007
-1004
-998
1199002
999004
401004
399009
-1001
599006
399003
998995
799004
-995
-998
598997
1799906
799001
-1001
-1001
-1004
-1004
601012
399009
-1007
-989
399006
399006
-995
399003
398991
1401015
399003
-1001
398994
-1001
2199009
999004
398994
399012
399003
-986
399006
799001
-1004
399000
1199008
-992
-995
798998
399000
999010
-1007
-998
-995
798995
1199005
399000
1599006
799007
-998
-1004
1399011
-1010
-995
-1010
-1004
799004
399000
-1004
-1001
398997
-1001
-1001
-995
1999010
-998
399000
-995
-995
-1004
-995
399003
399003
399009
-1007
1199005
1199002
-1007
-1001
799010
-1004
398997
-1001
-998
399009
-1001
-1001
1199002
399003
-1004
399003
-998
398997
-1004
-1001
1199005
-1001
1598997
398994
599006
-998
-992
399000
399006
599006
-1004
-998
2399004
-1001
798998
399009
-995
-992
1799006
-1004
-986
-1001
399009
-998
-995
-1001
-992
-995
799007
-989
799010
-1010
-1004
398991
-992
398997
-986
1199005
1200995
-1001
1799906
-1007
-992
399003
-998
998998
599015
399000
-995
-1004
1699908
-998
1199005
-995
-992
1198998
398994
-1001
-1007
998998
-992
399000
399003
-1004
398997
-1001
-995
1199002
-998
-1004
-1001
-995
798992
799001
1199002
-1001
399000
-995
399003
-1007
-1001
900997
-1007
-1010
399000
398997
-1010
399003
-995
399006
-995
399006
-998
399006
799007
-998
399009
-998
2301006
399003
2199001
-1001
999007
2901005
799001
599009
2599005
-986
399000
399009
-998
599903
-1007
-995
599891
398997
399006
598991
799004
399012
-1010
1599006
900997
-1004
-983
399003
1000998
399006
-992
599000
-1007
-1001
1000992
1599003
-1001
799004
399003
-1004
799001
1598997
-998
398994
-1001
-992
399000
398994
999007
399000
-989
399003
-998
398997
399006
1599006
-995
1401002
-1001
-1007
-1001
-1001
-1001
399009
-1001
1398999
901009
-1010
-998
-995
-995
-1001
399003
399000
399000
1398999
-1001
-992
599000
-995
-1001
-998
1601005
1198996
799001
-998
399006
-1004
-1007
-995
-995
1399008
399000
-1004
799004
-1004
1998997
1999003
-1001
598997
399000
1199008
399006
399003
798995
-1010
-992
399003
-995
2599008
399003
399009
599006
-998
-998
-995
398997
999004
-1010
799001
799001
399003
-995
-992
-1001
399003
399006
-1007
-1010
1198999
798995
399009
799007
399000
-1004
-998
399003
-1004
-998
-995
-1007
799001
-1001
-998
799001
997
-998
-998
-1001
-995
-998
398997
-1004
398997
-1004
-1001
-998
-1010
-1001
-1007
-992
399003
799001
398994
-1007
799004
799004
-995
1198999
799010
-1010
398994
-998
-998
-1010
1199010
-998
-1010
399006
399003
-989
-1001
399000
399000
399006
-998
-989
1599003
799007
-1004
1006
399006
399006
-992
-1004
2198998
799004
799004
-1010
-1004
-1001
-992
1399005
398994
399000
-998
1199011
-1001
999004
-998
2399002
-1001
399015
399003
399006
-1007
-998
-995
-989
1198999
-995
799001
-1001
799004
799004
-992
-995
798992
799004
799001
-1001
1199008
-995
-1007
-1001
-1004
399003
398994
-1010
999010
-1007
999001
398997
398994
399018
-1007
798998
-1004
-986
-998
-1010
-989
1800997
399006
600997
399000
799013
1799003
1198996
-1001
399006
-995
399000
1599896
399003
-998
-1001
1199002
-992
1899899
399000
-1010
-995
-1010
-995
-998
-998
599009
1999000
-986
1599003
-1004
798995
399006
-998
399012
2099905
-1007
-986
398994
-1001
-995
-1010
-1001
-1004
-986
1199005
399009
398997
-1001
1300995
-1004
-1001
398997
-992
799004
-998
-1001
-1001
399003
-1004
799004
-998
399000
399006
-1001
-992
399000
-1004
-1010
2598999
1199011
398997
-992
599006
-1001
-1001
799004
-998
-998
-1007
-992
799007
1799000
601003
-998
399000
-1010
-1004
-1004
-998
-1007
-1010
-1004
799004
1799006
799001
399003
799001
998998
798998
399006
399012
799010
-1007
-995
1400999
798998
