399006
799004
-989
-1004
-998
-986
-986
-1004
599897
-1007
-1004
-998
-995
798998
1999004
1599006
-1001
399003
1998998
399003
599012
799007
399009
-992
-1007
-1004
-1004
-998
799000
399006
399000
-1001
399000
799007
-989
798998
398997
-1004
-998
-998
599003
-992
999001
-998
-998
-998
399000
-1010
600997
-1007
-995
-992
399003
-995
599003
1198999
399006
-1004
1199005
-1001
399003
-1001
2500998
-1004
1401002
-995
-992
1799006
399003
399003
-1004
-1001
-1004
399003
399000
-1001
399000
399006
398997
-992
1999001
1199005
-1004
-1004
-995
1001010
999004
-995
398994
-995
-995
-1007
-998
399006
1199002
-1001
-1004
-1007
1198996
399015
-1004
-1004
399003
-1004
399003
399000
399000
399000
399000
-1001
-1001
-992
399000
-998
399003
399003
-1004
798995
799007
398997
399003
-995
398991
1999000
999007
-995
-998
-1007
-1007
599009
-989
-995
-1007
-992
-1010
-1010
999001
799007
399000
399000
-992
399000
-1004
-1001
799010
799004
-1001
-998
-995
399006
-1004
1999007
-995
1999908
1199002
398994
-998
-995
-1010
-998
-1007
399006
-998
1199011
-1001
-998
398994
1199002
-1007
-1001
-995
-998
-1004
-1001
1199008
-995
-1001
-1001
399006
-1010
-989
-995
-992
-1007
-998
399003
-1001
-995
1799006
399000
398994
-998
-1001
399003
-1007
-1001
-1004
399000
-992
600997
-998
-1001
-1007
799007
-998
799004
-998
1599003
-1007
1299907
1199008
398997
-992
399006
-1001
399006
-1001
-992
-998
-998
-1004
-995
-998
399012
-1004
799001
399006
399009
399003
-1004
-995
1999001
799007
-1001
-1004
1199005
901003
-1007
-1010
-998
-995
-995
-1001
-1004
-1004
398997
-995
798998
398997
998998
799001
-1001
1401909
398997
399006
399009
399000
1599003
1199005
399003
-1001
399000
798998
399009
-1004
-998
999001
399003
-998
1199903
-998
399000
399006
399003
-1004
599897
-989
-992
-1001
999001
-992
-1001
401004
399000
799007
599900
1599009
-1007
1801000
-1007
-1004
-998
399003
-1004
-1004
398991
-995
-1010
-998
599912
-1004
-1007
799013
-1004
-998
399009
798998
-1001
399006
399006
398994
-995
-1007
399009
-998
798998
799004
-1007
399000
399000
799004
-998
399000
799010
1400996
1399008
-1004
1999003
399003
-998
-998
398997
-998
399000
-1007
-1001
-995
799001
-995
-992
799001
2399004
399003
601000
-995
601006
799004
-992
-1007
398997
798998
-1007
-989
-1004
398997
799007
399009
-992
798998
-1007
-1004
399003
-1007
600997
-1007
-995
398994
-998
-989
-992
-1010
798992
1199005
-992
399006
399006
398994
799001
999007
-1004
1399911
-1004
-1007
-995
399003
1199894
-989
799010
-1010
799007
-995
399000
-998
-1001
-998
-1001
398997
-1001
398994
-1010
1799006
399907
-1007
-1007
399006
399006
399003
-992
399000
1399002
799001
398997
1600808
-1007
399003
-1001
399009
399006
-992
599000
-995
-989
799004
1399002
-998
-995
399000
399003
-992
399000
-992
999004
-998
799001
798998
799001
799001
399006
-1001
399003
-1001
-1001
399000
-1007
-998
-998
-995
799001
-998
599906
799001
399003
399000
799004
-1010
-995
399003
399000
799004
-1001
798995
399003
-998
398997
799001
-1001
399000
-1010
2201004
-995
1198999
399000
599006
-995
-1007
-995
1199008
-1004
-1007
398991
399003
-1004
399003
798995
399000
-1004
799004
399003
-989
1599011
398991
1199002
398997
398991
-995
-986
398997
-995
-1001
399006
-1007
-1007
798998
-989
399003
-1004
-1001
-998
-992
-1001
-1004
-1004
799007
1999001
-998
2299909
-1010
399000
399000
-1001
399000
-986
401007
-1004
-989
399012
399006
-1010
799001
-992
1598997
999004
1399002
399009
799010
-995
399012
-1004
-1001
-983
1399005
-998
-1001
-1004
601000
399012
399006
1599009
-1007
399003
-995
599909
-1001
398997
-995
-1001
-998
-1004
-995
398997
799010
599003
-1001
-989
398994
399003
399003
999004
-995
399003
799001
-998
1199011
598997
399006
399000
-992
899906
799001
-998
798998
998995
399003
-1007
-998
-1004
-998
-998
799007
399006
-998
-998
-1001
-1001
399003
-1010
-992
-995
-992
799007
-1004
1199002
399000
-1001
-995
-1004
-1001
398997
999001
-1010
-1001
799001
-995
398994
-998
-995
-1004
-1004
-989
399003
399009
1201003
-1004
399012
1199005
798998
798998
799007
799001
399003
799007
-992
798998
399009
399000
-995
1199007
-1001
599897
-1001
-1001
399003
-992
-989
-995
-992
-1004
399009
998998
1599009
399000
399003
798992
-1004
-1001
799001
398997
-1004
399006
799001
-1007
-1007
-989
-992
-1007
398997
1999006
399000
-1004
-995
-1004
399009
-1001
399009
-1004
-1007
1198999
799004
799010
399000
-1007
-1004
399003
-995
399003
-1007
399006
-986
-995
-1004
799007
399000
399006
799010
1999009
-1004
2199010
-995
-1001
399003
398997
-992
398997
-1004
-1001
-998
799001
398994
-995
1599009
-998
398997
-1001
-1004
1198996
-998
398997
1399005
-1004
-989
799001
-998
1199011
-992
399006
799001
399012
399009
798998
1199005
-1001
1799006
399009
398997
399000
398997
399006
-1007
-1004
-992
1001004
-1007
-1001
799007
799001
-992
-992
-1010
399006
-1004
-1007
398997
798995
-1001
-989
1399002
399000
399006
399000
799010
-1001
-1004
1198993
1399002
-995
-992
-995
1199005
798995
-1001
-989
799004
1599000
-998
1398999
399003
-995
-1001
399009
-1001
399000
-992
-1010
-998
399000
1199002
1601002
-995
1199002
-1010
-998
1999001
399003
-1007
399009
-1004
-1001
-992
799010
1599005
-992
-1001
1999007
799911
399006
798995
-1001
1199008
-1004
399003
399000
799013
-1007
-1004
399003
398997
-998
399015
399000
-992
1398999
399003
798998
-989
-995
-998
-995
999001
-995
1599006
994
1301004
398994
-1004
-1001
-998
-998
-989
799013
399009
-1004
1599003
-998
799001
-1001
-1004
-992
399003
399003
-992
-998
1198999
398994
-1007
-1007
-998
398997
399006
399000
-989
-1001
399000
1199002
-1004
-995
398997
-1007
-1004
-1001
-995
798992
399018
399913
801005
-1007
-995
-992
-1007
-998
-1004
-1004
399000
-995
-1004
-1007
-1007
399006
799001
-998
599000
-1001
-995
-995
1799000
2199902
-1007
-995
-1001
398997
-992
-998
-1010
799001
799001
1199002
-1004
1399005
-989
-1010
-1001
-1001
-1007
1399902
799004
-989
-1001
999004
-995
-992
401010
-992
1199011
-995
-998
399012
-995
1399005
799010
399000
1399005
399000
399000
-1004
399000
-1001
-1010
-995
799007
398997
799010
-998
398997
999004
399003
-1004
799013
899906
799007
799004
1599003
399000
-992
799007
-1007
399009
1000998
-1010
-998
2001000
-995
398994
799004
2399005
-1004
-1007
1198999
401004
-998
1900996
999901
399000
1799006
-1001
1199008
-995
399006
399006
1199002
799010
599906
-1004
399904
600997
399003
-1007
-1004
799001
799001
1599910
-998
-1010
-995
-1007
398997
-998
999007
-998
-1001
-1001
-1004
398997
1199011
799001
-1004
799007
399003
399015
399006
1199002
799004
-998
-1010
399006
398991
1799003
-998
998998
399006
-992
1398999
-1004
-998
-995
1398999
-1001
-995
-1007
-995
399006
399006
-995
1299904
399000
-995
-1004
799013
-1001
-1004
1199005
399000
799007
-1004
399003
799007
399015
399015
-1004
-992
-995
1198999
-1001
798995
799001
999001
-995
-998
399000
-989
799010
3001002
-1007
-989
999004
-983
399000
398997
1201001
-995
-998
-989
-1001
399003
799001
-1004
399006
-995
-1007
399000
-992
799908
-992
399000
-1007
399003
-989
799007
-1001
399006
-1010
799001
399009
-1001
-1004
399003
799001
-998
-998
799013
-1004
-1007
-995
999001
-1001
-989
-998
-998
399000
599012
399003
-992
-1004
798998
399006
398997
399000
-1004
-998
-1001
399006
1401008
-992
399006
-995
1401011
399003
1399008
1201001
-998
1199001
600997
-995
-995
398994
398997
-1007
-1007
798998
399009
399003
-998
-1001
-1001
399003
-1001
399000
799004
799010
398994
-1001
399006
798995
-998
398997
401917
1599003
799001
-995
-1004
-998
-998
-998
-1010
1198998
399006
1599009
398997
-998
-1004
599900
-1001
-1004
1599008
399901
398997
599012
1399002
799004
-992
-1007
-989
-1001
-998
-998
-998
1399008
-998
-1010
1399005
-1004
801017
1199011
-992
-1001
-992
799004
399000
-998
399006
-998
1199005
-992
399003
398997
-1001
-1004
-1001
799001
-1007
1599006
798998
399012
399006
-1010
1001004
-1001
-1004
-998
399009
399000
-998
599000
798995
399003
-998
-998
-992
1198999
-1007
1198999
-998
399009
399000
1198996
-995
798995
399006
399003
-1007
-1010
-992
-1004
1199002
-995
799007
-986
399003
1799003
399009
-1007
1199002
-1007
1199005
-1004
399003
-1001
-1001
-1004
-1010
-992
1398996
-995
399916
399006
-995
-992
399006
599003
798998
-998
-998
399003
999004
398994
999007
599003
-998
399009
1199002
-998
399006
-1007
-1001
999907
-995
1199005
399012
-103
399003
-1001
399009
-1010
-1004
-998
399000
-995
-1007
1199005
-1001
-1001
-1010
-998
399009
399000
-1007
399012
-1007
798998
-986
599897
-1001
-1001
-1004
1199002
399006
-1004
1999001
399000
399012
599910
799004
399000
999007
799004
399009
799007
-998
1199002
-1001
-1010
-1001
-1001
399003
399012
-995
399000
398994
-992
-986
399003
3399006
399009
1599002
-1001
398994
399006
-992
398994
-995
-998
599009
-1007
-1004
-1004
-998
-986
799004
799007
601000
-992
-1010
598997
-1001
-1004
-995
-992
-1001
-1001
1199008
600997
-1007
1399899
-1001
798998
-998
1199008
-995
-995
-998
-995
1999007
399000
1199005
-1001
398997
-998
-992
-989
1198996
799007
-1007
-995
399003
-998
-1001
-995
-995
1199011
-1001
399000
399009
1198999
399006
-1007
999010
399006
799001
-995
799001
-1007
-995
3199003
799004
1399002
-998
598997
399006
-1004
398997
399012
-1010
399000
399009
-998
399003
399012
399000
-995
399009
-995
-992
-1001
399000
399003
1199002
-986
-1007
399003
399009
399000
-998
398991
-998
799004
-1001
399003
-1001
-1007
1199005
1599006
1399002
998992
-1001
-989
399000
-992
799001
598997
-1010
398994
-998
1398999
997
1198999
1199011
-1007
-992
-1004
1199002
-1007
-995
-1001
-992
1001001
398997
-995
-992
1199005
-995
-1004
-998
399000
399006
-992
399000
1199002
-989
398997
-1001
398997
1799906
999911
-998
1301007
398997
399009
398997
398997
398994
-1004
999016
399000
-1001
598994
-995
-1007
-1001
399000
-1001
-995
399000
399003
-989
799007
-1001
798998
799007
-998
-1007
799001
598997
-992
398997
399009
-1001
-1001
1399004
1998998
399006
398994
799007
399012
-1004
999001
1199002
399000
399000
-1004
399006
-1001
999004
599900
-1007
-989
-989
-995
-1001
398991
-995
-998
399009
798995
-998
798998
-1004
-1004
399003
1301001
-1010
-995
399000
-998
-97
398997
-995
-1001
998998
-1007
1799000
-1001
399006
-995
-1007
799004
-1004
799004
399012
-1007
2199899
799004
-992
1999004
-1010
1199002
-995
399000
-998
399009
-1001
-1001
-1004
1399011
-998
-1007
-992
-91
-1004
798995
-998
-1004
399003
399006
399006
601003
799004
-1004
799001
399006
-1001
399003
-998
401007
-1007
798998
398991
-1004
-1010
1199005
-1007
-995
-1001
-1004
-989
-995
-1007
-1001
399000
-995
398997
-1010
-995
799004
799004
1998998
398997
-1004
-1004
798998
398997
1599003
1799000
798995
-992
-995
799010
799001
399000
399006
401001
-1004
-995
-998
-1007
398991
399009
799007
398997
399009
1199005
399000
-995
-986
399006
-998
398997
-995
1199002
-1004
398997
398997
399003
1199008
1999000
399000
398994
1199008
399000
398994
399006
-1001
2599904
798995
-1007
799010
-1001
399009
-998
-983
-1007
-1001
-995
399006
-1004
-992
-1004
-1004
2201007
399000
399006
398997
1599003
-998
-1001
399006
799007
1198999
-992
-998
-1010
-1001
399000
-989
399003
799004
-995
399000
-998
999904
399006
799013
-1001
1799000
799001
-1001
399006
-1004
601000
399003
1599006
799007
1599000
799905
799001
1599006
399000
399000
399006
-989
398994
398997
-1004
-1010
-995
999913
1799003
2199007
999010
-998
-1004
399003
398991
799003
-1007
1399902
-995
-1007
799004
-995
399006
-1001
-986
-1007
1398999
-1001
399006
-1001
-1004
-995
-989
399000
799004
-1010
398997
-995
399006
398994
-1007
399003
399006
798998
398994
399003
-992
-995
2599005
1599006
599897
399006
399009
399009
-998
-989
798998
-992
-992
798998
399009
798998
398991
-998
-992
398997
399009
-995
-998
-998
-1010
-1007
-989
-1001
-992
799004
-998
-998
1199002
399006
399012
-1004
-1001
-995
399009
999901
-1010
799004
-1007
1199005
2199001
-1001
399003
-998
-1001
-995
2199001
-1004
398997
799004
-1001
398994
1198999
-995
-998
799010
398994
1599002
-986
-1004
799004
399003
-998
1198999
-998
1599003
-992
1199008
399000
-1001
399003
398997
-998
1199005
1599003
399003
-992
799007
399000
399000
-1004
399000
-1007
599000
399003
398997
399009
-1004
1199005
1399008
798995
-1007
399009
-989
1599009
-998
-992
1300992
-1001
1599009
-1001
399000
399000
799001
799001
399000
799010
799001
-1007
399003
-1004
2301903
1399002
399000
-1001
-1001
1199002
-1010
-1004
399000
-1001
399000
-1004
798998
-1004
-1001
-998
1199005
799007
399000
398997
-1001
399000
399000
-992
599000
398994
798998
799004
-1010
-1007
999001
799004
-1001
-998
1599002
999001
398997
-1001
399000
-998
-1007
-1001
599012
-1007
-1001
-995
1000998
-998
-989
799004
-1001
-995
-998
799004
399000
-989
-998
-998
-1001
1599000
-992
1199005
-1007
-1010
399006
-992
799007
799007
999004
799007
599009
799004
1199008
399000
-1007
-995
399012
-1001
399000
-1007
-995
-995
-995
-1001
-995
-1001
399000
398991
-995
1198999
-998
1598997
399000
-995
399003
798998
399003
398997
-998
-1007
1199002
-1004
-1007
1199002
-1001
-998
-998
398997
399003
399012
-1004
399000
-1004
-998
-1004
-1007
-1007
-1007
-1001
399006
-995
-1001
399009
-989
-1007
-1010
-1001
-998
399003
-1007
-998
-1001
-995
-1007
798998
399006
-1004
799007
-1007
-998
-1007
399000
-1010
-1007
798998
-995
399006
-1001
999007
-1007
-998
799004
-1001
-1001
-1010
-992
399000
599897
799001
398997
-995
799004
399006
399000
399003
1399005
399003
399009
399012
-998
399006
-1007
-100
-1001
-1001
1199011
-1001
399000
799911
799001
399006
1001001
-998
399000
-995
398994
399006
-1004
-998
-1004
-1001
-1001
1198993
1000995
399907
799010
599912
-1001
-1001
399000
1199007
999001
798998
-1001
-995
799010
-995
398994
399009
-1001
1199008
799004
598997
-1007
998995
-995
-995
-1010
798995
901012
399015
-1001
1599003
1199007
2499904
399015
799004
799001
999007
-1001
399000
399012
-1007
-995
798998
-986
599000
799007
-1004
1199008
1799009
-989
-1004
-1007
-992
-1004
398997
399009
1199008
799013
798998
399003
-995
799004
-1001
-995
-995
399000
-998
-995
599015
-989
399006
-995
799004
399006
399006
799007
399012
398994
398997
399003
399009
399000
-992
-1001
-1001
-998
-1001
399006
-1001
1599003
-1007
-998
1199001
-995
1198996
799010
2398998
-995
399006
1199002
398997
-995
-1007
-1004
-1004
-992
-989
799007
998995
-995
-1001
-1004
-989
-1004
-992
-1004
-1004
399012
399006
-989
399009
399000
-986
-995
-1001
399000
799007
-992
-1001
-995
798998
399003
399003
1001004
399003
1300998
799010
398994
799001
-1010
1599003
-995
-995
-995
799010
-1004
-992
399000
999001
-998
799007
-995
-998
398997
-995
-995
598997
399009
-1001
1199013
-1001
399000
399003
399000
399003
599006
399003
799001
399000
399003
599000
-995
-992
1199005
-989
-1004
-992
1199008
399003
399000
399000
999001
-1004
398997
799007
-1001
799010
-995
-1001
1799003
599006
-1007
-1001
-1010
398997
-1001
798998
-1010
1398999
398997
399009
-998
398994
399006
-1001
-1010
-998
1799000
799007
999007
-998
799007
-995
-995
1301007
-998
-88
399009
-989
-1010
1199005
1801009
1999010
1198999
599012
-998
998998
1199008
-992
-1001
-1004
-995
-992
399003
799010
399000
-992
-986
799016
1199002
399000
799001
-992
399006
-995
-1001
799004
-1001
799013
-1001
-998
399000
399000
799001
-1001
799013
399006
399003
-1001
1598997
799007
-1001
-1010
799001
1399005
-1007
-1007
-998
1399008
-992
-995
-1001
-995
398997
-1004
399003
-1001
1599003
-995
-1001
398997
998998
398997
-1007
-986
399000
399006
-989
399000
-992
-1004
-1001
799004
798998
-1001
399003
1399911
-995
1903002
-995
1199005
-989
-1001
399003
-1004
799007
1599000
399003
398994
799001
399003
-1001
-998
599003
1599006
399003
601009
-1004
399003
-992
1599009
599906
799004
398994
799001
-1001
-1001
799007
1199004
-998
1199002
-995
799001
-992
399003
399000
-995
1999001
998998
-1004
-1007
-1007
2101003
399000
-992
-998
2201001
399009
-998
398997
-1007
-998
-992
-1004
1199002
399000
999004
1599009
-1004
-989
798995
799007
399009
-998
399012
-995
1701002
-998
399006
399003
-998
399000
399006
399006
-100
-998
399000
1199008
399003
399003
999001
-1001
399009
399003
599900
799004
-1001
-1010
-1004
-1007
799007
399003
-998
-1001
1199008
2599005
1199909
-1007
799010
1198999
398997
-1001
399003
-1007
398997
399000
1599009
-1004
399003
-986
-998
999001
-998
398997
398997
398994
399006
-986
399009
399000
-1004
398994
399000
398997
798998
399009
-992
-1007
399009
799007
399003
799013
799010
-995
399000
-995
-989
798998
-998
398994
-1001
-1004
-989
398994
398997
399009
799007
799001
2599001
-995
-1001
799004
-1004
799007
-1001
-1001
-1001
399003
399009
399009
799004
999001
-1001
1199005
799004
-1010
399006
798995
398991
-998
-1004
-1001
-992
1199011
598994
799908
-1010
2199901
399000
399000
-1001
399000
-1010
399901
-1001
399000
-1001
-992
599900
999013
399000
-1004
399003
-1010
399003
399009
-1001
399000
-989
-998
399000
-998
-1001
-998
1799003
399003
399012
799001
-1001
399009
-1007
1199002
-1004
399009
-998
-992
-995
-1004
399000
-1001
-998
-1001
-1001
399009
-1001
399012
398997
-998
-1001
799001
-995
-992
399006
-1001
399009
799004
399006
-998
399006
-1001
399006
399006
-1010
399012
-1007
798998
1198999
399000
398997
1998998
798995
398997
-1004
-1004
1199002
799010
-1004
-1001
-1004
399003
-995
399003
-989
799013
-1004
599903
-1001
399003
799001
-989
-1007
-992
-998
1198999
-998
399006
-998
399009
-1001
-1010
399000
-995
399000
-992
798998
600997
399006
399000
-1010
-1004
-995
-1004
1799905
399018
-995
399012
398994
-992
398997
399009
398991
-1004
799007
-1001
-998
598997
-1001
398994
799004
399003
-1007
-998
399009
399009
-1007
-1007
399003
-995
-1010
1199002
799007
398997
-1007
-995
-995
-1010
1199008
-998
1199008
999004
-1010
399006
1199005
399009
799004
-1001
-1001
-1010
798998
1198999
801011
399006
399009
799001
-992
-1001
398994
799001
399006
799001
-1004
-995
399009
399006
-1001
-1001
399000
1001013
399009
-995
399003
399003
-1001
999010
-998
-1001
-998
399006
1006
-995
3199003
-1004
-998
399012
-1004
799004
799004
-998
-1001
1599000
-1001
-1004
1199008
-995
799001
399006
399009
-1004
-992
799001
1999007
599003
-1010
399009
-992
999004
601000
-1001
-1004
398997
799007
-1004
1199008
-1004
1199011
1599008
799001
1499904
-1001
799001
399003
398997
1198999
1000
-998
399003
-986
399009
-97
399000
399003
-1004
-998
-989
-995
1601007
399012
1198995
-1001
399000
399012
399009
-1007
-995
1799000
-1007
399003
399000
799004
-1007
398997
-1001
-995
399012
999007
999004
-992
-998
399000
399000
-998
1198999
-998
399006
399006
399000
1199008
799007
399003
398994
-1007
399003
1198996
399000
-989
1799006
-998
1598999
-1001
-1004
399006
599909
-1001
-998
-989
1599006
-989
-1001
-1010
399000
-998
399009
-995
-995
-1007
399006
-1010
399000
399012
-998
599009
799013
399009
-995
-986
999907
1009
-1004
-1004
799001
-998
1199011
399003
-995
399003
-998
-1007
598994
-992
-1004
-1004
-998
399009
-995
399012
999001
-995
-1001
-998
1799009
-1007
1799000
999010
-1010
899909
799001
-1001
-1007
-992
399003
599000
-992
799007
798998
-1007
399003
-998
399000
-1004
-989
399003
399009
2399004
-1004
-995
-1007
-1004
1198999
399003
-1007
-1001
-1007
398994
599012
-998
798995
1399005
-986
-998
-1004
399000
-1001
399009
399000
-1007
399006
399003
999913
-1001
399009
799010
399009
1198996
399000
399003
799013
-998
-1010
-998
-998
398994
399009
2998
-989
-1004
-998
-1001
399009
-1004
799010
399000
799004
399006
399006
-998
-998
399000
-995
-992
1399005
1009
1199005
799004
-1004
399006
399003
398997
1598997
-995
799001
-995
-1010
-1004
598994
-1004
-1001
398994
399006
-995
-998
799001
399006
1799000
-1004
-1001
799001
-1007
398997
-995
-1001
799010
799899
799001
-1001
399006
-1004
1599003
399009
-998
-1004
-992
-1001
-1001
799010
-1001
399000
-1007
-1001
399006
-992
-1001
799010
-1004
798998
-1004
399003
-995
1401008
1699902
399003
399003
1999004
2398998
-1010
799004
-1010
-992
-1007
-989
-1001
-992
1199002
-1001
399006
-998
398991
-998
1798997
-1004
-1004
-1004
-1004
399006
1198999
399003
1799003
1399005
-1004
399003
1799000
799004
-1004
398997
399006
399006
-998
1601002
-1004
799004
-1007
399904
-998
399003
-998
399006
599894
1599012
799010
-1001
399003
399009
1999007
-1007
1199002
-1007
-998
-995
-1001
1198999
399009
-998
600991
1198996
398997
799007
-992
-983
-1001
399000
399012
399003
398994
-1010
799007
399006
-1007
-998
-1001
399006
-995
-1010
-995
398997
799001
-998
599000
-998
1399908
-1001
798995
799004
-995
399009
-1001
399009
1001007
-1004
-1001
799001
-998
399003
-998
600994
399009
-995
399006
399003
-992
-1001
-1007
798995
398994
599003
799004
399009
-1001
-1001
-989
-1007
-1001
799001
-1004
399000
399000
-998
799004
1199011
399003
-998
-995
-1004
-1004
-1007
399003
1199002
398991
-995
-1004
-998
399000
399012
399000
-1001
-1007
399006
-998
399000
-998
-1001
-1001
-1007
-1004
399009
-1004
-1001
-1004
-1004
2199003
-998
799007
799001
399000
-1001
-1001
799007
-1010
-998
1799006
-1001
1198996
-995
399006
-1001
798998
-995
799001
-992
-1010
-1004
398997
799001
-992
-992
399009
399003
398997
-992
-1001
2201007
399009
399006
-1001
-1007
398997
399000
-1001
1001001
-995
399003
799004
-998
399006
-998
398997
399003
-989
599903
399000
399000
-1001
-1004
-998
399003
399009
799001
-998
-995
-1001
398997
-1004
-995
-989
399000
798998
398997
-1010
1000
399003
-1004
-989
-998
-1004
398994
399009
-998
598997
399003
-998
599003
399006
-1004
-1001
399000
1001905
799013
1600805
1999000
-992
799001
399009
-986
999001
799001
-998
1799003
399003
-998
399003
-1001
-995
-995
-998
399000
-1001
999904
399015
-995
1399008
398994
-1007
-998
399006
-1004
998998
-998
-1004
-995
-998
400811
399009
399000
799001
-992
399003
399006
-995
1199005
-995
-1007
1199008
399000
399006
399006
-995
-1001
798992
-998
399000
-998
599903
398994
399003
-998
-995
399006
1199008
-995
399003
998998
-998
399003
799013
-1001
-995
798998
-1004
-992
-1001
399000
-1007
798995
399000
999004
399009
-983
799004
-992
-1004
1599003
1599006
-992
399003
1399008
1599012
399003
599006
999004
-1007
1601002
-1007
1398996
799007
-1007
799004
-998
-1007
599000
-1007
999901
398997
1199002
398994
-1001
-1001
398997
398994
399006
399006
-998
798998
1799003
-992
399003
399015
-1001
799001
799013
-998
-1001
-1004
-995
399000
-1001
600994
799001
399009
1599006
798998
-998
399012
399003
-1001
-998
399003
398991
-995
-1004
399009
799004
1199002
-1001
-1001
-1004
-1004
2100997
-1004
399003
-1010
1199002
1899905
-1001
-995
399006
1199011
1401005
398991
-1004
399003
399003
798998
-998
399000
-1007
-989
-992
798995
399003
-995
-995
398994
-998
-1001
399009
798992
398991
-1001
-1007
798998
-1004
398994
-995
798998
1198998
-1004
-1004
399012
799001
-1007
-1004
2198998
-998
-1004
599000
399009
-1001
798998
1199002
1799003
799001
-1004
-1004
-1001
-995
-1004
-1001
798998
-998
399003
-992
-998
-998
399000
598997
-1007
-1001
-995
599009
-998
-989
-1010
-992
599003
-1001
799001
-1010
799001
399012
601003
799007
799010
999004
2199901
-1001
-989
-995
399003
398997
-1001
399009
798995
798998
-998
399006
399009
399015
399009
1199008
799010
399000
-1001
-1007
-989
-1004
-998
-998
-1004
-1007
399006
799004
-998
799010
399003
-992
398997
-986
1399008
399015
-989
999013
-998
799013
399012
399000
1399002
-1004
798995
399018
-995
399006
-1001
-992
399000
799010
-1001
599009
-1004
399006
398997
-1004
799010
-986
399000
1199005
1999000
-998
399006
-998
1599003
799004
-1010
399003
-980
399009
-1010
-995
-1010
-995
-1004
-995
-1004
399003
798998
999004
799010
-1001
-995
1798997
1199008
-1001
-1010
1198996
-1010
398997
1999006
-998
399006
399012
398994
799001
-103
-1004
-1010
-989
1199002
-998
-998
-992
799007
-1001
998998
-995
-1007
-97
999004
-998
999007
799007
399012
1199008
398994
1599003
1599009
798998
-995
399006
-995
399000
-1001
399003
-1004
-1001
798998
399003
-1007
-1001
-1007
1599009
-1004
799013
999010
2999006
399000
-1001
399003
1999000
999001
401010
-995
-995
798992
-998
599009
-1001
799010
799004
398997
-1007
2001000
799013
999010
-989
399000
-992
-998
798998
799001
-1004
-1007
-1004
799007
-998
-995
-1001
-1004
798998
1999004
399012
-995
798998
-995
799001
398997
399000
798995
-1004
798998
399006
1999001
798998
-992
399003
-998
-998
799001
-986
-1001
1199002
-1001
398997
-995
399012
-1004
-1001
398994
-998
-1004
398997
399006
1599000
398997
399000
-1007
-992
399000
-1004
900801
1399011
-995
-1001
399000
-998
-1001
-1007
-1001
1599003
399012
-1001
399003
799001
1599003
-998
1399008
399000
799004
399003
-1001
-1007
-998
399009
399015
399000
-1007
-1007
399003
-998
399003
-1010
598997
-1001
798998
799001
-1001
-992
799004
1401903
599012
399012
1799006
-1004
999001
1199002
1398996
-1004
401004
-1001
-986
599003
799013
798998
798998
399003
-995
-1007
-992
799004
-1007
399000
-995
-1004
-1001
399006
399009
-1004
-992
1399002
399003
399006
-998
399003
399003
-1001
-998
-998
1199008
-1004
-100
-1004
-995
-1007
-989
-989
1199008
-989
-1001
398997
799001
399006
-998
-995
998998
-1004
399009
799004
798998
399000
1599006
-998
398994
-998
-1001
399003
-998
1198999
799004
-1007
-992
-998
398994
-998
-995
398994
798998
399000
999901
-998
999010
399009
399910
799010
1599005
-989
-1007
398997
1400996
799010
-995
399006
-1004
-1007
-995
-992
799007
-992
1599000
-1001
601003
-1007
1199008
-1007
-1004
399000
-992
398994
799007
399015
-995
1198993
-986
1399002
399012
1601010
999007
399006
798992
399012
799004
799007
1999001
-1001
398997
1798997
-995
399006
-1004
-1010
399015
1199008
-1004
-1004
799013
1299898
799016
1599006
799007
600997
1199005
399006
799010
-1001
399015
799004
-1001
399000
-998
-1007
-1001
-1001
-998
-1007
398991
-1010
-1001
798998
-1004
399003
-998
399003
-995
-995
-992
-998
399006
-1007
799004
-1001
1018
798998
1399005
399003
799007
-1001
999907
-998
-992
-1001
-992
398991
399003
399006
-995
-1001
399015
598997
-1001
-1010
799004
997
999004
-1001
799007
-995
398994
399006
1198999
-1004
399012
-998
999001
-1004
-1004
399009
1199005
-1001
-1001
-1004
-1007
2401001
399000
-1004
601003
1199005
1199008
399003
398997
799007
398994
1400999
-1004
-992
799001
-1007
-1010
-1001
799007
399003
799001
-989
-992
-995
-1007
399009
399000
-1001
799010
-995
-1010
399003
-1007
-1004
-1004
-1007
1399002
1199011
599000
-1004
-1004
398991
-998
-992
-998
399000
599003
399003
-1007
799001
399012
1199008
399012
399009
799001
-1001
-995
-1001
-1001
1198999
1198996
-1004
-998
399000
-1004
399003
1199005
-1007
1599002
799004
399003
399006
999007
399000
-1010
398994
398997
799010
798998
-1001
-1004
-998
1012
-989
799004
399009
-992
-998
-992
1000998
-998
-1007
-1001
-1004
399000
399003
399003
798998
398997
-1004
-998
398997
-1004
398997
-1001
799001
-1001
599003
-998
799004
398997
799007
601015
401001
1198999
-1010
-1001
399000
599006
-1004
398997
398997
-1010
-1001
-1004
-1007
-1004
798998
1199005
-998
399003
-992
999010
2001004
-998
399006
-1001
-1007
799010
599009
1399002
1799009
398997
-998
398997
799004
-995
599003
-995
-989
-998
399000
-1001
-1004
-992
398994
-100
-998
-998
-998
-998
399006
899906
799001
399000
-989
399009
799007
-1004
-1004
-992
398997
1399008
799004
399003
399003
-998
-998
599012
799001
-1007
399015
399000
-1001
798998
-998
-1007
399003
399000
399003
-1004
599003
-1010
-992
1199002
799001
-1001
1399008
1399008
399012
799004
398997
-998
-1004
-995
398997
999904
998998
-1001
399000
-992
-82
-1001
399006
399009
601000
994
1399008
798998
-1004
-992
901003
-1004
1399002
-1001
799007
398994
-1004
-992
799010
-998
-1004
399003
-998
-998
-995
399006
1199002
-1004
399003
-1001
798995
398994
-992
-986
399003
1301010
399003
799004
-995
-1004
399003
799007
399006
399003
-998
-1007
-1001
-995
-998
399009
-1001
399000
399006
-1007
798998
398997
399003
1998994
399003
799004
-998
398997
799001
399000
399006
-992
-998
-992
-989
799001
2501906
-1004
1199903
-1004
398997
799004
-995
1198996
-995
799007
-995
399012
399012
-998
-1007
-995
1601002
-992
-995
799010
-989
-1001
399009
799004
-1007
-986
-1007
-992
798992
399003
-1004
399000
799001
-1007
399003
1199011
-998
799007
999004
1006
599000
1799009
399000
-1001
1199005
1199008
-1010
-1001
799007
-995
-998
399009
-989
398997
-995
1399002
599006
399003
-998
799013
-998
-998
399003
399003
799007
-998
1599006
799004
2199001
-995
-1004
-1007
398997
1198999
-998
-989
-989
1599000
-1004
1199005
399000
-995
399006
399009
-1004
-998
-1004
-992
-1004
799001
-995
-1004
799010
399012
398994
1301001
398997
399000
399006
-1004
-995
399006
-992
-998
799007
-989
-1007
-1007
-1004
-1007
2801005
-1007
399003
399006
-998
-992
-998
399003
-1001
-992
1599006
999001
-1007
398994
-998
398994
-1001
-1001
-1007
-1004
-992
399000
1598999
-1004
999001
998998
-995
798995
399006
-992
798998
399000
399006
-986
-1001
399000
-1001
-1004
-1001
-1007
399015
399006
399006
398997
399000
399006
-1001
799004
-1010
-1001
-1010
-1004
399000
799007
-1007
399913
-986
798995
-1004
-992
-995
-998
399003
399000
-1001
399000
-998
598997
-1007
-995
-1010
-1001
-998
-91
398997
799004
-1001
799007
-1004
-1007
399003
-1010
-995
-989
799004
-989
-995
-995
399009
799013
-995
399000
399000
-995
-995
-1001
-1001
399003
399003
601000
-1004
1799006
1199001
-1007
399003
-995
-1007
1598999
399003
-1001
999001
-998
-989
-998
799001
-1007
-989
399003
-992
-995
-998
399000
-1001
-1007
399006
399003
1901908
-998
399003
1199005
1199005
-1004
999001
799010
398997
-1004
-1007
1599008
-995
-992
-1001
-995
399009
399006
398991
1199005
1199001
399000
-998
-1001
598997
1399014
1199002
-992
999001
799010
-1007
399000
-998
-1001
399003
-1001
799004
2199004
-989
-995
-995
398991
-992
1999004
-1001
799007
-992
-992
-986
-1001
-1001
-1001
-1004
398994
399009
399003
-998
-1001
-998
1199005
-1010
-995
-1004
399003
-1001
-1001
-998
-995
-1004
398997
-1001
-995
399003
399000
-992
799007
-1004
-1004
399003
399012
799004
-998
-992
-1007
998998
-992
399006
-1004
-1001
2199004
799001
799004
-998
-995
-998
-1004
-1004
-1004
-998
-1004
-1001
399009
-992
398991
-1007
-995
-1004
801002
799010
799001
-992
399003
899915
-1004
799007
1199005
-1001
-992
599000
-1007
-998
999001
1199002
1001010
-995
1199005
3199003
1602996
399003
-989
994
599903
799010
-1004
-998
-1007
-998
-992
1199011
799007
398997
1599003
399003
799007
399006
399000
-1001
1199008
-1001
-1001
399000
399006
-995
-992
-998
-1004
-1001
599906
-1010
-1007
-995
799010
399009
-995
-1001
-1001
-998
-1004
399003
1401906
399000
399009
399015
-1001
399003
-1004
-989
-1001
599901
-989
1598997
-1007
600994
399003
-989
998998
399003
-1007
999013
-1004
599006
-1007
-1001
-998
399000
-989
399000
399009
799004
399009
-1001
399000
799010
-1004
-995
1999004
799010
-97
-998
399006
-992
399006
399009
399009
-1007
-998
-1004
-1004
1199002
-995
-1010
-1004
399006
-1007
-1007
-1004
-998
798995
398997
399003
-1001
399012
399003
-1007
1198999
799001
1199008
1599000
799001
399003
-992
799007
799004
798995
-1004
799001
-1004
-1001
-1007
-1001
798998
799007
-998
1199002
1599003
-1004
401010
799010
398997
399003
-998
399003
1198996
799016
-998
1199002
-998
-1004
-1001
1998994
-998
-1001
-992
1598994
998998
-995
2201896
399003
-1001
-992
998998
-992
-995
399003
799004
-995
-995
-992
1199002
-998
399003
399006
-998
799007
-1004
-995
1399008
2598996
798998
-992
-1007
-998
1799006
-998
-1001
399006
-998
-989
799001
399009
799908
399006
-1010
399015
-992
798998
799001
799010
799004
-989
-1007
1799009
799010
399000
1799003
798995
799013
799007
-1007
-989
-1004
-1004
399012
399009
399012
399003
-1001
-1001
399003
398994
399009
398997
-1004
-1004
399000
399006
-1004
399012
-992
-1001
399006
799001
399003
-1004
-1007
798995
399009
-1001
-1001
-995
399006
-1004
-998
398997
-998
-995
1599006
599006
799013
-1001
-1001
-1004
399006
-1007
-992
-1001
-1004
-998
399003
798992
999001
799001
1398995
799001
-1004
-1001
-995
-1007
399000
-998
399003
599003
-1001
799007
-1004
399003
899909
1599006
-1004
-1004
-1004
399000
-992
399006
-998
1799000
798995
-995
999898
599009
398997
1199005
799004
2199004
-1004
1999001
-1004
-1007
-1007
799004
398994
599009
-998
799001
-995
399006
-1001
-989
799001
399006
-1004
-998
-992
1399008
-998
-1001
399003
799007
399006
799004
-1004
-995
-1004
1199002
-995
1199005
398994
798998
-992
1599012
-1007
1001004
-1007
1199005
399000
398997
-1001
798998
-1004
399009
-1001
1199005
1799003
1599009
399000
2399002
399000
-1010
598994
399003
-995
-995
-1001
-1007
399009
799007
-1010
-995
1399002
-1007
399003
398997
-1001
-995
399006
2899905
-1001
-1001
-995
1598997
799004
599006
399003
398994
-1001
1599009
-1010
999007
-1001
1198996
-1004
399000
-1001
2399004
-980
-1001
399003
399009
-992
399006
-1001
398997
599006
-1001
-989
-992
-995
-998
-1010
799004
-1010
399000
-992
-1001
399003
-995
399003
-995
-995
-1001
1399002
-1010
399000
-995
399006
-1001
799010
399009
798998
-986
-995
399003
-992
-1001
-1004
-1007
1006
-1010
-998
-1004
-1007
-998
399003
-1004
399003
-1001
398997
-1001
-998
-995
399012
398997
399003
1199002
-998
399000
-1001
-986
-1001
399003
-998
-992
-986
398997
-1001
-1004
798998
-995
-995
399003
999004
-998
-1004
-995
-1004
-1007
-1004
798998
-998
1199011
-1004
798998
-1004
399006
-1004
-1007
-998
799001
798998
-992
399000
399000
799007
-995
398997
1798997
399009
-1001
-998
398991
1001007
398997
-1001
1599000
399003
-1004
799007
599006
399006
-992
1398999
1399002
399003
-1007
1199005
399003
-1001
399003
399006
799007
-995
-1010
798998
-995
798995
-992
-1001
799004
1799000
799004
398997
799004
-992
-1004
-998
399006
-998
-998
-1010
798995
399006
799001
-1001
399003
399006
799007
999001
799004
-1007
399003
1301007
-1004
-1001
-995
-986
599003
-989
-986
-998
2599008
399006
799004
-998
-1001
-1007
1399011
801008
399009
399012
799004
2199007
799007
399009
799001
799010
398994
798995
-995
-1001
399000
398994
1199005
799001
799001
399000
399000
399006
1198999
-995
399000
799001
-998
798995
999907
999001
-992
2198994
1398999
399000
398991
2901002
-992
-995
998998
-1001
399006
399006
-995
-998
-995
-998
399009
799001
799001
-998
-1001
-1001
-1007
-998
-1007
-1007
-998
-995
-1007
799001
799001
-998
-1001
399000
1701008
-1001
1899902
1199008
399009
-1001
399009
399003
-998
399003
398994
-1004
-1007
399006
398997
-1004
399000
-1001
398997
-1004
399003
-995
399000
1599003
-1007
-998
-992
399003
-1001
-1001
399006
-998
-995
1599005
399006
-983
799001
399006
-998
-998
799001
1199005
798998
-1001
1599009
-1001
399003
-1001
398997
999007
-1007
-995
-1001
-989
-1007
599000
-1004
-1001
799007
1799003
799001
799001
399003
1001001
-1004
799001
-1007
799010
798995
-1007
-1010
798998
-998
-989
798995
398997
399003
799004
399009
-989
-998
-1007
1398999
2199004
998998
799007
-1001
-1001
-989
398994
799001
-998
398991
-1001
-1004
1901005
399003
1301007
398997
999907
-995
-1004
399000
-1010
1199002
-1001
1799006
-1001
1002999
-1004
1799000
-1001
-1001
-995
-998
1198996
-998
-1004
399000
399000
399003
-1004
-1007
1199005
798998
-1001
-992
-1010
-998
1198999
399003
399006
-998
-1001
799001
-1004
-1004
1199002
-998
-995
399000
1798997
-992
-1004
-1007
-995
-995
399012
-1001
799007
-1007
-1004
399000
-998
401007
1999007
398997
-995
-1001
799001
-995
399003
399003
-1007
-1001
1601908
2201007
798998
-1007
399006
-1007
798998
398997
-1001
799010
-1004
399003
-1010
799007
399006
-1001
799010
-998
-995
-995
-995
398994
399000
-1001
599003
1399008
-1001
799007
-995
999007
1199005
-995
-995
1199005
1798994
799007
1399002
399003
-992
-1007
599903
-995
999004
-989
799001
-1007
-1001
399012
-1010
-1001
-1007
-1001
1201910
-1001
399006
998998
-1004
398997
-1001
399009
-1004
1199011
399000
398997
-1004
398994
-1010
798998
-1001
401905
1198999
399003
-1007
-1001
599003
1198999
398997
-989
398994
601003
-995
-1001
-1004
999898
-1001
798992
1401002
-998
398997
799001
-992
-998
-1004
799908
399000
599012
399003
-998
599909
-998
399000
-998
799010
1399005
-1007
-989
-1007
-1004
799004
798995
-1001
-983
799007
-1007
399000
-1001
1601008
1399002
799004
-1004
799001
600994
1599899
399003
-1001
-995
-995
398994
398994
-995
398997
398997
1198998
799007
-998
1399002
399003
-1004
399006
-989
-989
399009
1198993
399012
-1001
798998
798998
-1001
-989
-989
-1004
-995
399009
1006
-1007
-1004
-992
-1010
799004
799010
799007
-1001
399006
901009
-1001
1798999
-1004
399000
-995
-992
-998
