1655480.1563751379
123598.99931994712
200977.79690615463
1183884.4186313525
1965120.221737016
2352367.31003516
-127568.90447274224
773133.1596207258
-41466.75574434231
-186652.0656700392
1013998.1141169515
168212.2521403568
475184.8123098944
104272.59908468451
-321530.9119246967
583758.906455844
232055.51369976462
111537.80163874813
2843539.999482006
766448.7304772083
765412.6149563864
1761423.926368357
-497270.1497435998
-634383.3266032365
-681491.2569660571
-351031.941353804
-267848.8841650627
-799025.3268817372
-318207.96952609165
-51766.9315349165
-304790.1775386289
-332332.7962574672
-182449.75579668887
-693530.5951679365
169746.1540678556
-259470.91893675178
207415.79492514217
-738832.4341678957
-61672.18860344186
-681263.3429823184
-1019800.7942994172
770219.129851344
-1071142.917705859
142247.97612232924
1129125.2641870575
-1127979.9295509025
-70257.38592190761
-949722.8799582139
-651324.3915821176
-1154833.9837926705
-657055.6362464405
-415753.3922460646
746324.7098021517
-397053.20700569253
-1157145.6370878422
-1150746.5481097302
-766045.5245297073
-411432.03990826017
-1335489.2985919078
-9212.413709108483
-1540816.593938644
1643809.5365457754
-1229651.6860986643
-1077149.8831733116
1305797.8962385585
-922364.5321752875
-1384954.186498095
-1326317.0895168413
-1069968.04192674
-1464648.2507533294
-1630391.1442925523
1307648.6875595925
824385.7482609996
394770.6184435137
-1365455.3192026909
-1043933.0015557222
-1835375.6859320875
-404076.8302975396
-359678.4021572599
-1096589.3580257092
61610.65228302014
-458015.8897991292
-274252.95312446286
-17209.10548822502
-1508880.5715908634
-904123.8588975534
608723.5328891437
-843992.4589454941
-2119335.967530854
-1589520.5754012445
-2022510.5447991025
-661244.3756677668
-983131.6275891307
-2199588.509569811
-2226894.0750766783
-42381.10870022968
-2182624.9704093365
-1110486.3919950535
-2514223.8464998854
-1499867.903555277
-2510315.0482165567
168281.83630801074
-1563203.3702456763
-2217910.172031907
-1006033.8072432054
-2639822.049087948
-2581032.3833832555
-2599207.1658063317
-2827166.8671077285
-2930945.685630856
-2500863.460518438
-2121039.922520211
-1946226.3692563314
-2450514.124044311
-2327170.772845169
-3116327.4505793536
-587400.2269860943
-3067534.4586086096
-401487.2221433513
-1522189.4215403812
-163464.69072749396
-3188696.3439646307
-2882177.1069214805
-2579911.0474224845
-1380962.57613816
-2550503.197298456
-3060109.9129389552
-2455448.318210777
-2071000.7481836206
-2922347.7853526375
-1351511.6344438442
-1401827.943144707
-1792030.786437305
-2710222.688177403
-2746203.2277465407
-1512901.0437028527
-2639397.9375318615
-2901700.757775735
-2977857.2268067496
-3201474.409556458
-1355331.1084829664
-2944137.303355395
-2287147.8729323093
-1228645.743552228
-2312252.8036422576
-2477040.908289378
-923905.5562596611
-3627700.767154357
-3716891.469742667
-2856400.878277195
-3488296.1925159805
-1607823.253700997
-3247640.572335445
-3416055.458550402
-2285070.3882717015
-3432508.988783275
-3050757.07500975
-2634207.6230533305
-3146285.5518083116
-2766013.0387093797
-2681642.513138487
-3193250.9151201053
-3604179.2605777653
-2778592.089797926
-3132489.349591764
-3755178.568871463
-3930577.2543288344
-1337790.684513617
-3804340.1524113473
-3999777.3253425066
-4153500.2632014216
942541.5989107892
-2272012.5283038677
-4372638.797205628
-2023837.4809163837
-3522154.287511294
-3728357.690000464
-3841616.5812623384
-2365300.378782827
-4641807.347635561
-369910.5544917462
-2859781.0206568236
-4723668.001036084
-4908140.6960028885
-3419849.3690345166
-4340773.78316582
-4242052.661098953
-4376509.101688652
-3767020.7605937216
-3431542.0740840677
-4097680.9641391938
-4938692.497768916
-3967931.209921801
-4312253.794967585
-3890848.8502194164
-4096816.6112435595
-4250562.437868542
-4534110.223425167
-3908931.4161600983
-4078070.641366621
-2681168.618518257
-3962099.3344621127
-4956632.981684767
-4180335.7609543377
-3984817.519773108
-4665699.115886435
-5596154.505724595
-1637874.6555064959
-5748313.095684164
-4186309.3496991657
-3603935.330723658
-5537117.081272439
-5270526.623676662
-4008409.162699716
-2857983.885278271
-5035194.756549139
-5116116.722256066
-4610709.801715686
-5237732.745312773
-2783574.349220755
-4285494.13680089
-3823263.1903766217
-5186959.138362946
-4095504.2288452266
-5491068.157437941
-5247280.723819755
-6140817.3283048505
-4989707.208131378
-5126446.274366919
-4512432.634063919
-5004203.334627493
-4556195.78706404
-5306725.323148352
-4800731.238462887
-3510446.116110977
-4453798.071371936
-5336612.681741317
-5540148.4422009215
-6416248.601281952
-4284541.836892521
-5724786.258686138
-4990960.184635802
-6196483.589097134
-5721919.335690943
-5220010.569755726
-4912387.38748943
-5128902.460905439
-2269497.4224535273
-5457078.3584513515
-3313133.9748693677
-5448027.872099193
-6372550.916739611
-4142898.549685161
-4830303.68724965
-6268810.252922576
-6212167.076310528
-5611758.916298032
-4726221.630359559
-4880986.386988201
-4489417.756973311
-6394492.489550733
-6010692.847631355
-5697193.552859791
-6943752.646614235
-5975182.537462274
-4318562.838595876
-5521335.324593028
-4506715.656524147
-7671084.511765519
-6118416.192901772
-5124908.688398898
-6534771.931152901
-5875168.942331777
-5281891.200897743
-5949555.60639708
-6935848.881161787
-5548865.547846636
-7300520.385146191
-6469817.800703254
-4860320.979522552
-6330210.584447136
-3840660.6107180794
-6494882.153259502
-6766426.81121058
-6837174.111256122
-5439468.163068522
-5966687.35580961
-7630151.401083368
-6380989.228165498
-6943014.526690549
-6340660.823723972
-7357377.494085625
-3397679.1699002786
-5935639.056844812
-5144861.766641165
-5454882.461247247
-5887001.587723983
-6741902.086048782
-6255628.553170286
-7598938.3906831555
-6812007.912608626
-6661183.21030056
-6108531.824249782
-6074642.995739918
-7095755.41053288
-6801348.214488908
-5721927.668850779
-5469160.209356165
-7835874.345580328
-7422005.8160832785
-7186965.637655493
-4087458.3785651983
-7462260.645965278
-1200785.5789473031
-4889853.315223616
-7166921.563688003
-7658126.346378776
-7406178.89406929
-7368461.256378038
-6364667.61978896
-6252896.716929076
-6944229.735113932
-7876975.537319074
-5549778.429306363
-6626456.4517039135
-8485000.651858037
-6778984.1417455105
-7830842.975025481
-8555298.5526731
-7986137.609045784
-7298546.837856202
-8558373.145406168
-6429281.9521822715
-7617083.336545965
-6186978.886435919
-7686543.580104853
-7340551.23851256
-3941480.3155280454
-7680436.0649606185
-3985070.744143022
-6504053.98305847
-6739950.663686623
-7256725.435495863
-4338624.709256921
-6654236.3132669
-8514027.37458113
-8116084.96123925
-8348289.608730262
-8701591.711356767
-7561920.098573781
-7938516.810993004
-7040724.9374050135
-8412411.692299409
-7749114.381063194
-8317115.514534809
-8744017.633899301
-9027813.258506982
-8347647.969434949
-8300181.827792603
-4169025.9116486367
-10097019.361626359
-9333106.306299875
-8693566.56210371
-8086940.462282839
-9153231.12435197
-6940536.2049119705
-5837246.236166569
-7389800.459290458
-9041805.874562861
-8878935.407007584
-9734140.037518479
-8399295.958889645
-4630710.555961578
-9681195.570921415
-8908428.672488783
-7137798.244348817
-6780038.573215744
-6745374.058527812
-9368194.079197055
-7148171.6715246225
-8169306.915899228
-7762128.570073723
-8330683.04395872
-9238055.249732558
-4299131.98054611
-9174986.387628466
-9289583.540774012
-9490815.526063517
-10669453.416984614
-7420750.886819438
-9114882.12282154
-10288937.489646545
-9523643.211043505
-8803887.350417929
-7767453.1324883755
-9668471.250092184
-8168517.959907753
-7483240.969156486
-10237359.611487435
-9279800.01706835
-6779488.145480436
-7563503.540679382
-7810049.056082859
-8738177.434389709
-6706574.854979738
-9702296.003995292
-8483688.26446599
-9851112.168123016
-9211200.298609622
-7963706.267507636
-9033930.539767653
-10952065.39289852
-8550539.840362879
-8763594.450487839
-9687445.98841469
-9232601.028950416
-10091761.090937855
-8856214.74404347
-8400628.785792157
-9415270.177185105
-7878158.228838201
-9075768.411406053
-9719839.388141347
-11401574.685740957
-10513942.042130968
-9994846.031726977
-9515043.354418684
-10915368.51664955
-9813385.076128507
-10738057.915570367
-10237773.041083219
-7959358.4544401895
-11508582.639678633
-9306314.413274521
-9877165.000706425
-10768188.515369862
-11128646.054047141
-7237614.547747639
-11802650.459037738
-9534502.567413742
-12220025.439844955
-9598781.463305978
-10968956.317622162
-8621939.1241197
-5739372.2366067385
-8117842.207977174
-11827525.484177994
-10749755.930773927
-11000110.52774174
-9732384.148658795
-7519040.358694858
-12929775.802522777
-7130868.22897799
-8936596.426095614
-10450821.30400769
-9735079.186009793
-11098860.430407582
-9772546.897332866
-8756772.663879503
-11101335.075376064
-10759207.417101191
-5915171.030217754
-9516884.212710949
-10381336.766625654
-10456297.199893143
-12594875.4223386
-11675022.018316584
-11150747.609818373
-11630625.46320962
-12378021.81711971
-7658795.650568729
-10667622.3436622
-11729138.212268338
-11820325.586434674
-12381526.960834807
-12802322.556916976
-12227739.831919434
-6203083.528924415
-10268824.753041295
-7190805.540637742
-11149322.99801331
-10953259.439341305
-11058645.176315209
-3260135.5129359425
-11594972.443777831
-10144852.994266903
-12704705.813608533
-11961497.181104338
-12239494.496474707
-6884211.957692179
-12886941.266653754
-9028396.35039427
-11326078.690274073
-13553450.01829365
-11213516.804449733
-10193291.094049731
-12957690.895050509
-11264475.2576526
-12294425.963688936
-13103158.443549467
-11634707.519090515
-12486799.243625527
-13120372.895868927
-11465982.586955074
-12921560.115514413
-13952014.540357895
-11956168.644098373
-10302935.558786284
-9886316.175697112
-11245948.646403719
-13187071.661423199
-14471772.53433585
-9880304.49898619
-10664949.33250877
-12624322.081098964
-9146783.669243218
-13449980.335121457
-14708868.499360332
-12656022.658660576
-13903250.231956432
-13030645.096216075
-12549220.92572924
-13957230.670452787
-13714779.111421704
-11601700.022393757
-10864989.22547241
-11270626.449544966
-13197403.860816792
-13209854.837199265
-13015784.764442781
-12033640.32764679
-12387567.603550727
-11757936.031623947
-13398441.509467712
-12053464.230003579
-11071071.337404648
-10201322.394283352
-11895350.29579802
-11683013.698944552
-13211377.128816735
-11998053.14909798
-14095418.740328543
-12965283.620432416
-13181506.942197734
-13847636.439997528
-13565659.281557072
-12979665.750808137
-10507563.643589262
-12771212.110096073
-13297250.169910785
-11077622.631089348
-15011607.077732822
-12875292.46846063
-10856886.218919832
-10596293.576875534
-12433433.419185493
-12721990.994018642
-14473860.112656409
-14129488.725927887
-15023806.138771763
-13841237.253370626
-12772257.103117367
-13666936.22399182
-15379634.860063368
-12574301.546637187
-10613245.893826755
-12355929.603098938
-13003325.30231402
-12830843.607117401
-14023194.584955443
-14951161.612809775
-12439986.834337734
-12478970.523582673
-13507322.748225547
-10836619.52345531
-14369265.823491735
-10571988.964374095
-10350694.799147537
-15358154.858906897
-14289050.631169723
-13554193.725423507
-13628863.037684452
-14694049.206864225
-12536110.927274287
-12575815.393551875
-13921669.220529566
-12494027.879901271
-15030345.183891311
-12819611.751510477
-14404540.967815872
-14850311.917757947
-13393427.631481374
-16280643.49373997
-14278201.214183563
-12404015.069973586
-13875517.932657124
-12687494.858307535
-15808464.622272577
-15480217.511384731
-14063776.458757076
-14222621.963680318
-15743456.174208716
-15169769.452097882
-14370025.37676508
-11801648.812675476
-14802174.689403905
-12485585.523967898
-10912676.387947425
-12300497.615406005
-14527313.5753441
-13511579.974585198
-15596523.593393896
-13928933.142841741
-14780918.46673831
-13151349.87680302
-14724003.39324195
-13296809.298491895
-14141359.251390511
-11288681.026448462
-15679085.33777705
-13240889.81943241
-15280289.467512613
-13687603.897504123
-14739384.97787238
-15230403.8325785
-11420025.32283259
-11808696.914134517
-15471690.443751974
-7785246.433210196
-11230117.028002482
-14309728.537210846
-16691323.857241731
-17022319.49078575
-14068369.845021475
-16099612.10721446
-14219745.79720008
-12118161.720346136
-16290086.79350431
-15766757.9514259
-15357522.05379908
-15488567.122933187
-13054753.617057133
-16465267.951771578
-14946425.626975752
-16370756.530450128
-14062667.354654567
-17223642.520123884
-14845373.375521405
-15186300.321977468
-11436993.579471095
-18070079.434735406
-10090779.005870748
-15188990.741445595
-16730495.498578992
-15933584.534777358
-15097362.277405154
-16398367.394747023
-14663392.09113817
-17581371.456984386
-14665205.895036003
-11509712.373426287
-14429808.86936553
-12063679.66204968
-13630703.242568549
-15678204.35582049
-14004022.931314446
-16658370.281989183
-15243053.693325609
-13610873.464883087
-14183669.79444578
-15949569.800789258
-16634049.409267075
-16538762.89646935
-17624614.495099947
-15950181.453240145
-14665954.36458283
-15142162.81833839
-17015391.17629915
-17073368.7045818
-15880573.562524008
-15274598.988484392
-16384421.140332233
-16358589.132774796
-12604699.510174545
-19030296.409294292
-17492267.909719653
-13721687.894632075
-18586381.734593604
-18909817.338543877
-16964186.797170848
-14363982.05957977
-16866289.624226835
-16093786.960626753
-16275932.881495355
-16322979.690503035
-14613347.620512605
-16285330.262998266
-18037966.118356418
-17547019.12273342
-16976737.06317272
-17601853.21148071
-10508087.094123352
-16119277.11980801
-15457567.474254059
-18740201.251418475
-17553603.192755267
-18202635.81776262
-18337695.23656614
-18260175.554006193
-9013977.977681614
-18968461.321538474
-18012415.72331915
-19804196.08360618
-14312205.751998203
-16504749.484649247
-18361625.181620542
-19066079.382496584
-17314238.42833135
-15906320.677118216
-17491930.535189513
-17377935.323132038
-16999547.235529367
-17712482.738418497
-11706815.243861364
-14334424.885532845
-12998825.524778694
-15669551.638467519
-18764204.999168523
-17942563.892675567
-17801244.693773508
-16124790.38757751
-16227619.609464705
-15293971.616076957
-18595700.162804756
-14136417.13397062
-19623067.048213582
-14821341.66110358
-13688675.618753545
-20141758.315787762
-15828957.789667444
-15505828.227154635
-18976704.720157765
-17439623.227165062
-16630648.452447983
-17829902.57982719
-17609672.938273706
-19323104.7454826
-14268239.617058313
-18226640.539638013
-18069590.57104801
-20556474.693608347
-16938320.20193258
-16751615.424481848
-22046590.676602177
-17059141.068596583
-20881607.392998148
-15736680.72168425
-17262656.735317186
-14404732.866324548
-16712669.726556908
-17398735.415357783
-11073629.785804955
-14478248.058298267
-16908817.610532895
-17036462.617583092
-12627792.985268472
-20277957.729852986
-19639560.836851373
-19215582.240429346
-17927183.966727823
-19283839.751789223
-16761635.900261564
-18224888.56606056
-18814581.230633304
-16470242.994459286
-16894562.52309849
-17660516.89112573
-15455867.34297814
-19532941.659702435
-19193780.32799931
-16981185.96747605
-21737728.138672877
-18808557.591210004
-18651087.38239744
-16446231.203587534
-20417070.273792084
-19178605.521662496
-17982538.496612947
-16428943.287860848
-18829029.34956433
-13459751.777696325
-20595252.94240955
-17702291.111535877
-21512060.27837081
-18614596.55937447
-20014601.1667408
-19055673.266488865
-17510767.625216693
-18397617.918102343
-19807600.91679809
-16786466.56106885
-19952621.042405233
-18704671.711089537
-19958019.741221543
-19780229.373721953
-18726721.731356416
-16620484.517618997
-18634181.87892811
-18691215.47817823
-21271690.133447103
-21612535.00895958
-20652820.56065992
-19019280.54574473
-19902916.654041152
-20147297.408847947
-21700757.32772616
-21305870.01750423
-20201897.55359349
-22368600.37952676
-19476395.01553829
-23280001.35390944
-19568257.106400944
-15377067.580287853
-21432319.199361466
-21555943.972880404
-18063285.508815553
-18189132.083284847
-19534165.167763066
-22260203.399554476
-24077126.365176205
-19040514.628140826
-22352420.350281622
-20999492.237537824
-22238214.682332635
-18594821.25808454
-13813196.2654167
-22921179.03336132
-20099832.333199363
-18793804.11307192
-22753181.809428208
-18937924.225516792
-18847265.811184652
-19124210.019129094
-20652253.285114
-19605345.06429853
-19815071.079639412
-18211676.799878605
-20332712.55522251
-19515570.916473683
-20581068.962294877
-19194588.03105415
-20916090.114521813
-20028071.55783036
-20700589.265600175
-21705567.05413008
-16923069.195730433
-19652322.113052893
-20371654.98219215
-21296894.838488217
-18381595.79468515
-22190568.653363686
-21489028.07900135
-18053939.076382875
-19947508.42917664
-21152974.8061562
-13567292.021561882
-21007948.46427203
-20425301.626770657
-16760035.511227256
-20502025.330158386
-21406695.863498487
-21055474.106302828
-21091725.400791146
-17100156.54970693
-16858518.884932768
-17767974.535711873
-19746092.881334286
-23238535.053088225
-19427430.703849692
-21140953.356279347
-21562968.731136058
-16787367.742413588
-18122651.459298022
-23995096.045751654
-22526595.12197559
-19999255.992606238
-24779367.46948679
-21542416.51978433
-19863210.032549974
-22742557.65002477
-19666518.067731883
-15809026.3222246
-21556559.63869837
-23233396.84270951
-19993568.640197456
-20043216.93569746
-19346037.8974068
-25511860.36340947
-17563065.05061512
-22035030.871270996
-20440055.964106377
-22490222.389144577
-20800262.436108854
-20898078.138709854
-25275510.637473144
-22364555.934701715
-20630682.744330086
-23284784.44993046
-21949169.5083592
-15590326.887032775
-20905877.414306223
-24511982.52664511
-22593884.882906467
-19359583.369367164
-21885552.163681284
-23268210.697215553
-24315834.62447577
-14229189.497251196
-20574430.11559712
-23390839.834526133
-20415197.377963156
-22240456.692677267
-20221315.86122504
-21545006.784909178
-22120057.952760328
-23819167.849390067
-20228477.8117428
-24528861.85247269
-20200993.19498153
-25453109.745243046
-24337815.200077537
-24000478.729323525
-26030448.79301918
-23475459.227445975
-23202001.2005173
-21698424.297596633
-24047772.80037656
-24843966.56389834
-24022358.474587306
-22586010.89354481
-21938375.000566814
-24610900.210688714
-23704418.702005338
-20551509.404484145
-20127929.009486564
-24651125.62516153
-23430638.259169668
-22854925.70322563
-25681649.47950534
-20644772.16140962
-23259851.075891122
-19921096.928145796
-24193364.07770242
-25845134.399198875
-23053075.84405113
-25217265.903261352
-20218387.871645186
-22095230.227878984
-23456691.355055608
-22670378.38526996
-24702728.377706476
-22305326.345125534
-21007791.387144346
-21208607.30523229
-25026478.79675329
-23042754.19649
-25158438.7665209
-24490644.855753064
-22381164.753188584
-25767838.97827473
-25931392.621920984
-24895938.327527758
-24420530.90314567
-24588510.806440108
-27408281.444537375
-22587459.358101554
-22891580.67761379
-22475855.21663187
-23816279.8746917
-23549694.46682805
-23049702.84366621
-27827662.66490376
-22217160.942677174
-29151502.65912841
-24407032.826720428
-24565117.16362872
-21658360.31858146
-24007572.09110053
-21954913.47228285
-24969117.487991195
-27462752.626200702
-25847283.658970546
-22603883.908123333
-24489324.53798892
-22033424.035932545
-29286366.84008909
-24932301.36645071
-20597454.586826973
-18061209.61503102
-18774262.98926988
-26075164.262041636
-24559075.405493457
-25345908.32216317
-23266048.10225234
-22364884.874953162
-27147147.170194205
-26325931.854385927
-25112653.692321908
-24744088.55580476
-28187210.41581853
-23569711.946709104
-24481634.56717209
-24992910.746852707
-24727661.722935963
-23915054.192765087
-24792018.001092777
-25145396.984195273
-26111669.444836427
-24588890.04752604
-24390580.027960572
-20241584.28965982
-25283599.08915332
-25889551.058280263
-25760246.510391198
-21389076.087729216
-21853218.87673397
-22806538.28727889
-25390909.172603846
-25402905.19481457
-27946877.03992388
-24383646.782483224
-25386952.118476924
-23351538.664754327
-26806671.914702956
-22280769.362239406
-20587752.99864175
-23941588.730953567
-25042493.228375673
-24094396.255190168
-27887331.462825153
-23527262.79994608
-25117374.491460092
-23676847.51967047
-26213054.21318826
-26857781.769261543
-23639613.55819134
-28384674.502948295
-30352990.317574576
-25558620.31363234
-25616658.791698992
-32579754.86789077
-27694239.464205276
-25966186.028128415
-25804390.83090733
-24736941.639515657
-29089593.853455093
-28227024.734879944
-24385871.462168396
-23724746.23371769
-20522134.00194539
-29052342.43540252
-25621143.643012945
-24442679.94069503
-28429733.226140752
-24704303.873139884
-26819828.212371
-25637541.290524065
-23068783.824247118
-26679329.897724915
-23402670.77444075
-25413413.781788323
-27407699.780383434
-28235140.964203276
-28050863.246597417
-28462330.926862493
-27689431.445754636
-20015181.1120928
-26836310.605635066
-28357557.070344627
-22674597.781220563
-24494325.436919652
-27418981.83263256
-27948412.64025194
-26166823.59964328
-24080946.917642687
-24538921.812852923
-22741777.817275744
-24657192.222658042
-22749816.189624477
-21569648.600141663
-22494283.098122574
-23114151.94759788
-25376097.43593787
-28106187.768097468
-27030550.05667288
-27147479.901953448
-24305087.19752422
-25849855.037199326
-24163119.833125602
-25726023.577457685
-26383551.846886873
-29940173.577084497
-20619251.580746286
-26660312.14882042
-27563365.62291724
-29434218.17689476
-32016670.282710806
-28847155.273374718
-24959185.819271103
-27873992.37872807
-23343420.416879695
-27928229.345763214
-26292431.546073306
-27437624.821947757
-24104012.616209693
-25274095.827647846
-30095212.783119135
-25445010.68196991
-25938775.853302058
-22766882.342146453
-28136926.820251424
-25140356.297810018
-26724390.230555546
-26734680.54144843
-25965136.047896113
-30715013.42882164
-28351334.894615892
-26072294.704564333
-29869766.654034644
-29141956.03890413
-23901353.622513186
-20068384.309481435
-27216885.51439988
-28298509.846339047
-28641234.816373385
-28907146.53165625
-27501018.845107157
-28702126.96744281
-28761301.63769585
-30111358.691771388
-26462630.096649945
-33554042.269476913
-27097002.834921535
-26815084.47301377
-31965851.63840298
-24886785.052906144
-27874244.984669387
-24748259.109650686
-32338410.393463492
-28428348.960936885
-26627248.55726449
-24723824.088095646
-29212285.850173876
-31718687.289942946
-26983453.13846451
-28672560.123395953
-27711321.149297677
-26139722.58693687
-26355571.83044374
-29352519.11372688
-25579660.146664865
-26028306.27682045
-29702940.70426146
-28564991.721795626
-27056093.22838143
-29231331.066990986
-29176449.58238766
-28765933.27874944
-28844676.11851455
-21475544.548902404
-26975165.108395934
-28231209.772227537
-28367261.011961028
-31830128.60402098
-27800878.258926194
-28354577.259435598
-31013376.79467492
-30709320.095763072
-32875697.378781717
-28206271.69185952
-30513412.98571507
-23917693.67305436
-31421026.24080186
-32192006.29096799
-19398362.33910451
-32606321.710293565
-30751922.682049483
-18406902.659179226
-31223053.125750475
-32038367.530224938
-21744793.758808028
-30196274.22090737
-31212784.706633344
-27659907.237445217
-28961088.301161915
-31778522.52498617
-30678754.83968175
-29719520.928368486
-31383497.71259747
-30129984.212231573
-33667012.06174041
-29674112.25679074
-28701847.430347048
-28262570.59014333
-29358794.226621628
-35656867.565666325
-31244346.298289727
-34644749.93327402
-32071836.509555507
-27440690.17776602
-26723349.49632316
-30771975.548080847
-26832889.87559739
-27392435.339230064
-28923386.73612932
-25364888.093110852
-27733483.874292675
-25356810.68400449
-29073362.95735146
-29025300.74961226
-23775357.322995435
-31127589.86979441
-34067516.80316638
-27289753.45241446
-32047766.57459416
-30596044.275825184
-26799369.108745597
-29115754.245390072
-26143942.842012346
-30348081.594128016
-31538137.83647871
-31251280.351815652
-32257716.136659667
-26061044.95760075
-27249264.843133
-25153013.87674901
-26293899.547460895
-30497247.17041863
-30206557.407758642
-31716396.476373333
-27886764.110163584
-26775884.21503713
-32278346.050472215
-29336090.91066311
-26782423.790525816
-27655063.522708397
-30498079.6756137
-24911897.786877852
-23986977.205941357
-29150037.771986097
-33936503.546011664
-32954650.089945693
-28481469.260379143
-32069521.853497624
-28173301.825109698
-35341811.48586171
-33844962.289527155
-33412802.891784478
-32856013.0025043
-25385270.917461745
-26468062.353723455
-30549544.688548196
-31748420.406628743
-29684838.48435133
-29570421.948222484
-34560861.08787029
-32526495.503826115
-38074064.23719583
-22154922.813629944
-35620049.271575734
-31645986.58605683
-32986023.441414583
-31445393.59060805
-30895482.0010247
-31260708.145751584
-32496867.09112684
-32820991.54712195
-26169829.693558164
-28472147.713976085
-25471666.908518393
-30192417.74960455
-33562717.2582626
-29674997.118293997
-33544865.76879431
-29495341.104278997
-30778407.379910905
-28111509.74928403
-27815629.65274009
-30987326.14587428
-35810125.30846087
-34885704.594917744
-37742639.6196622
-27988511.517154213
-34171898.26706866
-30605759.974052932
-30683764.832981177
-34960175.57423893
-35163936.56158
-33409959.376204517
-31136910.750627782
-31626707.55134268
-27266168.17160759
-28882566.628445692
-32823332.911655147
-33662875.63609361
-32835574.051122062
-29648712.242673848
-36375497.2784624
-33149246.355559327
-36896505.06803801
-32076763.73278084
-35572362.703115284
-28413503.22161272
-33381496.277356554
-29612243.165693972
-35214908.31583882
-33281732.992529906
-33139715.36552425
-27828185.16996093
-35402601.9893923
-36396567.73912502
-38860977.89402567
-34360637.1862957
-36015583.30653323
-31435134.68325214
-30742147.857862893
-34300915.230222285
-36329089.75810111
-32995803.839546576
-33061387.665306564
-35172210.65072553
-37511217.85793031
-37176624.17992471
-29718361.301988214
-32619906.032134596
-28888952.535854477
-36196794.26214692
-29093284.234453544
-36056509.66525549
-26463056.230736624
-34878678.90580566
-33887492.51153647
-35296549.98781948
-35245485.544889584
-35173694.450961255
-32159935.043573037
-36871205.6326341
-30304674.227070708
-27599923.585582055
-34196528.870533854
-30611861.104075886
-33851994.13074484
-32597035.48155908
-36566143.516283505
-35808186.51214675
-32718827.91757354
-25823004.65891277
-36771941.714373134
-32860218.047144957
-33161339.302834667
-36572833.8434618
-31978990.655594647
-35164832.41478316
-38528869.18035454
-31641907.387685955
-34927479.105291866
-42549450.8927489
-37819788.894714125
-36470523.83690909
-31784399.983781695
-36738960.548417084
-32996191.399195082
-29000933.453885
-36317736.60540875
-36151454.70309875
-28924685.485297665
-31280586.007784195
-31631123.95725332
-35850027.730055265
-30215071.798350178
-32502065.55455468
-35713430.302805275
-31013624.253051575
-35980423.92547157
-32565400.847731903
-28096600.112156842
-38572734.18992342
-36186483.70632132
-35082023.96885898
-40004878.05501514
-44504812.11141974
-34290661.177153565
-30490543.969322562
-34483256.64896859
-36889385.91901997
-30828781.241124433
-35657593.79254691
-29326901.179789398
-35494818.07686812
-32954556.16171004
-37545268.42307273
-37411746.648449525
-33038686.999928992
-35589378.502972364
-36560134.24022746
-38289957.4637141
-37586977.450429514
-37156965.48624048
-32988828.42357242
-40828836.77311695
-41003143.55584106
-31982345.8598338
-36606733.910797305
-38174805.48992198
-39456704.315709844
-36318858.62430643
-33713341.4382854
-38463703.57227564
-36794665.542327724
-32295087.57329221
-32582136.96136562
-29737681.921975926
-38915046.63660465
-36368441.08823041
-37896791.157165825
-34175911.06147643
-38092957.389371544
-32111770.180821978
-32538055.74972049
-33099437.23613853
-34034000.16273423
-31895840.48214791
-32287124.08098093
-32700032.43072892
-36388470.09538967
-34252663.0830519
-39159439.55039802
-36774374.70777608
-33513957.243700966
-32603747.873017542
-33708333.23407668
-38745544.72971993
-33571593.30549019
-40299640.93388926
-34228209.96194956
-35682230.86127579
-37641466.77211833
-30431442.56817285
-34683729.68741144
-38779575.22358694
-38004876.55148378
-40442349.96656289
-29814949.65869935
-37804939.37860018
-37713052.283017024
-32924816.05746667
-37865691.28754914
-31060162.285345677
-34785706.8194145
-39211678.8800798
-36994365.66152607
-32561872.595447104
-39537321.91146101
-37397883.390561424
-33411920.86075923
-36193913.31996104
-27417172.75897219
-43641407.08404309
-36540040.30513699
-39168085.71258847
-33371552.070568204
-37959525.45232283
-38571883.40824267
-30983362.505713385
-31185997.537719216
-40696752.28386225
-38238153.70287937
-29658745.98235917
-33734834.706679955
-34945183.982296966
-41793092.76511556
-34724349.49766284
-38274173.247162886
-39829840.50501325
-40088233.050327785
-37630249.588298105
-34862772.650628395
-34493534.255819775
-34678953.16324233
-34745659.42073477
-34194876.26312654
-39856243.20361467
-39307954.81574588
-36529843.08865891
-40990469.95689741
-37379069.09148194
-29680829.66232242
-36586102.92231774
-41294599.55164159
-39263235.942244776
-34823688.87585832
-38044237.401606984
-34161728.40171897
-36828011.96775261
-32875114.320531126
-35571270.194704175
