-39368.34955540806
-42193.16020583276
-80385.81123781124
-100386.06600632473
-109950.09427324378
-147190.4961133594
-153312.19343516315
-190797.63358561977
-191410.58165618885
-249157.52479887765
-240228.7056065625
-268782.13810615847
-290676.6156541351
-245607.73592949886
-285312.5315450173
-315975.64281764784
-358425.2619469871
-333826.94605085044
-315640.64326351666
-415716.92446836206
-393191.4669615795
-466335.59939060593
-463667.56113364507
-406979.3736809908
-444176.206340218
-493814.51364418253
-505320.48386573297
-517441.3793321192
-511615.2481847839
-589135.6426653488
-527386.9853553358
-612870.5034597757
-607992.2969316773
-696865.2674064862
-683971.9503320765
-728183.4251372686
-759738.1644429215
-759589.5974206917
-673513.2131466676
-701296.5958737446
-898784.1561662466
-892474.9972996041
-799585.9598783565
-942267.1569658213
-803899.2872122114
-847075.8174227965
-883654.3785586858
-927967.8425859837
-997709.0950747298
-889632.6717502807
-973321.0955613691
-904018.8712445588
-1023075.9608153573
-1132398.1571669716
-1001939.9529134528
-1023482.3085428564
-1106547.2058428656
-1050747.3896044055
-1042265.1087829343
-1251694.598652435
-1164260.8079151008
-1430966.2379766782
-1239489.4003610776
-1184906.925641707
-1167239.305333714
-1261755.1993911525
-1220671.6545289173
-1147767.6858314509
-1315921.1409864954
-1241409.6700249417
-1207580.0049563942
-1308824.6526252518
-1300549.932057326
-1285480.9689074007
-1389163.86914698
-1353456.2898424265
-1257652.5218450553
-1403047.4949004806
-1361169.7580641808
-1533613.2121292483
-1364935.5878299077
-1408518.9642714204
-1327835.2086228922
-1445185.0400548268
-1607572.7341899478
-1637901.698530858
-1502512.4275284589
-1394157.3625330986
-1562987.1677466505
-1507459.1383799256
-1388544.4042220695
-1663203.8904700272
-1512553.329028737
-1539040.734435432
-1772920.5492159163
-1576871.0447360359
-1731321.4083318284
-1551172.4027105642
-1593088.814032508
-1610671.990087032
-1728478.0086043105
-1681438.8268449157
-1788093.1789157891
-1712539.1362179837
-1512867.7353409722
-1578049.625363317
-1804873.374568505
-1736452.9742706432
-1732454.5306879384
-1748124.541473654
-1723076.5073318835
-1746841.3717974306
-1855666.4217136144
-1774720.1251407505
-1836473.9854727166
-1676926.754748762
-1956031.1415428964
-1929123.6534626326
-1737243.4192829414
-1759721.7550431923
-1907502.9475113654
-2020234.8383016482
-1874267.4405235131
-1889863.0795127826
-1765176.716261396
-1876695.7261310746
-1883321.543521841
-1807590.5018589892
-2013743.3913883052
-1821576.6980424148
-12111575.748095484
-1935423.8887471005
-2024532.8338064083
-2186192.269409867
-2012326.8553351434
-2284053.909466553
-2208050.255687636
-1841422.1946129522
-1960866.1064058465
-2043855.3936424395
-1924626.020026082
-2005247.4356980827
-2210395.1914018765
-2044660.8253617312
-2041631.6485369091
-2147972.6784046474
-2528906.4685842535
-2271928.6104522673
-2211340.7944994955
-2456264.5259942696
-2273759.4124206402
-2172246.1729818643
-2240612.446682003
-2348800.6779479734
-2368732.5363002406
-2382077.5491022686
-2462680.2264159615
-2604490.486755699
-12157775.542779136
-2388208.4388423287
-2232316.5855152532
-2497505.3984105843
-2317238.2426157943
-2525375.189110474
-2533793.3861637595
-2554204.2959187715
-2475531.6787543334
-2635834.422527916
-2625578.2270479216
-2480966.414354299
-2330890.8742899993
-2581193.3399190744
-2480267.7918694126
-2353561.814618445
-2751577.8043743153
-2599565.8069140054
-2591056.673178248
-2547118.8607760035
-2427779.030643228
-12138409.946776262
-2642222.2779151364
-3057348.0718704243
-2602884.5563692027
-2730354.405693664
-11657903.418920519
-2638862.996885662
-3065172.124211269
-3267196.447437905
-11955790.243413547
-3058419.2715034806
-2811788.2483042604
-2773825.0833783615
-12323480.411081983
-2926181.845877021
-12780307.099264568
-12685405.682688762
-2983729.3423041557
-2698317.319983809
-3127893.5175190037
-2813937.5989052197
-2713059.100002981
-12398514.733792296
-3051795.122076739
-3138709.3504678323
-3433199.8047603285
-2966737.129943169
-3233526.917395568
-3206262.8521770085
-3292108.0203569005
-3372034.106873668
-3215344.5730907912
-3400672.2568232487
-12796139.783051785
-3263052.796341244
-3126921.8732232363
-2944451.9621493113
-3134560.2115174793
-2722045.526258866
-3751195.034315642
-13049853.047200622
-12663449.839074586
-12466557.58247633
-3041728.9523063553
-3515005.7212276943
-3246659.47875891
-3617231.878916402
-3268338.95866183
-3731742.351110975
-3506929.4499266995
-3347685.9623624915
-3494795.6690861555
-3335790.945370472
-3870313.033212107
-3506814.665680551
-12609639.515415734
-3235406.026875354
-3218975.6908365116
-3082751.48299434
-3286388.446587932
-3537894.1060097124
-12767549.18232815
-3591680.258735877
-3177432.368053974
-3380567.089501109
-3227464.601143556
-3484462.5358487084
-3278555.5526193976
-12755131.17787484
-3613599.891753196
-13008264.305935998
-3532159.1053125164
-3393680.8904915876
-3316468.1975439
-3672476.729567568
-3516683.613329058
-3414360.044875548
-13031268.58301182
-3662752.6816479387
-3571805.789363735
-13306561.440004516
-3860760.7143040365
-12779308.57487636
-3516076.857610361
-3808951.6969030206
-3910998.2052850253
-3520631.8210504646
-3847443.7079299428
-3524923.653411742
-3872878.4240101515
-3540866.2438681293
-3727964.3593000784
-13109204.276417019
-3490880.2749107745
-4052902.909985835
-3505147.213999446
-3484374.4995224443
-3451202.8839375405
-3473183.987134733
-3530780.9238928254
-3763775.1789826066
-4042690.302153403
-3892971.793553277
-3507870.405602001
-3689866.343754589
-3539848.3075264944
-4114081.855234568
-3654957.2737283194
-3511615.873410191
-3965082.5343006016
-3907112.096015733
-3718269.1628916236
-3451317.136953476
-13072440.41684951
-3956532.43093091
-4042088.6147706895
-4017083.853444579
-3661828.357019255
-4100942.2778042043
-3648496.013731024
-12458023.640509624
-3969576.973610904
-4114466.5674473923
-13555470.760075212
-3808490.312468268
-3906928.442406199
-3951853.4989888105
-3752338.7768484447
-13006607.09614531
-4207424.778284063
-3816676.8497802014
-3839001.389579371
-3619973.614662971
-4381536.36389378
-4425726.805917645
-4290084.875653703
-3734962.4806712735
-3713307.4620143
-4391463.294670735
-4134308.380784234
-4342868.9308375735
-4118080.9089708845
-13532089.21330343
-13004694.653802628
-4117826.604283061
-13348003.638558827
-3875302.7282022317
-13984433.552460982
-4140491.357529074
-4366398.9348069625
-4514474.838118537
-4246553.972250778
-4751084.525460532
-4372478.946931279
-4548800.4912049165
-4639511.375672306
-4033043.36999019
-4295802.570217852
-4689390.533663214
-4157178.6697177063
-4636692.8027407015
-4269505.517287751
-4301610.707476499
-4365029.654045955
-5117504.883039473
-4703025.164542271
-4023929.270004963
-4472206.43734534
-3999874.4606258892
-13080251.25559367
-13026391.216506954
-4599678.592741471
-13546659.860621441
-4332579.050967409
-4769625.99181323
-4233107.482974831
-14551561.979945444
-4242992.294267849
-4518934.315483239
-4941466.391943872
-13739034.058774816
-13704547.486683592
-14518007.651866343
-4452810.1291965665
-14423681.916316556
-4877250.625186441
-4797784.098921779
-4959562.602031623
-4395776.991337499
-4601685.618833935
-4531368.992851774
-14436645.57005959
-4699778.865961235
-13882970.804866394
-4948814.658976081
-4937924.487104911
-4901375.1225461345
-4483462.740499948
-13749812.315756267
-12058819.832737654
-5472537.647334984
-4998012.244977332
-4420459.997424104
-5027988.826887673
-4928353.399181297
-14277373.691196956
-4759250.913419156
-4562380.621059766
-13882746.596243944
-4624577.1358281225
-5235408.298544119
-14094889.79037983
-13415731.948870242
-4627132.299068506
-4828479.351617739
-14478279.81376982
-5121355.008519495
-4943730.138416124
-5007128.273383036
-14409437.070300829
-4673579.309901642
-14455502.601697383
-4965062.852362028
-5171591.190212196
-5497149.588640294
-5516622.441062277
-5146251.49730512
-5200710.020645272
-14686905.991647683
-5213268.960835918
-15133310.280674882
-4829314.053490656
-5297479.291221542
-5065859.573822575
-5160308.268039783
-4530406.748238978
-4974173.087354757
-14644121.97717113
-5710507.539400714
-5012361.675170045
-4991060.073030741
-14434262.656104118
-5105819.5982116405
-4988710.648141836
-5497599.294433267
-13924982.591145614
-5073295.820911867
-5134706.624772346
-5827559.848325178
-5330246.552634121
-5505516.997082491
-5334099.179922173
-5565063.23738194
-5209794.633769174
-14456152.723040277
-5351857.915961086
-14352072.606479162
-5658346.040324704
-5030070.424556574
-4916643.225609871
-5329106.688800391
-5831176.9579348415
-5852061.579137363
-15266425.435258113
-5455670.149594246
-5311403.229965846
-5727198.836115206
-5281324.925042148
-5164323.903455221
-14956546.082662307
-5318371.575447666
-5694415.743231682
-5862666.121518299
-6193048.598543566
-5683249.190244121
-5452655.188422466
-5698747.027366269
-5498065.657912138
-5074210.184034377
-5523469.535939064
-14891956.425929215
-15143268.274808474
-5520738.702322514
-14873115.70556115
-5535073.105549968
-15603869.879748292
-5779622.172460773
-5763082.292025075
-14933980.820393723
-6251838.329983957
-5180935.242895513
-15229816.95951875
-13678436.305795345
-5415402.6735970955
-13546470.78026549
-6074217.886062182
-6137547.531432914
-5098758.576459216
-5476744.529745045
-5842876.189137881
-5989473.993885226
-6216832.466534204
-5701329.457705279
-15116519.077609293
-14403446.756831944
-15784286.76134835
-5906482.043523384
-5771817.412179383
-5630845.109015856
-15216229.955732148
-6395728.7227856
-5756496.081801533
-5408487.710933686
-5601955.4109998485
-5596559.9757759515
-15055554.502984725
-5533466.18642291
-6001290.282996795
-14662448.125444481
-6051547.453170827
-6226162.67560353
-6265374.018641653
-6591365.80397997
-15156080.794171542
-14865929.466279887
-5554411.530412079
-14358787.19097782
-6861472.5524174785
-5724083.785586638
-16078432.902081344
-6017797.578181278
-15215124.989715796
-5566704.606738956
-14846494.826829024
-6416006.099502978
-6103996.834220839
-14871278.200152224
-15329857.524472807
-6324280.732516473
-14799666.118709527
-15692054.141061196
-6450179.713447071
-15972677.509009156
-6866798.346942356
-6630735.348204503
-5726649.77131735
-6442308.6825663885
-6454489.414961314
-6955367.810432312
-5997597.150818531
-6433395.29475681
-6283698.287769242
-15889959.366291892
-6399499.510614937
-15850529.882381301
-6757421.509634672
-15188236.87733627
-6866421.756300347
-5960106.2907010075
-6298812.621051585
-16222867.083204586
-6422174.071201128
-6265707.082618209
-6592189.520827661
-6530042.69173655
-15577366.22909422
-6674548.926611286
-15780605.511814445
-15269038.83474527
-16096057.997734467
-16709478.227167122
-6536223.644684323
-14608971.23957726
-6937776.204410435
-6088169.786107997
-15268445.832480356
-6352680.369901
-6463177.6182569135
-15772203.508394998
-16162325.793623354
-15653260.249296712
-6609081.86475975
-6716469.009988452
-14617134.978408307
-16728476.399615306
-6514504.628974602
-6551210.997552605
-7665708.314952356
-6007429.42195306
-6721746.7691427
-16084820.18056789
-17047232.793157436
-16079959.854026936
-16440229.38474438
-15199209.38478279
-6908880.419680424
-6186400.576492147
-14675097.719193526
-16770661.277055733
-15119843.860855727
-7394857.6037921375
-15502613.096359465
-16746124.238806548
-7286288.768112759
-7877467.3653021
-15574595.919014227
-6958074.720488371
-15624352.717464456
-6958919.33618621
-14963209.179847438
-6920795.259088896
-7070409.415487819
-16540107.588601109
-14849878.737132063
-14109320.51714259
-7647809.981015127
-7207218.155164023
-6586756.427509029
-6999209.827508883
-6971625.760171811
-16532005.6833624
-7399964.404993501
-7095969.370611346
-7221318.5925759
-16398553.172749264
-7056937.926414067
-16111135.897974417
-7681559.819936862
-6695846.640582814
-7610042.8865439715
-6952568.366302176
-7095694.333716601
-6490907.461705591
-7309793.051799551
-8086355.600749341
-16422994.651706018
-16574537.841619931
-7179874.7924920535
-14122238.29443356
-7086898.368377499
-14026697.845790597
-7356842.881983333
-16501254.621468164
-15377737.985668465
-15959748.007225623
-6857656.420451334
-7965101.304297494
-6672981.325002692
-7819463.93154545
-7378967.675001179
-7672399.520351086
-7718574.353700984
-8311721.392127468
-16094324.135394873
-7179841.039914227
-7756972.4965724535
-16328614.354389327
-7207355.813354352
-7426320.047593078
-8124707.797375749
-7674613.7983766645
-16403277.407992125
-16486753.99152066
-16818851.74333925
-15918202.604951564
-17792738.76595588
-16690893.724824794
-8074614.981365924
-7086237.404004719
-7618049.268181264
-7226212.201178433
-7486569.475501163
-15426122.175757729
-7980083.523026716
-17255689.049186323
-7606427.4131083395
-17349756.84336845
-8296448.0524424985
-7716521.135666223
-17721748.694796205
-7468003.987421853
-15906784.220491445
-7789527.86141187
-7690852.067598767
-7102362.915756832
-7189053.742936282
-7534243.512704161
-7465780.967471133
-7544727.930668545
-8638576.924339876
-15784151.08244466
-7810940.010496172
-7684519.030041388
-7180638.135155299
-8068627.455578708
-17578560.13691622
-7474500.951987791
-8141051.349254319
-8723077.331891559
-7929407.528262821
-14988255.577599846
-8995617.590093397
-16381780.628556963
-7152972.603723209
-8289606.746207821
-7475353.362053163
-17890011.91483238
-8819150.864225708
-8646948.390777716
-15203354.101793904
-9212916.102524156
-7859060.044198153
-7456173.742808164
-8392823.055611705
-7710330.042727071
-8105587.874043709
-7558243.856613523
-8568603.670445934
-16423532.759482827
-7951492.961147368
-9345680.187377471
-16435723.857532144
-8027646.889069683
-17006433.842646115
-8172878.48198419
-8532137.41986278
-9263122.045603305
-8798956.799171308
-17692842.801749207
-16186628.280272786
-7856192.105015731
-8607889.331167217
-18015429.077488624
-8705547.343415184
-9078550.456268797
-8888823.770273183
-17238361.80510234
-17766880.180594344
-18072225.398978338
-17795845.58723714
-7898000.505657334
-17016320.40808102
-8770490.416010838
-9053252.972496336
-9351733.33391003
-9058038.09577911
-17598356.805037912
-9216129.842189806
-8899231.95892523
-8120772.452020991
-8696127.449915027
-8632878.614233345
-8594323.276925217
-18688705.4743841
-8574027.843289495
-17472365.002068684
-8550400.548654623
-19058979.86081195
-8953018.356285565
-9168789.123520197
-9149094.272236314
-8869261.87795494
-9103615.956167452
-18943463.124318562
-8618316.934529522
-16912447.98432524
-17085469.289349373
-16092131.28275491
-9253168.04833504
-8837958.402917149
-18001274.175924417
-7921052.629115448
-18400224.88615807
-8881420.596847825
-8677668.12933106
-16859208.76541095
-8697133.632355371
-15859103.096124554
-17693547.49954835
-18434991.497081243
-7707666.662669426
-9718782.317251561
-17059616.40058745
-17537981.442781165
-9314711.593114335
-18075512.15873197
-9347047.190454775
-9013375.53826222
-8245689.6356805265
-17258051.358496405
-9945754.599126298
-16010023.918753369
-18245571.853418253
-10713815.668684736
-8835205.130225753
-19241961.68910081
-9374649.899656026
-8044865.533490344
-9628065.871453056
-8978359.627635036
-16967597.51853921
-17636308.170058433
-8170890.428914347
-18705345.288068198
-9197006.487761969
-17391525.238355525
-9930081.171402019
-8839909.36405399
-10050076.88084367
-9079350.548266724
-18928099.698828563
-9593508.953239804
-8940674.197782312
-9316328.750429008
-15801920.089493247
-8665504.954023387
-8812247.84243515
-17512930.919981048
-9867502.786740059
-9829581.099027267
-9348855.614301266
-16116988.881291747
-10130185.96151278
-9459626.41777489
-8446248.353375021
-8959063.808285521
-10322814.60364295
-9108721.163497759
-8725445.239163509
-9140656.060168356
-8832721.88681629
-9660214.08083868
-10955955.420709588
-18454791.18603106
-10153308.679525739
-19568671.78938149
-19526982.508149564
-9072541.381846912
-16741620.287344316
-9871650.504334847
-9840714.672220044
-17595684.424591765
-9998651.39891931
-9623902.72303092
-10804538.646508308
-9745579.194520837
-9766203.393321952
-8896600.286573872
-9829047.248694738
-10588036.635991557
-9352032.959231911
-16705156.542536702
-10627112.829883803
-10888221.281040512
-10097396.740212224
-10956807.463589136
-9712109.987471057
-9534349.86463093
-9538462.411476122
-9929053.242629588
-10368354.512789313
-10198794.826951535
-10166015.8784821
-18139252.64167579
-9096763.236767644
-9341015.67730487
-10602020.98765787
-9740314.536370717
-9733048.75043349
-9651738.50583683
-10616718.90046272
-10386173.255695028
-16517257.02210922
-9349848.295523394
-17772641.798679933
-10081157.818359215
-10753862.160545882
-10023738.929691365
-9598601.045377566
-11053605.880133249
-18801767.247640103
-18717493.465512723
-19936410.336409613
-10382460.895572785
-10284722.668585347
-10653673.769950239
-10957518.737924801
-17750747.43475816
-10529551.371601634
-10103754.184915524
-10705365.71631845
-19494852.15385014
-17246049.371422753
-18925168.696753774
-18039726.094715912
-10415193.46126938
-10323270.697063638
-11404060.76655179
-19165204.42480479
-10893014.947356876
-10995934.370705731
-19669656.792308047
-8989015.855069615
-10419109.33509086
-9897675.016607534
-18511273.111343414
-10254175.609733688
-19714043.368862566
-10080566.250330294
-11429423.758402498
-10795837.202331586
-10651238.88486969
-10697034.59909591
-20211753.822989717
-9681989.462625936
-10340112.81014649
-10103757.162129281
-10668176.96358111
-10117270.987302313
-19342546.144456483
-9885092.57749956
-10660153.399135564
-11176772.079136435
-10384830.961938031
-11466796.028170537
-11482662.196815087
-11281793.989533154
-9682578.654119618
-9945719.109283384
-10512314.990642615
-10212354.678781705
-11643065.279142855
-11353170.820570705
-17588378.52713438
-10300892.74941039
-10159114.304748321
-10363719.024434024
-10282700.630836153
-10554330.056133367
-19730689.16336054
-12435828.363887351
-10542984.13732715
-10349050.592823949
-9846407.851970775
-10112393.98938438
-9500020.827359486
-10699402.696535978
-11075486.93255903
-11860590.977288982
-10939155.631857999
-10793712.596216915
-12571927.024939913
-9879758.461393192
-10306903.528803138
-17877534.205314994
-10179586.97555083
-10847067.776564432
-11925008.517227413
-11109285.24483221
-11490355.595738215
-11872047.68831667
-11246602.196254231
-11041155.568224171
-11642689.61749585
-11291830.367909536
-12157774.406428812
-10262296.470598292
-12497312.692739712
-16412544.11601638
-11558136.870086811
-11935712.308358796
-11680889.912850358
-10527925.792883936
-11268203.478110539
-10743710.71323575
-11618649.589399122
-18746549.476800323
-10578916.893243581
-10637016.105890142
-11607420.963467447
-10429482.610985748
-9318039.63613212
-11205589.222670259
-17285910.918965947
-10366821.886762435
-9993023.181097018
-10484921.583627935
-11235300.546228683
-17605379.383662328
-10298963.871094232
-19291264.21533384
-10583516.142206166
-11258838.920475114
-11104505.936612006
-10645403.044324929
-20161494.560483217
-11318613.900679503
-11546487.993352525
-9857662.528605001
-11178541.6610732
-18895847.571163937
-10761766.219245298
-10590687.953210486
-11219368.267343523
-10679124.70152069
-10853247.113216046
-11025392.185521843
-16972060.224832054
-11252174.692495933
-11384873.080527902
-10719923.447650002
-11833072.896075891
-10911635.810008803
-12944135.637795433
-11758995.586893173
-10392151.73472417
-21612919.679214112
-12009731.467178563
-12068578.917360792
-10354666.677322974
-10870939.610686002
-11080695.477820119
-10391042.808034576
-10957033.960802965
-11791236.31611157
-10905210.24743687
-11144112.31786784
-10081933.080849683
-20147945.593085796
-10657315.916065963
-11388073.03456362
-20062505.24118796
-11689038.535773922
-10531961.34407306
-20764986.14190813
-11504706.732308991
-11626191.061705653
-19775157.68043238
-10503165.628704615
-11147155.4898045
-11102949.325671067
-11846325.468067048
-10446986.120495252
-20795597.97734318
-10911261.31581301
-19162511.784965206
-10303056.552220104
-11964309.139567178
-19569067.736438535
-20436161.174723126
-20904568.38292461
-9773598.000997337
-11358339.878203185
-10629025.091209535
-10817709.62537352
-18542115.31985283
-10936850.793548904
-10626752.62189715
-11613832.882948296
-22030426.489315137
-10438200.915373016
-11814634.634804811
-11609758.89490581
-10809192.51774609
-21293173.828535244
-11186604.039564284
-12117364.975690473
-10101942.676060572
-10337524.764753427
-11267661.962041335
-12374510.433096917
-12974352.079261536
-11127664.94649948
-18524025.75006637
-12123801.672486957
-11147332.71064885
-19357273.994822625
-11988776.669880154
-11885753.933092806
-11660442.482038194
-11316408.488489436
-11041357.498951988
-13088513.891007427
-11534229.736678503
-10078753.969563099
-12593436.056798559
-19911769.77072204
-11153531.478818743
-11868434.089099351
-12229906.317965819
-11350717.592559323
-20596042.64486796
-11606905.632723289
-11260823.407674488
-19905452.32024819
-11698217.14830634
-11112241.32995259
-11467997.709664354
-11128471.694852699
-12021245.809104627
-10550450.58684665
-12740740.41005831
-21154898.622207463
-11884405.967228407
-11296245.14831735
-11965101.062107906
-11436383.569348237
-11036740.064791463
-20785131.56512744
-10935641.924188305
-11889717.401501406
-20761917.990279358
-11366856.065848023
-11373841.32856514
-20603915.55731036
-10905192.342962144
-12181307.89016752
-10752303.560404465
-10875354.587057695
-12815761.16527397
-10841394.9518158
-13023419.55240726
-12491343.861228699
-10629648.993027452
-20273791.612540305
-11000115.253848819
-20946512.64855522
-13011406.87756128
-11810434.253609879
-12776505.544598157
-22068578.121150956
-18008094.37453192
-20374238.291973595
-13251628.945965497
-12714030.951157503
-12305330.902922675
-18541119.825599767
-13062487.808622204
-12824540.279561277
-11607444.60374077
-11313779.362016207
-10826217.794215942
-20404141.585441414
-13108827.994506
-18521940.500079315
-12692942.468560912
-21094185.381633643
-12409435.181806328
-12296567.16721616
-12248712.598822257
-11265908.272053046
-11585320.762653222
-12272514.152998915
-11843307.278684182
-13159845.504658835
-11805803.51498851
-12800968.769738516
-10826097.010620324
-11940451.47404679
-12945462.929084484
-11660003.039247485
-21039695.638497308
-12109839.732555844
-12923352.668864027
-11939927.053133791
-12078728.663549345
-20643921.330428027
-11528675.013380207
-12730941.485970814
-21742854.43457237
-11813676.547310993
-10946027.254763924
-18568021.259267073
-12013226.272546219
-12482266.253979115
-13053569.539984137
-11116147.650650902
-13001842.252061613
-11321362.29437216
-11642924.694377
-11582406.893936587
-12604268.580885204
-11478969.284529464
-12367943.98393159
-21355218.04980804
-12381531.647241889
-13462821.55168618
-11569175.033862365
-12544125.37937074
-11788705.006529314
-11420485.900611872
-12179911.656092616
-12571717.171728529
-12448921.067548916
-12537642.62853187
-19295071.451983966
-21276634.60229809
-20835308.475715898
-11730058.095301695
-12821375.292922586
-11811367.856353989
-11947196.294771684
-11834484.936492184
-11840925.850148281
-13698825.218379477
-12694341.61813618
-12749083.829852296
-13030614.78978735
-12782878.117772669
-21688487.855099738
-13319511.323603375
-13391583.039453276
-11722199.797476988
-19411566.885058533
-12514469.152339242
-12398507.527340997
-13432452.048587298
-21763422.82822778
-12935797.567971917
-13075309.11066837
-12113427.58614531
-12631509.407311494
-12591057.631805357
-14933306.254022434
-12269621.453785235
-13457206.82328808
-13973873.629056897
-12427945.922689177
-14197831.59892859
-13025110.09037568
-13050958.740552291
-12793110.934525732
-13385370.22056178
-13009074.401603106
-13473814.249566859
-12972225.823003877
-13501599.124541461
-11348195.731658218
-11353193.417531759
-12352612.24670492
-12416273.212971266
-11968310.477924636
-19478776.95586853
-11655607.645954266
-12063111.876917602
-11470314.09451321
-12603204.595078772
-12672672.124117387
-12877760.019401612
-19844439.234316584
-12100524.948610438
-12178238.108845413
-11387277.327173697
-11728506.525022952
-12391326.539153611
-21809209.642696477
-11740557.099828903
-18221239.651930857
-19371736.685612418
-19038916.01889706
-11825013.62013434
-11589095.7478463
-12130440.923110068
-18928986.87967941
-17535993.384111054
-19602090.278127287
-12022165.536378123
-20417514.75781104
-12846656.222166862
-21115826.233002573
-12997940.62634303
-11800682.146196654
-18585491.29151286
-18917803.879994676
-12010570.903399115
-20815576.245595
-12233558.13518386
-11365984.082082057
-20158570.573870976
-11710310.055183563
-21114783.195968576
-20382021.385760847
-20054078.16105534
-11545309.308193339
-11619135.761610074
-12580201.048148096
-10824970.381851781
-20024195.560307242
-13687832.239804724
-19957418.293124452
-12214649.32573285
-12152785.308845146
-21348355.555011027
-10815661.449854368
-23259108.320964903
-12119995.009066168
-14444053.627976272
-14186290.206921082
-17094979.79833215
-12086019.259721344
-11071893.313063307
-13334684.239812259
-12108083.022169784
-11773832.248163354
-20473118.544472322
-20684427.630204543
-12616797.744803354
-13038049.01354257
-12499232.736809514
-12841763.95954083
-20514217.612899996
-13276597.807782724
-12385173.878795428
-21923407.57573881
-12283883.063579297
-12001754.758776497
-11954787.677090848
-12025609.845867256
-11829504.50253179
-20585866.718108397
-13358253.46419261
-12120911.74401392
-20884948.062450774
-19507506.09742537
-12843069.395092882
-12508598.761904277
-22169062.41802867
-12382661.919972708
-12821462.702824146
-19066213.754083768
-20171004.511276335
-22079866.295178287
-12082664.466471145
-17964695.42342161
-21189848.31434673
-12736347.66308518
-22670848.38401501
-14149937.481642112
-13663515.522978017
-12898838.972368265
-21294206.878099024
-13055421.483078603
-18484074.734267607
-13488258.812701937
-21810356.07673976
-14626179.172075378
-12808229.564228687
-13233457.481789151
-12309557.667100918
-19165168.21683467
-13820621.53923335
-13123512.883039445
-11923198.253291786
-20953194.494151242
-13282740.593923727
-13019639.787391298
-21330932.311962493
-22683194.0849815
-11344711.347252978
-12202880.322926851
-20152361.937277168
-13693642.529917164
-14140395.331842294
-14014952.340036573
-13453188.128929231
-12314921.419262407
-13536712.756005373
-13266756.223772041
-19124547.551943347
-13425089.248029197
-18922094.22492098
-21500850.9005824
-21279887.458595015
-12951862.347803287
-22461200.459232904
-20675088.835523948
-12902182.564577354
-13050403.696893929
-12623740.552534878
-12128720.789544698
-13208031.505932149
-23512569.755268414
-12725304.945033623
-13609748.71183803
-21166792.516303286
-13039876.10080211
-13409468.573639961
-12698609.294269944
-12564978.579306204
-14737530.113990452
-13008082.306530092
-23522834.838377513
-20414271.678236224
-12385149.46660881
-13709027.727818187
-14010925.752436753
-14015248.486189907
-13508672.257788885
-20899713.53034877
-12651437.950473882
-19288662.088155992
-12448424.212561717
-21137462.850169934
-12826904.837694673
-12248108.305403862
-13794288.453129357
-13075287.288820894
-12272946.419767786
-21552375.639255308
-13450453.683055405
-12813310.48592723
-21063986.871701896
-12974720.035890283
-12903231.203820929
-12770502.810948977
-13069108.618109908
-13149332.656495936
-14848764.582126634
-13678902.702633677
-21999553.060694948
-22366558.01161556
-12456019.674625127
-22910378.632120594
-12548038.765869675
-21147652.177582648
-13007819.985810531
-14427527.326022988
-13178427.660913682
-20959594.872985527
-19700864.000655584
-24151415.97777889
-18455937.677282777
-22092972.044537857
-19203526.814410217
-13593334.5997735
-14036964.903298346
-20639367.30371946
-13461061.287001306
-23481268.59600663
-13044226.550973628
-14469729.524312982
-19397142.76635323
-22016258.766478285
-14565238.371834898
-13673699.758072993
-13308843.287732838
-19567303.424020328
-21749226.678584933
-13631883.13480853
-13485334.949724123
-21249355.97921571
-13727698.282092476
-12459960.858894583
-20367818.802510135
-23530221.840395637
-19995589.078835562
-13465943.020018509
-13466707.74640131
-19640535.36293751
-12814419.924871814
-13045193.011866258
-12821391.852673586
-23431662.739721864
-12907372.244160537
-12522095.650333125
-19663502.858065978
-14516736.155898588
-13838339.920040388
-14307836.571235454
-15075301.225068236
-22353340.574565012
-21302141.82441908
-14262246.326381182
-15621297.095813256
-20867462.92947922
-13379345.016448006
-13769428.995913887
-20123805.095042862
-13627699.848007731
-14848638.847711414
-22498845.537818156
-15254406.551681032
-13660710.567872316
-22287234.49605023
-13215876.367644439
-13755651.367384024
-14767402.418958202
-12938794.95517582
-24087760.210220095
-23247374.62344922
-20658308.888549533
-20732195.040233873
-12273714.653958192
-12812513.533170875
-20142103.436893076
-15537570.091518613
-15320873.942656582
-13565250.070615584
-23877397.787854247
-15267895.623007057
-21576116.702007785
-18958341.960329503
-13596392.252271209
-14601827.03334487
-14140133.853412097
-22536218.73178664
-22160037.778801467
-14794695.118556248
-14498256.830685724
-13493243.586285194
-22499771.324395165
-22354207.242514618
-13361929.668833887
-22224289.34231704
-20361492.006772332
-23555402.140234433
-14279384.264931789
-13735350.027878048
-23275567.551338643
-14065738.352474378
-19845488.09020117
-14932961.564797014
-13143811.717404746
-25115330.60405781
-13706200.675016904
-14816526.334452016
-14040871.563688118
-13809627.525218612
-21853936.220836014
-23747722.68859885
-14700614.227357939
-24471843.55265211
-13126706.10937627
-20543228.573133525
-13704225.68916414
-14186214.100851906
-22453257.287365027
-14593167.358195972
-21448794.101973083
-13671240.65077901
-21945499.52973736
-14089523.086042056
-13463777.894405888
-14577470.330942888
-14262328.173913134
-13787245.646861715
-13808017.4363094
-14923928.420481855
-14769964.171204364
-21687226.61975178
-13840659.530574236
-13447383.80174612
-13373035.764835812
-13840424.980265591
-14345556.167300353
-13791010.498762684
-14353192.825437186
-21892427.801896103
-17004113.480267983
-13827853.305046266
-13756587.532517353
-15040658.500009393
-13456697.610102504
-23375275.290329356
-21065639.50087945
-14594122.589195127
-24604698.900993448
-23561790.585589003
-13656135.00682033
-14071567.35281328
-14644545.045689438
-19904637.018154547
-14973347.673129134
-14671862.535933046
-20726860.179296467
-22829390.52852939
-14857059.999554768
-13324288.615075711
-15085891.170766624
-14873873.91351107
-15698074.162379324
-14808044.492047442
-14817960.627373338
-13527519.643715959
-14102538.346421948
-23532893.056531906
-16562219.255738584
-14377842.200642178
-15286191.25891623
-14639876.80750259
-14561142.964169255
-14492639.78941209
-19527910.386861518
-22949807.793850973
-24332148.07099703
-23536698.334476463
-15815771.453915449
-16248388.273273481
-15614654.124200849
-15540736.238671383
-20310607.053746924
-14165104.634595454
-22372210.86352577
-14335200.098431678
-13365402.441052333
-20339308.448707506
-16588203.190761857
-15286021.880809613
-14962572.197117215
-16694693.629055347
-15718952.535762213
-21930547.805089686
-23916653.187376764
-15235654.640963372
-14673397.20884459
-13772056.18383189
-24434232.371185042
-15092961.511181543
-15771247.479370661
-14125060.051307801
-15202250.047893718
-15293849.523509877
-15301835.31573028
-20920716.215700552
-14648296.84526387
-16650883.228884645
-14741749.881298143
-24510509.44806972
-22605609.982166767
-17019375.716349415
-15852781.76673384
-14295969.764031192
-16124890.690448562
-19982630.033941273
-14480268.315927226
-15559226.618940098
-15164038.160889652
-15165497.758471204
-16181572.956858475
-15024805.828008844
-16431886.802943941
-15707278.322467443
-24457723.600196056
-13708611.839831412
-14891013.192725083
-23807879.727609243
-23477591.33314722
-15826518.370226411
-22397572.0129839
-14667236.590199316
-16104908.317401875
-16535557.360612547
-15198146.878619462
-16045677.565265587
-15381451.87747573
-15730561.356352618
-15911954.402899355
-20864804.285859022
-14237369.460018365
-14914342.577269873
-24843402.928944066
-16365419.03580478
-15360108.825619074
-16800320.787834574
-21396634.48693791
-14364860.594358083
-16224469.348396586
-13952968.123709844
-15308279.601756196
-18711381.23985382
-21768891.403232202
-21188442.766917825
-15513922.492905406
-23911781.267061356
-22819088.209961507
-16221622.360948289
-14529722.707757046
-26157748.71870455
-22084275.923663884
-20045346.230058905
-24646130.792401183
-15079783.409931349
-14136992.559348805
-16799318.31774418
-15692294.685093557
-14095773.628101116
-15719035.807141582
-15304283.961403783
-15831626.655342152
-16276598.35712578
-16195662.929012856
-22772881.457118787
-15170057.169265704
-18405673.20167799
-16653975.970287435
-14860412.708378257
-14265423.309331091
-16162263.315201594
-21100462.055448465
-15412281.144219471
-15337505.720347319
-16122240.934702145
-21818102.146347586
-24419115.679167002
-15549333.054901201
-15298524.338102415
-16690389.79179924
-17123226.7177882
-23417142.134903543
-15250686.908261923
-17252048.83841407
-16387364.729281964
-15784468.758410167
-23103238.89962558
-21979232.226473235
-15373873.888185566
-15286533.477781719
-16078427.293501144
-14611273.308252212
-14347907.11700346
-16105128.249571119
-15766357.567564754
-16467223.947606014
-22728913.536463562
-21867392.906076644
-15355398.529987663
-14937277.12891357
-15360022.474498926
-16713950.44745706
-16715812.14451213
-24536930.066663697
-14271333.769814009
-16473990.779831585
-16664119.06564816
-16412519.232742969
-22726006.10293605
-20275751.45582109
-23529205.849321947
-16624569.239368303
-24254064.892870884
-18492188.105337504
-16473724.502157746
-20129967.7682357
-14536708.188871251
-15330030.610130187
-16949678.767704744
-17579704.717060197
-18480487.93227916
-19639636.05232253
-23098304.289752346
-26015899.237587795
-16627640.284944478
-16470204.162378624
-16929213.123296082
-17287832.70365363
-22860363.959082074
-23846792.10362716
-14920235.317774436
-25902544.79602945
-15651265.42212939
-16887460.582378417
-25927994.567588694
-16012293.594218884
-16042082.581310552
-16592454.619041793
-23736408.262732226
-15899432.663490422
-25192806.72553962
-17348854.893725764
-15472675.793561306
-16828459.916659176
-25232080.78637621
-16223827.45864997
-17584031.33541765
-14618474.890651792
-16524417.134497624
-17876612.226910155
-16269257.873121746
-21962609.910642486
-15929120.354142003
-15396470.93241665
-16404602.243851447
-15148824.94591157
-25142986.386974093
-17149707.95527353
-16068784.93801328
-18609042.035333052
-17094333.50134196
-17468191.045563474
-16926499.359480835
-25765278.91754837
-15505203.777821777
-15775060.069301123
-16330262.688652236
-15425322.67924686
-16623039.229062764
-27164331.427834988
-25917893.326656062
-17465100.67427062
-14383973.97154873
-25121704.161024436
-16133051.112225054
-17237878.042314924
-16232465.36542239
-16798765.454454016
-18813295.818606704
-16900480.657316327
-17645375.989905562
-23079373.577679746
-15274533.304988302
-23905484.3524755
-16118004.981088586
-16492536.233627034
-16961695.14299929
-16853074.083134767
-21377513.446152635
-16982103.19659982
-17632619.768481463
-17716867.55375765
-15815484.198958775
-24808529.674011216
-14908487.980016245
-17030125.98052346
-24837428.933690637
-17052781.911882855
-16690517.857651245
-17529306.672811355
-17451296.92666114
-17458165.25780466
-16081893.759200357
-16268877.747484233
-16173541.02128475
-16933737.822180558
-16483064.628900906
-26118770.575303204
-16305718.073553702
-21764876.566882417
-26773144.101158522
-17065077.611857988
-17245211.50755644
-17067989.18062769
-17083870.056494284
-17279360.632082
-16358189.095065963
-26735025.192544326
-17296444.777686868
-16007427.553414531
-15178977.134721516
-16395866.766585795
-15837647.246385656
-17436785.03461464
-16883291.00782592
-17920604.723528206
-26524476.06408058
-17007947.975264013
-15987097.897380393
-16743354.408884898
-17029069.735342573
-16467308.007783378
-27501045.11422559
-17037979.884758975
-19786863.84619956
-16414443.701029118
-21354974.743473947
-16983876.416508093
-16988898.198862605
-19271823.29861894
-17970606.732732434
-18912678.124220353
-17522180.716600753
-18186477.48451219
-18668077.90267727
-15940807.189393386
-19720149.669051126
-16325965.935849719
-16707951.910682676
-16717337.705123695
-17108252.700711723
-17586801.713096637
-18537672.162306298
-17977585.616150744
-17423837.432685144
-27620800.525582813
-24029925.651129615
-22986447.364342947
-15372402.941796927
-23096644.231777348
-22910207.419898428
-19079283.68287046
-17283694.67848851
-17681184.874483485
-17966249.031803932
-16736827.556753892
-17601524.473827537
-19701713.779468212
-23514683.731796812
-25233925.458949976
-17343118.129313182
-16876822.075248633
-18031293.272958897
-16990899.580755286
-25951315.32065092
-27103137.88992792
-18350051.971637364
-25494415.53672671
-16168395.810539791
-17801862.337504677
-16665840.854666432
-15523438.71747942
-20636778.464562923
-16868060.671804268
-16972506.223241203
-25631746.238654472
-18037561.705985487
-18727379.32146866
-17204063.459142942
-18166777.373341985
-27313767.59315726
-22702342.08476032
-17799221.53845453
-17521868.182568524
-18492639.886783343
-18313123.59408152
-25618997.203911018
-23501258.688408956
-18232468.787684742
-17573788.43620754
-18449626.539469432
-15942035.094964758
-18366188.55752865
-17018843.337863825
-17211686.84549783
-17319846.526569933
-17913969.2890184
-24819743.937778383
-16758998.805790434
-17733627.292497348
-26092610.66757127
-16580945.61913953
-15134345.935451338
-28921781.170176983
-27471110.922657587
-18928868.042396832
-18849553.987045363
-17489889.723601364
-17204663.335011706
-16539449.29105262
-18202517.446401212
-27046054.86212437
-17445662.32215543
-16569300.296931108
-16283858.314226942
-18828113.032010723
-19523776.776222803
-17861504.244230896
-17581296.922432613
-18861445.127204143
-16717269.451704077
-28480057.11364542
-17603711.708145227
-17816373.591744624
-23018241.188015327
-16350281.308230517
-17925846.20400416
-18029629.667185973
-18224738.609361917
-17658979.631548107
-17762534.415582713
-16687613.02972834
-22370276.24175965
-17770904.148243986
-26998734.46724786
-15924364.786917899
-17603210.206439298
-19075338.476477977
-18795060.906471692
-16630368.22576293
-17827302.494486663
-17232227.940360088
-16158816.441454584
-17349407.779990524
-18245889.64161684
-22530136.87771803
-27374490.96786136
-19841164.930262074
-19172267.318578657
-16508770.544206355
-17006224.01696971
-26722402.169106677
-18012883.49251056
-18115506.685464874
-17330611.067331087
-23363788.942701638
-18135475.07316527
-16942264.130190805
-18641752.874427076
-19044272.022654627
-24074809.700740494
-19162596.088909775
-18968057.00307061
-19175291.235033985
-16994533.38269999
-16890371.12865138
-19400111.706580263
-17316553.289420817
-17622118.089359313
-22942145.883148707
-17934868.96436468
-26451682.924890883
-17655769.955935955
-17357085.34255581
-26563777.536665328
-19479727.30676682
-26386660.757040516
-17295461.50021908
-18607853.631464053
-18716006.251457706
-21124615.514476568
-19129015.72933594
-26829344.54839972
-27238380.575446583
-19357416.417921796
-18357875.35175457
-18169191.23239894
-17468889.621077638
-17681232.208218627
-17886101.82435621
-18893214.623905025
-25687485.5390051
-25686351.86033372
-24188704.71130687
-17920236.47453073
-18027426.497788846
-17627878.076805986
-17941528.423198618
-19262120.711148355
-17552434.47231303
-17166012.101938535
-17987314.282001857
-18999704.007613122
-17598397.555925433
-18720787.916434575
-16992999.208117887
-20833808.940410238
-26315986.78482645
-18247002.749257606
-18353142.54778194
-18055208.704667047
-19983012.57631579
-18977015.121226925
-19395645.944508277
-24113958.642190196
-24920933.304500405
-19307219.96742932
-18710687.061180618
-17390520.829109076
-17706802.22727681
-18727516.510610484
-18029673.683670796
-19051293.46752709
-17224711.067926567
-19369273.3553525
-19277741.070248976
-17239272.988158595
-18279700.338127546
-18785884.463873655
-19318352.411485735
-28198433.882521182
-18416933.363477755
-22177545.603719473
-26275149.243174314
-18230053.92499879
-17823610.436723236
-24347887.712801456
-21791493.060639724
-18046700.28042231
-24459033.69572986
-17761399.96753157
-17761663.788800158
-27361554.794423595
-26343907.61218329
-17888588.497103985
-18518997.650948416
-18416312.62060852
-18020147.882059023
-19167374.36991001
-17725939.19644752
-26705791.523576602
-17437483.39830261
-17648658.105972487
-17650652.03180402
-17979361.55513137
-27887347.414854337
-18206720.05753395
-26343795.794829622
-18213183.119149618
-24601825.504321944
-17817064.751145672
-24186304.712749828
-17505480.66397996
-18867523.347311873
-18357517.564672247
-18363555.16015971
-20226088.8358171
-16401371.601148324
-25167931.42671398
-18807235.993739918
-17867119.92873819
-18611108.763989586
-26945513.683005035
-26653572.404005118
-27905272.249873057
-18220872.26168792
-17818966.81563845
-24379719.253137905
-26998838.210895166
-18566003.794662435
-18148678.499880392
-18994500.215859096
-17857177.486807384
-19326907.468690068
-24529793.892276697
-21291081.552178636
-26939832.669513527
-19669809.223001976
-28736905.659464907
-26332341.32238198
-17798357.12201916
-17382685.091150906
-25196981.26587908
-29503959.212904774
-18675778.744117673
-23749193.253148075
-27117681.6651062
-19850563.47651535
-17447741.826777928
-22828689.69705622
-19353827.07336946
-20001197.39392752
-26000837.289498314
-18853733.683557004
-26859978.428841896
-27604685.937503114
-24759275.477075726
-23390034.245787773
-17409561.506554052
-19101829.358684365
-17836105.641252767
-18893628.987733703
-23944628.701464083
-18908689.594574876
-16890354.124214422
-17015291.536690097
-19989115.946288843
-19469649.992263265
-19051641.88103107
-19801802.78012551
-19380905.19005568
-20551741.543788787
-18763180.931965817
-18665560.58659349
-18564375.13895848
-17932216.12967652
-18994579.288290158
-19109400.956035297
-26684012.63004087
-19026329.165698327
-25843254.480486583
-17761250.916341018
-21068629.52857994
-24478709.28923042
-25228953.035771843
-26939865.33922226
-17263386.926951885
-27492178.48991897
-25473756.209107406
-17612691.57826092
-21953563.21784626
-27622310.77718753
-22921604.499370243
-26668069.259397328
-21970907.902432553
-25613088.983027473
-25508928.06309556
-26585217.995221984
-24556230.56395162
-22630800.069661114
-19530732.73154948
-19494903.815110084
-18218305.93475684
-28009873.000659347
-25335908.09383276
