-505.60311508270235
-525.4493504305331
-586.020573813575
-537.9418341216315
-636.9493779189203
-573.452195902735
-523.8203893853666
-586.9839859340299
-512.0800430130746
-489.50795936627026
-569.404589460787
-621.652535720762
-526.0963088769454
-581.8252855795522
-547.6206922670054
-519.8573436399947
-506.2735710247018
-640.4289740734891
-508.52946609965585
-535.7065496851716
-469.60630762077386
-549.4025037988982
-653.6726827349905
-572.806124297493
-617.025823635557
-569.5102600043806
-604.8532814840503
-648.3795848176861
-513.7494022823919
