Episode: 464
5502007.6365615055,0.2000873662230611,4.996971705289342,20.0914922635399,19.970021248858664,30.842543502074538
5503805.409504551,0.2001173772618706,4.998002551655715,20.130479008398094,19.99129478496736,50.450178666143564
5505490.006068572,0.20011106577801904,4.998410012966652,20.15817041913348,20.017670816656178,68.39434762814135
5507157.737260556,0.20008545969773553,4.998079310929781,20.175930025862712,20.04833287273206,84.59247716971565
5508841.328286011,0.20004505424396668,4.996818076657674,20.185642638948536,20.083474701893813,99.18299688581763
5510344.671899898,0.19999472419060743,4.994552264116235,20.187680269647277,20.118987852225676,112.40607285907758
5512055.92131176,0.19992446617042764,4.991734820445189,20.199624515814808,20.14728157853509,124.50614394447923
5513751.016040921,0.19983584780160635,4.989968987997618,20.22535451919567,20.158755677336053,135.7258076265046
5515239.60473175,0.19974129023901888,4.99067505690519,20.25792528411623,20.15597992930434,146.27786431594325
5516822.98980917,0.19962143933568774,4.991363992660755,20.286404641131597,20.15479196766952,156.33834540155743
5517988.743198987,0.19952319415190203,4.992935968327816,-339.69666624972984,20.15525660307231,166.07312322479194
5519554.31338173,0.1993741990743314,4.996058048080736,-339.68900577142,20.162319454329833,175.6177213398035
5520867.489950759,0.19924182911116792,4.998832944305725,20.305855409596926,20.174321171856988,-174.88919141208106
5522296.417946454,0.19909634527382536,5.002921146265181,20.276177233366464,20.201566138671797,-165.31569238404745
5523903.966902802,0.19900126279304842,5.006051575292517,20.201769178904918,20.231439839161467,-155.49513005383017
5525789.434163658,0.19893415228276554,5.008551986580871,20.112505188310493,20.265184997695535,-145.31473166587975
5527698.15982214,0.19892772102769238,5.010852757240954,20.007488591944373,20.310800451725413,-134.6214127691554
5529773.970622117,0.19895993867616998,5.0122617872797575,19.901561553828994,20.357355109451007,-123.23643020701874
5532067.73483699,0.19905460286606394,5.012774597208177,19.797696652696843,20.402443884473232,-110.95026968286483
5534690.430214316,0.19919235180416006,5.012535712242863,19.7122918560835,20.432009207984056,-97.52799745485984
5537397.974909596,0.1994102303642545,5.0114451556232185,19.637495913793224,20.467639066054165,-82.73164168899756
5540317.396212466,0.1996842772529091,5.009698151999025,19.58975329746195,20.496353454340756,-66.33767353315932
5543661.726719722,0.2000089354857022,5.007328392505976,19.574029520801034,20.51741431720178,-48.22992570856214
5546303.681433473,0.20029635173031105,5.004400110088297,19.612782267321357,20.528763152055127,-28.543211729752883
5548891.559868032,0.20053423584607086,5.000575132141428,19.694012047808716,20.527402904128493,-7.731422817301689
5550514.491567325,0.20063130250994263,4.996355380998249,19.813391180681016,20.506951503223675,13.405018065109777
5552179.510165505,0.2006892902811826,4.997850279699149,19.856424324913366,20.523135161145635,33.9960728915647
5553725.489269992,0.20069814118591586,4.9988143676812085,19.89111877131712,20.54552498620386,53.26915697579132
5555374.784545111,0.2006880281467419,4.999137475032551,19.915499672989984,20.573129501386017,70.85848754480203
5557088.863934688,0.20066382028294738,4.9986802472559715,19.93068147112283,20.605916957521163,86.72449070861637
5558842.468532406,0.20062491667071236,4.997280130017739,19.94021200601955,20.641815060478194,101.0252364228246
5560545.400096586,0.2005680009416904,4.995122137909416,19.949959149684496,20.673872691428382,114.00133084369847
5562151.57752059,0.20049364573398143,4.992502786961279,19.961761535437702,20.699032878864088,125.904020322991
5563475.628416879,0.20041927852214267,4.99178406630455,19.98548859533218,20.703476144174974,136.96728619801854
5564816.406828703,0.2003285153752285,4.992874284411933,20.014984589730982,20.699436677223098,147.3869148910366
5566465.928665511,0.20020201850304567,4.99484757501706,20.045654063429208,20.696406301107388,157.3333675931622
5567991.257987605,0.20005999515223633,4.997359421462608,-339.94052824975694,20.697515388855162,166.9755498696967
5569453.664791942,0.19992080133508064,5.000124709534789,-339.93355655284967,20.704120372151724,176.44112544102012
5570853.184531093,0.1997797892579843,5.003024036391148,20.05983137374214,20.717012440092777,-174.13349725077222
5572389.645776598,0.19962396910499813,5.006413344182432,20.033667673851344,20.740018302680337,-164.6180122276666
5574112.502305627,0.19952125464196357,5.010256529359358,19.950739686071092,20.777228214320598,-154.84732996506537
5575878.955755832,0.1994606401958028,5.012766507724584,19.86488087341077,20.811525181971316,-144.7161114290285
5577711.930659177,0.19945220400411498,5.015011862735203,19.76415496077273,20.856602616283173,-134.06758292690458
5579975.341174116,0.1994873325291918,5.016402394785685,19.65366841848615,20.903274068473436,-122.71664285770899
5582195.172729703,0.19958438013944335,5.016859985232449,19.555855988442023,20.944901722214762,-110.47098779499694
5584893.582050825,0.19973111906404972,5.016510580135515,19.458146975707507,20.986264771115593,-97.08806891849036
5587878.735883394,0.19995096132511586,5.015555361868895,19.382513699017895,21.017166812906932,-82.3313542225384
5591096.813597806,0.20023253738781477,5.013839879285377,19.330138773492425,21.045205795911407,-65.98682182081242
5594242.819428178,0.20054653034393055,5.01142747158213,19.317736289259948,21.06657170205619,-47.95183492396164
5597465.282395331,0.2008616929609717,5.008544079664021,19.348211902754482,21.077743122615452,-28.34309448825761
5600316.315693265,0.20111442092076812,5.004660991931799,19.427010564780065,21.076473960807235,-7.630594338400316
5602472.932362787,0.20124710670768317,5.000432823121726,19.53789789745186,21.05624049150089,13.405686012691719
5604289.722435009,0.20131432365555973,5.000829191501156,19.59365491542448,21.060347518671456,33.892173308699455
5605907.907797812,0.2013312418901518,5.001784387324472,19.62753239608104,21.08211610424296,53.07577871651049
5607550.975175293,0.2013223750772564,5.0021358692248565,19.650673164904852,21.110219405637356,70.59029645763076
5609236.513501922,0.20130154106222342,5.0017033371389195,19.66399489943355,21.143356609676008,86.39544693783724
5610757.371251589,0.20126721925234614,5.000625453057729,19.674889579672403,21.17176030430252,100.64915052972131
5612514.0113121215,0.20121809507636573,4.998361908817271,19.68309397413417,21.206194774452143,113.57669143617952
5614192.919197302,0.20115348902714375,4.9962326275831055,19.701047264504457,21.227144222289304,125.43203517468697
5615862.780385761,0.20106995103067984,4.995447631695873,19.732433951761035,21.232151967463672,136.44161640358536
5617484.764744544,0.2009690928809462,4.996580688608054,19.769104650230855,21.227755852573427,146.80691863081609
5619026.377987267,0.20085508730090731,4.998469271290927,19.799138897086152,21.224528152017847,156.70273339839537
5620641.326763028,0.20070998021545458,5.000875587266755,-340.18316176120356,21.22515260181373,166.28431889184057
5622245.60164959,0.20055872600239802,5.0028520994318075,-340.1722149057586,21.22946932791358,175.68351353733053
5623821.917529395,0.20040110017429838,5.0059092826408405,19.821260660421274,21.242335514330687,-174.9654073322081
5625385.258526824,0.20024430573908522,5.009557216903876,19.793756814338057,21.266000236278025,-165.53557356113606
5626968.800118692,0.2001531338107354,5.013075809975923,19.716560203125493,21.29861978084767,-155.86768660678294
5628679.175159918,0.2001052503925736,5.0163103295960205,19.620429645824853,21.340792226118847,-145.8549071611913
5630536.095871419,0.20008662675530184,5.018507062503784,19.523645755561393,21.38237820702486,-135.35170938560677
5632815.87154888,0.20011153512962046,5.019918502385413,19.41636515164963,21.42570012200271,-124.1753851336912
5635271.654336516,0.2001875687152058,5.020548281409916,19.30855303725348,21.471358782816253,-112.13506177373446
5637596.849760087,0.20033845543309664,5.0203233333341855,19.217882270267378,21.513562247560134,-99.0146190403057
5640367.462363167,0.20054787424506088,5.019329598154853,19.138852591698225,21.55034434480803,-84.56212486054262
5643014.666943414,0.20079768654732644,5.017809275801,19.093156098518858,21.577801920465443,-68.56799826754508
5646331.29125265,0.20111325784137477,5.015602156621857,19.07207084809843,21.599556956286133,-50.88971068855222
5649601.029028203,0.2014333144643149,5.012944142121465,19.09574608019936,21.61188777135624,-31.614197735359475
5652403.824659951,0.20169039084108087,5.009172832967358,19.165965511631562,21.613413393455726,-11.143006272883438
5654643.373988681,0.20184100106331973,5.005411330969888,19.27363168457379,21.59867948237721,9.790825478517444
5656560.726149365,0.20192327525730722,5.00502918183909,19.3359619560338,21.5948715206283,30.334159997297522
5658152.556600684,0.2019465974558635,5.006008928406728,19.37144758709035,21.613955673143074,49.68817774646075
5659895.3181360625,0.20195009534812888,5.006502165746548,19.39630985490941,21.641253799449185,67.42375478687242
5661207.591411846,0.2019183983459023,5.0062416638833644,19.403743197185083,21.673985449326555,83.46016725415211
5662702.105594158,0.20188599891056208,5.005186813570347,19.41028435757215,21.706464963644727,97.91391115219047
5664258.191015387,0.20183919751525384,5.003294956196577,19.416419960698526,21.738466899816675,111.00902341751696
5665823.045651609,0.20177700557757847,5.000519396763482,19.42260674915491,21.768562311956707,122.99125165845099
5667254.481754679,0.20171017430791285,4.998603481865098,19.440515214847473,21.782219434645796,134.0928748334532
5668758.5332900435,0.20162243141366482,4.999235804012889,19.474023474424808,21.779380575564144,144.5127638256649
5670438.973546125,0.20150264339456464,4.9995690888367195,19.504756086491785,21.778616405693278,154.4268199797704
5671713.786931394,0.20140048095135812,5.001825186256143,-340.47455658220116,21.77803984323327,163.9979321534701
5673157.26556058,0.20126678035840262,5.00373977614595,-340.46328879745033,21.781199149964298,173.35952688542346
5674348.272968452,0.20114985414173736,5.007491419251073,19.532589553311063,21.794771026654093,-177.36149879785523
5675623.673338477,0.20101958235752918,5.009937685734038,19.52063909219946,21.808916015142742,-168.0395395013102
5677085.433244823,0.20092264038799934,5.013583461622648,19.452881349107738,21.83941695302777,-158.51724945296598
5678619.4887992535,0.2008715778722456,5.016754813943804,19.367045424889955,21.876643246859782,-148.69003001208745
5680592.731886925,0.20083983068157404,5.019421698147066,19.263688023131973,21.921295892662737,-138.41278272301534
5682135.964983083,0.20087086477195817,5.0212410626961566,19.170031704799122,21.96825875839648,-127.54192813416297
5684045.484179812,0.20095536254020496,5.022161173966978,19.072040507712654,22.014756166201238,-115.87029365665084
5686442.3990537245,0.20107695690471544,5.022205089651705,18.977102592784906,22.05598911813537,-103.1827318807962
5688849.411823943,0.2012486497572191,5.021453328844323,18.89756252754373,22.0947482808258,-89.2554606865279
5691741.550493186,0.20149570614592696,5.0200027172177135,18.835640397730433,22.12715771888644,-73.85088102116993
5695075.8608905,0.2018019965212319,5.017948774095144,18.80112484785388,22.152041117779756,-56.80197273883716
5698209.502261406,0.202116845528123,5.015585889583813,18.813229740010172,22.1667880152769,-38.11338148750401
5700844.341477307,0.20237978234183024,5.012075603078307,18.870896846081816,22.173207046959416,-18.065671700426314
5703098.577685593,0.2025565504478944,5.008925904719493,18.966269857798878,22.16578963597078,2.7183373860718794
5705009.907867245,0.20265409969452594,5.007068867641767,19.035652118372855,22.152185297775638,23.416474561740372
5706471.98479568,0.2026825306162535,5.0084441031417315,19.068684196318944,22.172616345326933,43.159027525436265
5708233.183132222,0.20269676428420422,5.009176104943949,19.096487296333002,22.19790279491746,61.39589272829858
5709956.892533589,0.20268398951930397,5.0092161038837935,19.114977803855684,22.22861868143338,77.93643821257423
5711739.5754763335,0.20266190988457877,5.008417526425477,19.1262970556633,22.263116127201606,92.84631362513524
5713421.592554225,0.20261882163370443,5.006624629295577,19.130865611063143,22.30020352635813,106.32540695228818
5715234.883282609,0.20256332043507555,5.004418846818668,19.14516197586451,22.32845471204137,118.6092511029491
5716654.336613264,0.20250444686090463,5.002972360889277,19.164777855701736,22.340658857502934,129.94388581480536
5718015.705236392,0.20243348228417696,5.003786941179829,19.198017208502684,22.33617079855902,140.5318543194664
5719583.66269145,0.20233045164277672,5.004663448534509,19.23035954833215,22.333420145867453,150.55245346706985
5720783.022414198,0.20224035031909793,5.005511166355355,19.25163762290215,22.33249119228347,160.174952877441
5722069.239917116,0.20212789170304357,5.008060180945385,-340.7341152379446,22.3345889756116,169.53500166689784
5723500.980395507,0.20198793905653728,5.009982536124683,-340.73298513513197,22.339830402372247,178.76733609332646
5724816.517306216,0.2018554593535732,5.011608423451427,19.26447307691332,22.347577591230667,-172.01456996640601
5726213.256721249,0.20171305353086452,5.0144541927696045,19.24215916021735,22.36781798478995,-162.68315616474004
5727958.852227515,0.20162314725787614,5.017691330641106,19.161099764529087,22.40030562716498,-153.07287618352453
5729699.696738329,0.20156819534441003,5.02039288587152,19.073982151318912,22.438379395202425,-143.09259816680375
5731705.017907286,0.20156070818015848,5.022546549754018,18.971259363917827,22.482921742567772,-132.57990457209792
5733516.130274216,0.20160965278168097,5.023810769700114,18.876755004459774,22.52686613537229,-121.37565494470397
5735625.66307519,0.20171582346060976,5.0242765819094934,18.779996580040073,22.572402356269215,-109.26937955346473
5737805.857378773,0.20186893611868145,5.023968701513719,18.704120960060482,22.606602091852075,-96.04383658748914
5740718.973772397,0.20207716122669253,5.022866604474539,18.62701021023373,22.64177987319141,-81.4498162364834
5743654.990530508,0.20234646087301186,5.021198659715701,18.582659328733047,22.668975199427184,-65.3000179181881
5746796.814456601,0.20264181667638947,5.0187788832286495,18.56630188630069,22.690523925163195,-47.48588787199988
5750137.6336153075,0.20295806561233884,5.01566521325031,18.593902737541654,22.702888471127952,-28.139866068100805
5752229.314463306,0.20315896708254422,5.012436992060696,18.674899612862713,22.702235607327324,-7.723406239196837
5753987.636418134,0.20326432266437186,5.008722802619851,18.78247921710804,22.685312500153735,13.016835244113523
5755808.982034614,0.2033337251492507,5.010139424337365,18.82490212536703,22.699774626457348,33.23724566100128
5757523.499894163,0.20335248533747952,5.011092171605359,18.862587628366537,22.720066972540955,52.19372620417644
5759214.582562661,0.20335382064213617,5.011524611929048,18.88337658566343,22.748381262725765,69.53011166495669
5760933.093450621,0.20333131112608338,5.011186329460294,18.897042948560884,22.781834425412892,85.18847883862081
5762744.511684459,0.2033044178272901,5.009924597205558,18.905027500401093,22.818611358017254,99.31211685685352
5764464.30411759,0.20326233357966797,5.007669247497678,18.908847230946527,22.85570334577133,112.1271665890892
5765923.818946283,0.20321167565598422,5.0054714803744975,18.918856995231817,22.879095107120236,123.8756445188395
5767320.662706276,0.20314265515639549,5.004600510208244,18.94262218274498,22.885208434977933,134.77491187559045
5769002.449169362,0.20304508815509914,5.004565033815588,18.976275353822885,22.885337194721057,145.01260787964011
5770271.829053432,0.20295985124618907,5.005784948393912,19.00270564439582,22.882581402705924,154.7718378596985
5771255.155360093,0.20288429651376932,5.007063633864986,-340.9802724701101,22.882188303696203,164.1973316744098
5772461.411934137,0.2027737447225779,5.009924607473417,-340.97247549981216,22.886691181244405,173.41896638580863
5773585.783468239,0.20266430652999864,5.012054121577765,19.029770398713946,22.894139381362407,-177.44191101344973
5774707.367937937,0.2025492850579555,5.014229311773976,19.021451725238247,22.906350819944,-168.26308997571857
5776233.604059447,0.20244915438554045,5.01727668579138,18.957717067132144,22.931090235552865,-158.8868121736324
5777906.775080426,0.20237998611295396,5.020692411429267,18.871142439697902,22.969860168734723,-149.21919222878557
5779569.578718139,0.20234592020513803,5.022971132425015,18.787025044370996,23.006443945333338,-139.12869581650932
5781586.466857161,0.2023541031011839,5.024892470036556,18.683579628696403,23.05314376055849,-128.4465721192846
5783427.426330805,0.20242867915132348,5.025818950751108,18.592619367107105,23.094826826756563,-117.00661121252844
5785862.840275211,0.20254348660153654,5.025985429937911,18.493223576784665,23.139524853916274,-104.58637734671161
5788625.334055515,0.20271635067453656,5.025404952396459,18.408157404087337,23.175433620724018,-90.9650608412332
5791208.042823782,0.2029442264719089,5.02444371446526,18.35822468993778,23.199293987237255,-75.92686426725946
5793648.397531098,0.20320174221503454,5.022583586275537,18.333563297921305,23.224109367303015,-59.290454340770815
5796480.878621401,0.20348631954360363,5.020663567690518,18.340819791426622,23.23770459309411,-41.00813107508078
5799161.020298103,0.2037503591910544,5.017270669554583,18.386579227636886,23.24642150766441,-21.316793862114384
5800901.112742107,0.20390375970402622,5.013210497906803,18.47798599055804,23.240201343055233,-0.7840090136558182
5802055.273302449,0.20394434628486793,5.009894328090902,18.58794903314717,23.219711367497492,19.77905449822902
5803544.124147996,0.20398040766490205,5.0109727223731095,18.627786866048506,23.233495894498006,39.56328138609253
5805299.615942588,0.2039944042423511,5.011738679771748,18.661633517463287,23.254817524051663,57.933279256521
5807012.880098097,0.20398361697602022,5.011869279994468,18.692586440160937,23.27346063718991,74.64547199600639
5808799.366545683,0.20396657632677792,5.0112622437853895,18.703161582737373,23.30850137928098,89.72368633688887
5810561.07570887,0.20393068569172604,5.009818738681904,18.711644542421432,23.343122823327455,103.34352767290879
5812316.1312448885,0.20386824914050375,5.007683014585029,18.722110263398783,23.373901036318347,115.7360668826758
5813895.439307641,0.20380999853381318,5.005019961576309,18.73231046117443,23.39920494005759,127.13770013507576
5815159.16174021,0.20375178913505257,5.00408659819309,18.75371971186015,23.405032695849954,137.76187314166376
5815957.462478956,0.20370963192859967,5.005564495239951,18.776231252741617,23.39937521441916,147.7949927044967
5817117.608562831,0.20362846149064004,5.006647365429943,18.798937499147446,23.397484593138373,157.3829117096514
5818073.318796612,0.2035538206005677,5.0095488705525355,-341.1854013943336,23.397970845792134,166.6751913941896
5819188.281020647,0.20345283155787627,5.0122378223307456,-341.1771933654436,23.403422979581286,175.79698444454425
5820021.877645565,0.20337044854820183,5.015114522007794,18.820034130092225,23.414842027673295,-175.12979839144833
5820546.534274362,0.20331458235055558,5.018458899137444,18.802780396409986,23.43536453145887,-165.98803369425096
5821741.176724849,0.2032531549300251,5.02212742536636,18.73407037420444,23.467433942590397,-156.62330459559945
5823255.235246817,0.20320995071253936,5.025269085246214,18.649026315264724,23.50569830636407,-146.93681696202074
5825317.68654055,0.203169568374397,5.027800306113612,18.54849280385658,23.549590449424052,-136.78625103044408
5826951.769624868,0.20320288350016913,5.029336836520024,18.460202917066514,23.590837988308806,-126.02912359450933
5828378.86878046,0.20330165242698026,5.029941049829224,18.38971770354072,23.62327001376791,-114.47869154257819
5830428.881089132,0.20344067795949614,5.02994339222885,18.313546841455825,23.656513148269124,-101.90839262824515
5832660.933433488,0.2036299207885897,5.029234529278403,18.24578561934525,23.691404958834347,-88.10063183849282
5834637.641792281,0.20385830287879467,5.028184818202546,18.214679327348605,23.71439169334017,-72.8428291363933
5837855.208980843,0.2041467150207024,5.026059616555357,18.18077383452522,23.739824713283635,-55.94456624580791
5841233.2199381925,0.2044653983761338,5.023538128157458,18.188071941769874,23.755456591513394,-37.43528462733316
5843031.84994155,0.20466713917731344,5.020028441422342,18.246747045395658,23.76190952778831,-17.609556639346664
5844626.656234704,0.20479662810571803,5.016295753021791,18.33954033936939,23.753421864623053,2.9280585372830643
5845564.727463787,0.20483207870415696,5.01487150919029,18.39810332064466,23.743179537634326,23.37592810004273
5847004.463314874,0.20486194076359357,5.016335650974744,18.427217477233157,23.764282904449075,42.87999324912452
5848778.719664348,0.2048734302884188,5.017097209774865,18.45611847883368,23.789039426222633,60.90464577696106
5850639.2325332165,0.2048739619466513,5.017198508413239,18.473336779534137,23.82067325971648,77.26552789047635
5852103.486243147,0.2048446269387716,5.0164451489118385,18.476056643416985,23.856728821531892,92.02784624346054
5853876.537156351,0.2048024233017164,5.015011499971252,18.487482431824418,23.888294283122992,105.36812977679934
5855338.974615078,0.2047416695925002,5.0124806442541905,18.487043430255444,23.92263919881802,117.53263800227816
5856661.720048925,0.20468854669354805,5.010697760890165,18.50017644191047,23.9386860563339,128.74500570705834
5857424.216521008,0.20465225553412136,5.009197317055569,18.507506098302937,23.947571925430992,139.21846334687004
5858536.027698694,0.2045889182381324,5.010004566211541,18.532856930213786,23.94467776060869,149.1124359122398
5859275.642514674,0.20452826077664085,5.011143542601733,18.544774278823823,23.94292882471866,158.60071522263348
5860019.405262059,0.20447219974339897,5.013276101706894,-341.4419850273516,23.943672721482837,167.80404955692308
5860460.857864846,0.2044356000055573,5.015773470241325,-341.4371203876505,23.949161686302325,176.85405263752742
5861007.901421092,0.20438085240059692,5.018700884541925,18.55837252364608,23.961277192332087,-174.13309993873247
5861541.688743817,0.20432132676032236,5.020592645410117,18.55189261234753,23.97322157051934,-165.04273774883188
5862506.508779705,0.20428137097204618,5.022860054407495,18.498516879038043,23.993521657710318,-155.71965853010911
5863630.2697703075,0.2042725096963919,5.025134843556085,18.42952103544974,24.02186483734238,-146.06700181263858
5864793.109992487,0.2042938869587664,5.027025538061922,18.356488390686014,24.055462044898476,-135.9513764039078
5866381.965101799,0.20433302633236558,5.028536703093271,18.269243047324853,24.097324486094838,-125.20339508569107
5868119.232061554,0.20440984015480992,5.029242332056299,18.185637591074524,24.13741262171521,-113.64400760513954
5870409.422560198,0.20454615973054815,5.029204515544125,18.09732964207341,24.178523053960387,-101.05463428312785
5872295.574226696,0.20473591248854156,5.028783381383592,18.053712585495926,24.198275271537934,-87.23048918636182
5874249.886001207,0.2049459140069374,5.027933685629901,18.026075368185108,24.216340844890222,-71.93755003876173
5877133.329824803,0.20522679695115012,5.0264853048316605,18.009454046674186,24.23321346595052,-55.01219186526
5880089.87046724,0.20551964930168853,5.024706929025555,18.027325118688417,24.24384780976026,-36.48183543329032
5882347.156459894,0.2057472277841099,5.022430912899417,18.0871918778757,24.24759412586692,-16.652107010862974
5883576.830655329,0.20584931694976352,5.019388553328397,18.179372656041902,24.240144905824646,3.850416992266132
5884066.666397052,0.20585318630614347,5.017735208509541,18.240028073664163,24.227969389411054,24.2237370607197
5885941.057323452,0.20590427902640762,5.0192051643408675,18.273654044513343,24.249641854188862,43.61964577674009
5887685.350846136,0.20591584189755413,5.020002735658154,18.298717090053472,24.276320154559286,61.53104859451091
5889264.989262631,0.2059097089992094,5.020081837833981,18.310573068450644,24.307021287229976,77.78426390447483
5890853.143952487,0.20589275991402456,5.019349325761856,18.31574483821115,24.34124683658981,92.44061612139797
5892708.108907433,0.2058567530979316,5.017768581437394,18.32519502967344,24.375748227842205,105.68562089320046
5894289.702000298,0.2058151228058267,5.015275371537789,18.327641364648397,24.40942867869086,117.76402293631774
5895242.8383342475,0.20578243802035884,5.013243362472645,18.330574780052597,24.42769436893632,128.90906791070307
5896170.411921367,0.2057383742668171,5.013041833182889,18.348920961611352,24.4288615476117,139.3105083031846
5896839.012950668,0.20570331062561348,5.014088934494526,18.366724091476645,24.425095280144205,149.1489030105117
5897304.505050443,0.20567854691789772,5.014110550146238,18.377761590310442,24.425044395676075,158.57519623890715
5897711.204150967,0.2056522366053669,5.015967161279412,-341.6127045319592,24.425607692324075,167.7224628344061
5898053.93694295,0.2056254898109914,5.018436556162513,-341.6079612961937,24.430888542811825,176.71263658819007
5898193.394623399,0.20561082002596123,5.020601783513873,18.39207774924662,24.43967605080112,-174.33759119736362
5898282.419956591,0.20559403013817842,5.022813962254306,18.386326494814007,24.453409385096826,-165.31488997556605
5898749.335882185,0.2055951232946999,5.02413430315932,18.348402200067596,24.46502130283615,-156.06873485473722
5899779.440812467,0.20559611144611928,5.026908453869227,18.274470826109155,24.49893553737298,-146.49356219544433
5901124.6595430095,0.20559926440496967,5.0283315964965345,18.20820712735681,24.52361709232176,-136.46134728865286
5902438.130146647,0.20566646135921612,5.0297166519849394,18.12998418276475,24.560673324795218,-125.81422906285037
5903671.560745105,0.20575078788186665,5.03024916375974,18.069820367107532,24.588838124298547,-114.37685060402657
5905551.5777439065,0.20588197467454689,5.0302631996879255,18.003229580527023,24.617126750448133,-101.9230180344083
5907017.14842256,0.20606845922799275,5.029778565519049,17.963410642104616,24.641751957259576,-88.2513302981309
5908709.363686716,0.20628809162213022,5.028417805231759,17.93063603520881,24.67217125561888,-73.12428149678686
5911018.2417686,0.20654075189362045,5.027576562675903,17.9273073463597,24.682433697086978,-56.37039338487467
5914310.296685075,0.20685179666024217,5.02617914382586,17.941194620550696,24.6913094230955,-37.98645203321507
5916143.390183274,0.20705527596794446,5.0241364948671166,18.000514231658197,24.695333923749956,-18.26908451181084
5917836.583185643,0.20719295859658146,5.020660816221889,18.09220608158472,24.688109474073954,2.1853404059418597
5917502.658829985,0.20714682670494466,5.018772539959254,18.15251276650138,24.675155933199395,22.58250738904159
5919321.267035307,0.20719456026567765,5.020113973316524,18.19034272490788,24.69375887179469,42.05450759476098
5920723.433374362,0.20719688723948076,5.020979927995373,18.20884559133501,24.72026977160913,60.076116149849824
5922518.336703151,0.2071960254281126,5.021129816759861,18.225164995100116,24.75105967318417,76.4295405999568
5924362.929816166,0.20718237542514106,5.020432881131989,18.23363240798533,24.787456302125864,91.17178508677019
5925827.228723256,0.20715478225257222,5.019308594303639,18.242294687178227,24.813378214528505,104.4978000804585
5927179.254637942,0.20711968401293257,5.016771496043121,18.237239074912708,24.849194308782607,116.63250644764472
5927981.252819605,0.2070953420142318,5.014693216568203,18.235615363457786,24.868694780567747,127.81244922175998
5928494.083366619,0.20708241693671497,5.014056334118495,18.24373290460121,24.87264423145785,138.23537372874964
5928777.565014286,0.20708182412985635,5.0146377349947855,18.254757925184748,24.870391743736626,148.0771236702645
5929168.258136634,0.20706586505506702,5.015062780169984,18.26604372215406,24.869611721636126,157.48732205114496
5929152.748572091,0.20708165349024332,5.016191684662584,-341.72632482226703,24.869674958360577,166.60635616815975
5928833.654069144,0.20711944698644524,5.018374717330794,-341.7237074308966,24.873780353138937,175.55497423650334
5928773.273017658,0.2071253609073369,5.020685769468792,18.27700314137198,24.882490165252474,-175.5554494631412
5928523.773598038,0.2071471285019635,5.022820368076975,18.268304260744767,24.89499641034329,-166.6040690855785
5928987.20156182,0.20715521472141593,5.024063885294156,18.226519653890428,24.905369425925073,-157.4460163656589
5930088.4165155385,0.20714081573617196,5.025536751224322,18.17019164653464,24.922419991867685,-147.98505423643837
5931428.026111547,0.20713830026006594,5.026872260894062,18.107294719058153,24.94418485086936,-138.09042614793137
5932711.1299397275,0.20719307315526733,5.028531647277022,18.02654805375551,24.984978184810796,-127.60970544076852
5934021.517262403,0.20727561302575914,5.029066031956584,17.967768798980632,25.009126540494517,-116.36783183251839
5935150.060399285,0.20742504784741425,5.029112403968488,17.933670447293082,25.020686710097824,-104.16556512556932
5936820.085221421,0.20759611151137317,5.0287088291857,17.885427502162173,25.04625757904816,-90.76168551782257
5938531.815489385,0.2078090256351841,5.028259404879257,17.86776238358678,25.057648014841455,-75.94068418963079
5941038.181916751,0.20807141332294252,5.027642473190064,17.86046808774622,25.06603419199584,-59.50713710290177
5943752.369798137,0.20835551504328934,5.026729764046799,17.87962901917957,25.072641623812682,-41.42953505099706
5945638.082023909,0.20856834807900815,5.025559143708937,17.93451513147714,25.07575856567938,-21.928118156951218
5946612.321287811,0.20867151932685957,5.023355186660443,18.018902444673515,25.072783567341414,-1.5517402352324945
5946222.570401525,0.20862969429453793,5.020982495916144,18.079142079744933,25.058870785515097,18.926937548431898
5947529.704638865,0.20865884708853447,5.021885503830345,18.116652638220412,25.069804833526963,38.61685493816988
5949399.270042732,0.20868878423477616,5.022852449990523,18.142917525353436,25.09476840826342,56.90832445391792
5951011.703188235,0.20868754723347316,5.023117673835054,18.158714143429346,25.12243048732748,73.5489693244479
5952894.909384508,0.20867900514298882,5.022592822069774,18.168441286077087,25.15809383057775,88.54563820241363
5954769.470750865,0.20864861957858144,5.021390147307244,18.181265938052725,25.18928381080153,102.0738010286209
5956097.178901708,0.20861614298021644,5.019038733293763,18.175227805783436,25.225451309507736,114.37499686433075
5957245.449017428,0.2085799159157053,5.017072655275402,18.180534944366645,25.24541575217891,125.67101289763617
5957933.519609861,0.208557910785462,5.017041744245224,18.19566043948424,25.245592721214546,136.1767422665614
5957876.315864099,0.2085760701470504,5.016876128167625,18.19660979813805,25.2462815278585,146.078755715026
5957899.631497001,0.20858870242930194,5.0184026576834375,18.20457572802954,25.24288643853272,155.51861786350875
5957846.863512946,0.2086044737270588,5.020753282439129,-341.7898559499048,25.24208304061976,164.63755740137026
5957368.406493235,0.20865940519342926,5.022227228127695,-341.78601256115047,25.24423566719199,173.55852459965533
5957150.846618662,0.20868249371881895,5.0252228076212075,18.21320857191075,25.25415742588028,-177.60519002654397
5956767.971598746,0.20871342572551002,5.0268368137626664,18.215214635440976,25.262746712197753,-168.74034348688875
5956951.745744547,0.20871488741255514,5.028079313605278,18.192815143602832,25.272277605467153,-159.70894859948356
5957394.855108444,0.2087339944183892,5.028066255284306,18.167159016575756,25.27211726005901,-150.40171207319213
5958144.3150218725,0.20876755571083655,5.028550518504249,18.128079969596655,25.279298411638507,-140.6936177256746
5959024.291792678,0.20882995643947522,5.02962226116188,18.072626408689036,25.302690331845447,-130.4411734419428
5960078.698660424,0.20892788567031148,5.030148985312382,18.02182178283874,25.322231858800727,-119.47310150431322
5960934.353013735,0.20905576880736434,5.0302374544953725,17.993069174041437,25.332077675765657,-107.60195478121963
5962658.364023607,0.20921552676729785,5.030004539868885,17.943059947691268,25.35494295510722,-94.5824446612455
5964808.519092912,0.20941025231984955,5.0296849043945695,17.91111639440783,25.364860319918918,-80.19170722308893
5967349.140777227,0.2096631506229228,5.029827211650851,17.906718558126006,25.362588441495088,-64.23162142586534
5970873.690850556,0.20997966610704244,5.029853645679566,17.912577805167423,25.362272203885933,-46.5981017330692
5973758.279273145,0.21025648379007478,5.029597785264599,17.9531166254218,25.36311417523454,-27.441859047806542
5974770.926326787,0.21038043492558425,5.028426861928926,18.03185232601896,25.36273933484073,-7.227470444978988
5975446.173822263,0.21041243694768189,5.026413299918732,18.128381698778547,25.353618748556237,13.292728043306717
5976690.525104342,0.210446957991992,5.027658306854018,18.164450361810662,25.36604760667667,33.28246244719336
5978503.413001578,0.21047443812880126,5.028720691543856,18.196997748934493,25.387908180498464,51.99581661478831
5980313.888071835,0.21048092265996513,5.02921271206369,18.21655776456416,25.417011865358017,69.08566066930678
5982149.82587363,0.21047003208261875,5.028930278298716,18.227941165555148,25.45137840747705,84.50176895116111
5983997.1103169825,0.21044048985086547,5.027728450277711,18.234107867044322,25.489136907448586,98.38604156443148
5985716.200723179,0.21040715917905906,5.0256248626607,18.236043623868166,25.525916303765968,110.96436127954159
5987043.063156344,0.21036953933805155,5.023183284638174,18.237447061695832,25.553657844191765,122.47611574691774
5987167.180596095,0.21037708218562384,5.022638272592259,18.236988767545206,25.557794410358287,133.15432568764857
5986978.712795436,0.210408110309768,5.022940390566219,18.23805960187389,25.556265487723763,143.16816777122105
5986868.03759565,0.21043675813262433,5.0236544501125335,18.24348436193633,25.55424542915876,152.67434167716397
5986334.9152058065,0.21049293348610942,5.025421334168016,-341.7568822521281,25.552652983861172,161.82510318608763
5985936.769378914,0.21053997586248252,5.02704166963542,-341.7541213592484,25.55411050042975,170.73588931696867
5985468.854805527,0.21058992608748925,5.028435598076904,-341.7497718962869,25.557883201672325,179.5254460213983
5984819.070556797,0.21064963105850523,5.03124848351307,18.247911887503676,25.570936137777753,-171.6938419973963
5984540.020743152,0.21068626111282898,5.033994711915743,18.2230783524383,25.589711099809044,-162.79162465351814
5984596.738886228,0.21073763173324414,5.033634696983,18.202195814870795,25.586254620770397,-153.65048450669693
5985328.760960618,0.21076302471793756,5.033706678785806,18.16913970174768,25.58717994368602,-144.15440488447106
5986218.793819699,0.21081049736019716,5.034545341531175,18.120648085099134,25.60299149548809,-134.1684826466234
5986865.150898552,0.2109080500458244,5.03492008349749,18.08540357673143,25.614136220993217,-123.5387356317827
5987631.589059502,0.2110331062274855,5.035037900168964,18.058101626909153,25.62169044732822,-112.07162527231999
5989126.83321636,0.21116981341091584,5.034993426976281,18.016779869913037,25.6365290603809,-99.53893994293087
5990627.995291075,0.21135695739436466,5.034834348938592,17.997349232132148,25.643317595958298,-85.72464442491734
5992728.174283117,0.2115761165874574,5.034537204580453,17.983060937587904,25.64926989879999,-70.39083368624237
5995395.570732722,0.21184676119174523,5.035330189209252,17.9988937780792,25.640458756515695,-53.392186800568325
5998472.665607089,0.21213597837625453,5.035956969242592,18.0298167060271,25.636804509661204,-34.75822118391601
6000893.523889834,0.2123626682102884,5.035768098903599,18.09006772596688,25.636851191208592,-14.833677362345803
6002027.076772971,0.21245089073053391,5.034841770243266,18.177602702533665,25.634054654553186,5.706005479900691
6000810.027165739,0.21234614269662622,5.033116809397135,18.229760170228186,25.62049962869665,26.039853143774465
6002268.394207435,0.21237098379652175,5.034193246902657,18.261568774364534,25.637360538433533,45.30457872019614
6003999.766524848,0.21238473490269064,5.03487166938516,18.284134283071623,25.662258239819643,63.01781612812025
6005564.985492896,0.2123769530758104,5.0348867505912205,18.293865414635096,25.692992021756954,79.03612111649326
6007442.137811663,0.21236366172039292,5.034086581025924,18.303015546925316,25.727373341883162,93.44009805059345
6009221.28467582,0.21233184750255357,5.032381584776141,18.307475724553267,25.763170689713856,106.44260551452676
6010504.2480200045,0.21229075792594976,5.0309282426991135,18.31655124146184,25.782288194553956,118.29022282850475
6011069.168251727,0.2122783806207733,5.029899938005886,18.31995804157376,25.79134857585448,129.21381226465286
6011354.652763158,0.2122804251689805,5.029613558333675,18.325996555977802,25.7930042017184,139.40393900245107
6011096.071181146,0.21231788528458836,5.030439428144484,18.32870539798179,25.79003310292131,149.0378284603328
6010543.144883595,0.21238134560353142,5.031967423795674,18.329940294063217,25.787574860148748,158.25869448565544
6009455.886622723,0.21249258745201025,5.0338928812432275,-341.6732230138352,25.787977107914585,167.19890517029262
6008732.642318549,0.21256994579502114,5.034820154001141,-341.6689596998882,25.78981389013095,175.96725456576556
6008026.181465026,0.2126387163722532,5.037137830806958,18.33110816683654,25.798715377007717,-175.31830056278142
6007288.244456947,0.2127030860437657,5.038955053038334,18.33088006784464,25.80942078156713,-166.5468666693409
6007476.121474076,0.21272543441119765,5.039020930806563,18.308127311265142,25.809953590903948,-157.5717361415278
6007912.223818235,0.2127613148385661,5.039007862305144,18.280172244497358,25.809780707059556,-148.2989230690689
6008847.678061796,0.2127999010241072,5.039711643493,18.233058334690398,25.82108379369014,-138.59249733104915
6009694.5639069155,0.21287788807844849,5.040045194389102,18.1946071423815,25.82905311404072,-128.3123498642355
6011086.497487828,0.21296603081391308,5.039905313482007,18.164829610720645,25.822877372505264,-117.26992508553572
6012587.1860770695,0.21309732650129237,5.039903879463549,18.135357799919316,25.821987154291296,-105.27023670733644
6014365.09409062,0.21326913798034375,5.0400766625297475,18.12256768719383,25.810182895344592,-92.08203026637713
6016391.629656596,0.21348442091120864,5.040334297940912,18.11621699054951,25.803389691321374,-77.47086659977394
6018658.771017589,0.21372761967558415,5.040488549783589,18.120333117415335,25.801172388713915,-61.2376348386217
6021630.900165461,0.21400959762056754,5.041684214354048,18.14502586277279,25.791774675895965,-43.3053839048119
6024176.18081717,0.21426208715777822,5.041740775333134,18.19511852202235,25.791406161605234,-23.875803158236693
6025380.723556986,0.21438612735930526,5.039995053694885,18.2770101817561,25.7895990214447,-3.48146614715128
6023840.0165161975,0.21427580213722458,5.0378526500625735,18.33300971693335,25.777907500967313,17.103702985037348
6024904.697964614,0.21429373500550414,5.038530016171309,18.370420247806432,25.785622961012734,36.95052192924115
6026513.712197315,0.21431234385927472,5.039552452742766,18.392648286404057,25.810348596222433,55.402600504343596
6028409.249648584,0.2143214603065869,5.039901298404819,18.409756418545236,25.840652879583086,72.16589371806897
6030282.816229915,0.21431030621946368,5.039476193807869,18.42191426650735,25.873166197397133,87.24678342091634
6032185.09339104,0.2142866150332019,5.03807136683341,18.426692960040544,25.911351082752397,100.81595690830478
6033748.57293806,0.21425305103361916,5.036378015287072,18.434119487946933,25.938255150594575,113.1144208857855
6034872.647147296,0.2142144942719924,5.034191031953084,18.435134485377397,25.961194739924984,124.38093829441162
6034919.484539714,0.21422638627614984,5.03441559430064,18.438969279699702,25.95956948907519,134.84153008997953
6034572.743967287,0.21426894974382807,5.034337226124367,18.43586271565625,25.959901739865995,144.66594318726501
6034153.163999768,0.21432033905438724,5.035782398261039,18.43833569877105,25.956331532244963,154.0079175489638
6033681.678967316,0.2143763036613559,5.03702834789327,-341.55971172673236,25.955568948106976,163.00617917894775
6033011.236561105,0.2144496735856791,5.03897982693269,-341.55841129410675,25.957835921763444,171.78441763635104
6032141.409483271,0.21453812612169634,5.04126542406366,18.44272769563623,25.96458514295311,-179.54552124358634
6031475.11404443,0.2145988487983405,5.0442167063818095,18.43837094864582,25.978980076686174,-170.87229297623307
6031055.0118818395,0.21464021299379873,5.045420640196558,18.431342691074317,25.987500626435097,-162.0756653493314
6031355.282909445,0.21467220742262902,5.046052667726087,18.399021118054833,25.99369158524647,-153.0214142232595
6031775.901198007,0.21472001633265653,5.045593820603757,18.37943781160299,25.98744385911086,-143.61154592103486
6032750.666590102,0.21476143698177347,5.045056798246862,18.35703774284075,25.976977787869558,-133.6963960404831
6033765.407743417,0.21485209463414226,5.044861605234134,18.331903025555476,25.97085851334945,-123.12018880085263
6034882.210055476,0.21496688085013274,5.044838175526417,18.307531364732945,25.969026249850018,-111.6949281162675
6036671.243961593,0.21511809277712474,5.044831773935834,18.274408333953733,25.971291499916287,-99.19060464167173
6038492.338895762,0.21530015979235873,5.0449544850092005,18.26029897197977,25.966477217217797,-85.38262571568413
6040905.706123641,0.21552613599909098,5.045350165663144,18.254894693772666,25.958820124211307,-70.03138362543145
6043864.786003657,0.21581009134474857,5.047228944458084,18.279667967518876,25.938534837670662,-52.98850032981418
6047392.833907565,0.21612900855573527,5.049036626643911,18.316725578959154,25.928587903274206,-34.285657920445665
6049492.850806279,0.21633328336511953,5.048803833157124,18.378270382678263,25.928648755674914,-14.27957277943938
6050694.59077806,0.21642332669333778,5.048075228902836,18.465949824750133,25.926262872292178,6.332925850348029
6049975.949155267,0.21634968173091523,5.046724256150102,18.515801255571862,25.91526288455297,26.706620910281007
6051884.440272646,0.21639964653514554,5.048090476012432,18.544415813491735,25.937400578536376,45.96449149466714
6053515.20988697,0.21640877006640874,5.0487307446920395,18.56428437681213,25.96224258910365,63.63435014904686
6055415.61836095,0.21641373109370624,5.048703988592317,18.57594956167363,25.995148496988318,79.57299955471908
6057128.533256508,0.21639976885418072,5.047934414772085,18.5837217935249,26.026386288042445,93.88860008147073
6058674.388913268,0.2163678602186615,5.046036421520311,18.579570828951905,26.065043300844444,106.79526003873677
6059514.853409635,0.2163476494367438,5.04434753182412,18.575907605177104,26.086771045019724,118.54776477694516
6059554.252530439,0.2163570224608083,5.044259237586379,18.576608367004447,26.087494932259453,129.37592169265548
6059328.71932761,0.21638892700801513,5.0451439307714905,18.579804155447373,26.08235862799032,139.46892703913184
6058689.490814492,0.21645601403286854,5.046880667670064,18.580052121178973,26.07625520000723,149.0013560528846
6057732.91268477,0.21655437127288002,5.0473975249379315,18.57505362359214,26.075433311416123,158.11885872297563
6056956.52083564,0.21664022525966284,5.049695050102551,-341.424106898587,26.07593816358175,166.94525859967723
6056127.105264297,0.2167281229010544,5.052478462287892,-341.4240683371437,26.08142315299474,175.60155935916293
6055136.610901717,0.2168250039570807,5.054432614697163,18.57782014946174,26.088824630086854,-175.80154705424968
6053918.236894637,0.2169352173393419,5.056481752483884,18.578988810718588,26.100704354604087,-167.15631149661434
6053919.75549119,0.21696152027643514,5.057204755909991,18.559117929612686,26.106605116485053,-158.32139747801628
6054308.242468106,0.21700140343996238,5.057391744960087,18.529389783896903,26.108686660481812,-149.19158895142178
6055062.499474892,0.2170373850080725,5.057198163438973,18.502628829216917,26.10562962263452,-139.64682086786462
6055781.169354059,0.21710426889435452,5.05661269209626,18.490156472846643,26.09206860860236,-129.54263699390992
6056893.766899338,0.21719296594441867,5.056483627694681,18.465865704269735,26.08677528633638,-118.69647836392885
6058313.57754519,0.2173217682325001,5.056377660991967,18.452802921645965,26.07100178419521,-106.90842082889387
6059874.975092553,0.21749092966511516,5.05649941585567,18.441915625609738,26.061237695499806,-93.95340999651319
6062073.245127905,0.21770142230252418,5.056872104021748,18.43425721675415,26.05056537879683,-79.57893093030277
6064715.0539880395,0.21794813803961907,5.058409211424503,18.449904145964883,26.027126350640174,-63.57362839325935
6067871.172216445,0.2182459924423332,5.060427283662497,18.48002390986018,26.010130496709234,-45.841232023033925
6071202.631362187,0.21854795708542846,5.062766573335071,18.52999089048815,26.00140756306345,-26.52592298160338
6072390.509331383,0.21867854998221636,5.06278868887803,18.607420485749426,26.001177107991705,-6.133350858215421
6072417.09442715,0.21866607930442078,5.061865071911631,18.690827766120673,25.99652930117624,14.537693219439939
6072001.035523618,0.21859494660598017,5.061873279102038,18.73140510118346,25.996464635922283,34.597799068929156
6073893.531154821,0.21862999142966089,5.062746837591021,18.761999343807943,26.015807540091572,53.285289337754705
6075278.927443555,0.21861951531513704,5.063167474030992,18.77197077709086,26.045551641019905,70.27630128544914
6076917.08100372,0.218610332513843,5.0628067961412855,18.77754029484408,26.078693093764567,85.53974786216884
6078768.230298702,0.21858237154676782,5.061488909842682,18.78131804374559,26.11671044445945,99.23728537726493
6080430.08347176,0.21853586463048563,5.059770895572751,18.7892961249184,26.14509888705005,111.61516871625213
6081366.727353664,0.21851400370597446,5.05806296613436,18.79052440097982,26.163628056974666,122.92809368905186
6081145.026505254,0.21854193527548255,5.057103877688315,18.780525528951348,26.17064521951746,133.40319807894608
6080735.940375794,0.21859023390136886,5.05778000145585,18.779908903349405,26.167390646544472,143.21023485647646
6080646.765412822,0.21862012471711817,5.0598114019482665,18.789486852369322,26.161925386380368,152.5045947471464
6080196.813353792,0.2186751793855546,5.061217006633165,-341.2081782356974,26.160741071805656,161.43881337613945
6079143.845369177,0.21878686007311912,5.064414312267217,-341.2096139463338,26.16364415647317,170.13420152215534
6078229.045987222,0.2188812448397322,5.06604389580277,-341.2067810539714,26.16796763999595,178.69904940591528
6077313.390818825,0.21896772407410217,5.068756215095093,18.791512064827618,26.180212475814134,-172.7562213878647
6077064.130598325,0.21900381449624723,5.070125078161713,18.773868431970524,26.189264116539906,-164.1016127921906
6077629.638409041,0.2189999528049985,5.070451675898754,18.745429761314305,26.192246190365285,-155.22722814026508
6078212.593602706,0.21903445265285276,5.069890612528229,18.723121007610896,26.18515705943558,-146.02436397623785
6078861.572261173,0.2190823351453072,5.069384390540301,18.706132641621647,26.17614548398248,-136.36365315928572
6080167.186818032,0.2191320059657706,5.069006071567936,18.680716940680437,26.16580555015986,-126.07397521138685
6081745.070244288,0.21922451146551813,5.068886311534227,18.65033227333019,26.15927707245639,-114.97909092266714
6083405.44311754,0.21935865000659988,5.0688810749985285,18.63239704701062,26.146860428299686,-102.87188553781232
6084890.481012184,0.2195405708267857,5.0692816239378375,18.638842243654153,26.12616739359763,-89.52074534881558
6086855.242278492,0.21975240109361147,5.070131115161306,18.649646321031245,26.106805760841038,-74.66829296038755
6089638.928698294,0.22001331408526786,5.071843194976006,18.669185724283786,26.085301704862573,-58.11668347532303
6093054.565347141,0.22032108711726894,5.07431674008481,18.70382954736367,26.068707620340298,-39.832172275359234
6095456.917944042,0.2205604536959681,5.0758911474852715,18.765313140089546,26.064916853300375,-20.0784893713003
6096915.615211852,0.22068614334872186,5.07619978970474,18.84607448397693,26.065210186203707,0.5362771413655741
6095466.49831447,0.22057690838189248,5.073581847706727,18.902210531963185,26.04803497318788,21.167861841987463
6097288.198800908,0.22062991965521128,5.075003830752217,18.933011705837465,26.06715221843578,40.86234434432732
6098967.701686401,0.22064740427474877,5.075684386915722,18.95802740567199,26.08742535843432,59.02988201376256
6100858.14768477,0.22065216792117592,5.075840381553504,18.973695788113407,26.116974608775095,75.43897612561715
6102585.656997399,0.22063626673008319,5.075227680549629,18.981301170057357,26.149230185970094,90.1522210388834
6104393.233501855,0.22061282126612905,5.073809263845245,18.987507378783036,26.182079844411277,103.36786756551928
6105731.174958864,0.22058249268808058,5.071150927743075,18.978084125224797,26.21982736090431,115.3432852217808
6105696.765596896,0.22057550895427225,5.069686487218274,18.963341356998328,26.23372239143752,126.33654546738643
6105567.705364995,0.22060128016421968,5.070487086577314,18.96785195774424,26.228564374982277,136.53120271572254
6104976.110251283,0.220662373675276,5.071265794411454,18.964851487871808,26.225399056181985,146.11591902836398
6104256.145138515,0.220741851907532,5.073984402834596,18.96677609685315,26.219791407088056,155.23885183700426
6103024.558328738,0.22086418618692255,5.076069007414094,-341.0389322363587,26.2192179305711,164.04027830090513
6102354.125166807,0.22093308766276332,5.07896808129443,-341.04260657152423,26.223410839605776,172.63111888516994
6101511.186698528,0.22101765081972072,5.081162386089911,18.956404504978853,26.23043069914776,-178.87641142447063
6100580.63575108,0.22110367796978633,5.083104322821786,18.95656664139066,26.240327805105903,-170.37438310782125
6100035.022669585,0.22116562041170784,5.0847154315132,18.94143920618893,26.25206285887131,-161.73803300609111
6100369.462161863,0.22118247781751893,5.083620669453687,18.93182991931826,26.241074937444093,-152.8503282788343
6101098.989614593,0.2212027554710994,5.084011213912059,18.898462181623483,26.246422704447266,-143.59633061262804
6101657.004499787,0.22126569316971734,5.083469721321708,18.885472322694604,26.23575665727069,-133.84675337106935
6102499.58196664,0.22135829802538362,5.08304794254152,18.872544436166606,26.222500191332742,-123.43053693662426
6103738.202049326,0.221463042807552,5.082757730479065,18.86573944255667,26.201726131621037,-112.15603463843199
6105001.662523415,0.22159878477461886,5.082854040643204,18.86804925438713,26.17971791540638,-99.80878524202538
6107251.660851942,0.22178444355085228,5.083516044457708,18.86800718632237,26.153299326658754,-86.12582101832899
6109829.151075797,0.22202459425644977,5.084882709284866,18.88120054259066,26.12679343442018,-70.88107476784255
6113299.536729222,0.22232670647304503,5.087884906065787,18.9106447793346,26.094364964330218,-53.89372929305533
6116917.860610299,0.22264831327918935,5.091244198565606,18.954434229675567,26.075903489292973,-35.18892094726781
6119341.738606691,0.22287423993481964,5.093060336148504,19.01713254289561,26.073419009269003,-15.108244785305939
6120360.425456405,0.22295374909194873,5.093361799291248,19.0959728324857,26.074026041035193,5.642652056646462
6119019.260444393,0.22284391775590726,5.092116260171898,19.142302428585666,26.063944925746043,26.1725195919065
6120814.206072917,0.22288697936421817,5.093274400626495,19.17227243224713,26.082655010143117,45.56446890569894
6122682.580293724,0.22290425380536652,5.093954187043857,19.19302596994196,26.109282889378598,63.31646110904952
6124560.868121611,0.22290764237643246,5.093914819271664,19.207634489996405,26.13771039855974,79.28900937197088
6126341.06082204,0.22287884893044455,5.092985928860441,19.21235509314159,26.174279717690194,93.58929288453179
6128063.630450524,0.22285398869481465,5.0910691909344665,19.21065916591305,26.21248450562955,106.44587409387103
6129454.341732662,0.22281434018543544,5.0891984715983485,19.215935441321843,26.236139239368505,118.11361767894469
6129351.652629957,0.22282693834759237,5.088312171096917,19.206807677278277,26.24368082561173,128.85158145860217
6128979.502569104,0.22286916284907413,5.088823042238475,19.205296272787574,26.240735185920588,138.83856165461447
6128390.807111304,0.22293429968671363,5.090052127594844,19.204761825554492,26.23642985077438,148.2484950646717
6127246.9199149255,0.22304974263194474,5.091448012878983,19.199148913669028,26.234201104954952,157.2345216606793
6126197.080808036,0.2231575165280658,5.093558492536288,-340.80416721616217,26.234522797889,165.91957620420882
6125501.899526091,0.2232339321887357,5.095822789175378,-340.8023284202944,26.23872423278556,174.41663001530145
6125070.465452975,0.22327711339537526,5.0980445528194505,19.196578430687467,26.246756771946043,-177.15737552054983
6124055.926334662,0.22336815075865551,5.100364472017734,19.19638382622516,26.259620305373062,-168.7019570713287
6124349.080763463,0.22336414969715926,5.100716074252506,19.178410523539327,26.262352326956233,-160.0762555183637
6124489.992847832,0.22340975148210218,5.1004168178860265,19.160817082383417,26.259140004022782,-151.18827979146735
6124648.695871655,0.223476822527701,5.099411549984276,19.15663801280735,26.244349944521353,-141.91916119779208
6125817.822645184,0.22351609442649947,5.099376446605223,19.12304909470038,26.243563558153845,-132.10681173595995
6126860.748858873,0.2235992515437151,5.098643391867554,19.12042933423631,26.21784428628384,-121.60377148206496
6127913.277983835,0.22371487795673117,5.098391724062118,19.121931910106532,26.194239115523803,-110.21158594935697
6129551.202119106,0.2238554002001996,5.09860160575466,19.12330962873122,26.16770425984167,-97.69071886626283
6131629.392666411,0.22404516222600646,5.099391392603262,19.13002982738949,26.140764046812247,-83.79579891240425
6133920.78102516,0.22426492013779148,5.100970800910214,19.149424465639743,26.113299249263587,-68.28967355631656
6137497.161577949,0.22455840322440299,5.103824829235154,19.172711219463107,26.08563019644477,-51.002438984696205
6140884.098776253,0.22486392634505176,5.107410586055982,19.221331668247036,26.068783624372106,-32.01552961152296
6143639.706136158,0.22510280630373847,5.109835313234905,19.28680690931265,26.067243006280172,-11.72624318335098
6144655.293497438,0.22517021154343533,5.110008461745882,19.369649975802616,26.067605264022905,9.092053354067042
6143358.848164963,0.22505814957640138,5.1094522601764965,19.409886685583622,26.06238587241559,29.530586981797885
6145134.755125996,0.22509339538552348,5.110279603125751,19.44294048255692,26.077659823954235,48.700946923850054
6146969.602278035,0.22510529954127004,5.110769801356311,19.464454738240125,26.102011806167337,66.16576709045043
6148859.28511869,0.22510617087514115,5.110571945670153,19.473743056357765,26.135101139514568,81.8381320959989
6150791.485169303,0.2250931446427843,5.109461262591923,19.47798079343267,26.172090215205568,95.8575900839389
6152521.538950376,0.22506809449712997,5.107411566190137,19.47693214161967,26.2091026848758,108.46691448703686
6153534.008737143,0.22504694956768542,5.106350929233849,19.48523454705064,26.22146066274415,119.93027238593841
6153300.483504873,0.22507112988276787,5.105938169268926,19.478260906276333,26.224694352647393,130.49023401886708
6152786.775958834,0.22512411505078297,5.107739758388507,19.481322411415253,26.215217346749377,140.3273294200784
6152281.2381632645,0.22518458681884873,5.109796534611512,19.484775845120716,26.208798192879872,149.60769750202306
6151591.719548432,0.22526420691755444,5.111825484284116,19.486015683429983,26.206218303532054,158.48013872021997
6150947.214594729,0.2253398093696658,5.113632269481212,-340.5115329187298,26.207017384698794,167.06956293715356
6150284.506190982,0.225407688413393,5.116417311488821,-340.515758880409,26.212956333739875,175.4968791192801
6149544.34656409,0.22548033443332344,5.11891258996337,19.48454061132777,26.222666872618518,-176.14068968965097
6148715.041605743,0.22555620663857356,5.120129886420873,19.485150299430234,26.229767906704957,-167.7281914562977
6148998.437305586,0.22555854107672613,5.119731795087006,19.47139930781456,26.226510111618783,-159.13619548163015
6149078.317769883,0.2256068677214468,5.119237652785035,19.458752728310166,26.22100730238889,-150.27368945907864
6149902.757694522,0.22562664394427753,5.118650634537836,19.43974266552156,26.212005745867643,-141.00453759383126
6150799.857641773,0.2256772192394647,5.117961110653121,19.427158716134656,26.196621135493952,-131.19225558644837
6151625.163340265,0.22577110531333433,5.117494311838233,19.42169281694338,26.178986411831104,-120.67030289169958
6152898.423728811,0.2258754132455516,5.117271663926509,19.42166998592658,26.15346941638567,-109.22930840020815
6154614.615234166,0.226034385363778,5.117571074703831,19.427148432862815,26.12352838403314,-96.63844903833515
6156938.087384157,0.2262280024522842,5.11851954677316,19.433580491413277,26.093757991133906,-82.64079422603957
6160022.563848287,0.2264716843164788,5.12054456157784,19.447442713648424,26.06063052100538,-66.99422586841614
6163093.464371158,0.22674979998034295,5.1232492477512945,19.478431364473273,26.03598704991318,-49.56653909351351
6166448.015078682,0.2270520016923508,5.125984780500343,19.52479811690226,26.024251780117815,-30.431123048700893
6168523.450285295,0.22724497389778223,5.127193430607514,19.593181028614094,26.023821145687045,-10.030116651182261
6169330.900268661,0.22729321317627585,5.127156253997793,19.6673493414488,26.023412667541017,10.84151807769688
6167913.540634001,0.22717210640233992,5.125520605583638,19.716434315323625,26.00740411703568,31.240046542822405
6169784.172964865,0.2272044170426638,5.126648319647084,19.74502670381094,26.029884170222623,50.296354630219916
6171465.836303828,0.2272074841665162,5.126982307424541,19.768760047006218,26.04936194617673,67.6144995619653
6173338.49513348,0.2272052584034051,5.126724094141379,19.780600511790162,26.07920408140937,83.12804357797567
6175229.8644983005,0.2271821251428353,5.12558403705302,19.7867409641164,26.113967985692167,96.99498850807913
6177017.2161894385,0.22715148009359476,5.123673177731787,19.791008168045973,26.14658049936459,109.46463946280048
6177915.344652493,0.22712391871983625,5.1216405654141415,19.786526140373038,26.16924319130903,120.80758470239817
6177433.915360279,0.22715547090206142,5.121499824925126,19.776916323480563,26.17027315087655,131.26426788304818
6176848.528197212,0.2272085962178439,5.122072312570652,19.77186243712027,26.16739219369292,141.00775228270416
6175947.667693732,0.2272907129090487,5.124830401199176,19.769904842148815,26.15935219153044,150.2108638142457
6175116.249991024,0.2273826795232846,5.126485331903252,19.7691163678793,26.15752954155285,159.00928125934865
6174327.06154434,0.2274673903513069,5.128673660874923,-340.2319347404612,26.158830271914116,167.53384596193726
6173818.831141474,0.22752523971366906,5.130616352507851,-340.2285861786948,26.16323925159948,175.89342661201647
6172954.365155468,0.22760962828283307,5.133262970475838,19.768084069241386,26.173891395633966,-175.7980756782003
6172301.138527419,0.2276673294984864,5.135052346946182,19.7655017962445,26.184572593812433,-167.43835018013385
6172213.40513459,0.22769499282559943,5.135261340779772,19.75455537930869,26.186290353552767,-158.90300644653445
6172383.7587985005,0.22773196046589056,5.1345782748303375,19.7446770530866,26.178582833135337,-150.08697448587012
6172613.216916816,0.22779015163870234,5.133803479071319,19.738865314812966,26.166549082858772,-140.87122354069615
6173338.136980901,0.22784263999212997,5.133303641245961,19.726655382785367,26.155218099948797,-131.10392786023712
6174120.782107251,0.22792685549799388,5.132761691468783,19.726286126112203,26.13433110870259,-120.62117810052443
6175543.193027055,0.22803251490157034,5.132551458748159,19.723788102698546,26.10877095629492,-109.21072207127862
6177080.1466232315,0.22818403139479984,5.132900909861124,19.736112776452277,26.075505516968995,-96.65037504000979
6179188.01782804,0.22837857913076584,5.13402616723574,19.75236774560899,26.040833350175237,-82.67581088943781
6181966.299748475,0.22861971399401596,5.1362025809201235,19.774971518871794,26.005713321728546,-67.0414187110548
6185395.3870525025,0.22891721412946914,5.13990753110372,19.81172891801584,25.97243995743585,-49.599137819988805
6188603.261524197,0.22920224590262664,5.1441545787219365,19.861045399627297,25.954676387117644,-30.429517758888842
6190397.604106048,0.22937981056400256,5.146509752709549,19.932497326077716,25.954233960641858,-9.985306725716125
6190990.87339407,0.22941453255207897,5.147092761657563,20.006789385322545,25.956392865320264,10.933459910185514
6191237.279114924,0.22939194497833953,5.147709707501375,20.041475018726977,25.962248848634754,31.364290522917763
6193144.399080941,0.229433004197779,5.14865652737885,20.069560599652647,25.98140348394577,50.44465816831485
6194985.434461588,0.22943749707989125,5.149058975103509,20.09151622950931,26.005787181907838,67.75885672198348
6196965.99069168,0.22944132447737406,5.1487451753757405,20.100433466799227,26.039198009667953,83.2540469765945
6198978.361272855,0.2294301012515081,5.14781042887191,20.11412453943648,26.066881727282993,97.0911259787387
6200524.903987104,0.22940566439821045,5.145554706644958,20.107829418179254,26.10465244507151,109.52935585080887
6201205.896459555,0.22939341226013749,5.144476066834565,20.109637306311903,26.116447595261967,120.8352869009372
6200981.050112663,0.22942054857050453,5.145330728645941,20.112722990444926,26.110044177114386,131.24222020470927
6200377.60379309,0.22947525586354048,5.146404113339273,20.10986391631871,26.104762445791163,140.93941735814755
6199257.292073237,0.2295811146388348,5.1486208461056195,20.10455013111012,26.098440360804172,150.09582308466324
6198344.197561245,0.2296798182095827,5.1507291044625845,20.10313738478069,26.096213829623775,158.84495570063748
6197726.956217794,0.22975320932983004,5.153386351078773,-339.8948649587946,26.097862807313533,167.31364862799828
6197128.665077014,0.22981994267915434,5.15477175044285,-339.89080577547975,26.10101478616467,175.61860907675265
6196290.281942867,0.2299021113658725,5.156852391122853,20.110860510299222,26.10936447165985,-176.13415613419699
6196018.584453214,0.22992141111258063,5.159019713404724,20.10663710504253,26.122231283573708,-167.8376701574781
6195560.09830047,0.22998915420476854,5.159471368474707,20.09326527177708,26.12593019001416,-159.36989019095205
6195712.408142196,0.23003074541499935,5.158736283525019,20.082990660293294,26.117723457913325,-150.62763526426772
6196119.719225362,0.23008987282969093,5.1581007423520955,20.069485383284977,26.107981993885918,-141.48911385502086
6196588.460970925,0.23015458424029644,5.1576676640164,20.060254661672428,26.098346647916877,-131.81879255657955
6198003.405987345,0.23022236107917693,5.157155473518387,20.045490938138997,26.079234801756524,-121.42703901577599
6199624.04732189,0.23033082093587917,5.156850392172064,20.046794728135396,26.045872946078546,-110.12895030083105
6201780.641608732,0.2304681483321895,5.157177047910753,20.047316531867097,26.011505161427813,-97.68527272763694
6203824.7423768975,0.23066163487924218,5.158598938798013,20.075226478369217,25.965923422349224,-83.85243905067044
6207116.250623623,0.23090344077465622,5.160975671585511,20.09084885072652,25.926401183223366,-68.35191555364395
6210588.759181945,0.23120062538603256,5.164339702823138,20.123342956641636,25.895163183102607,-51.04117263015465
6213731.0715489425,0.23149219467436175,5.168294030514864,20.17580569928745,25.877649362204586,-31.97172180324953
6216321.382401686,0.23171328037510805,5.171030879362215,20.235519111489563,25.876524471664712,-11.54586651718707
6217315.728702843,0.23177735517273634,5.17112786756745,20.313136344517826,25.8766467457762,9.420766465677398
6215701.466596698,0.23164770204614646,5.169727323039991,20.358803750632507,25.863348495962022,29.973328070164477
6217539.764708003,0.231684735247917,5.170873654344319,20.384137138435126,25.88549947770587,49.1965190140026
6219330.300851794,0.2316869380789971,5.171370250673986,20.402605084115695,25.91304125276211,66.65065257287384
6221236.887415042,0.23168891403146663,5.171097595891703,20.41060574211843,25.946038261347834,82.26408812074203
6222877.510233255,0.23166028125420027,5.169907825257945,20.410254838932023,25.982411598970323,96.19473431021399
6224583.557333088,0.23162577911314056,5.167702661612112,20.40759463128248,26.0199755552456,108.69039058692887
6224997.1433020625,0.23161755098782344,5.166478468612559,20.402240083447303,26.03355575309027,120.03911079503787
6224790.094425278,0.2316455317499526,5.166929565654095,20.40272188770632,26.0301093507418,130.46364689458068
6224065.720776642,0.2317017882285484,5.168712215981589,20.400767863977585,26.02118913330477,140.16542947418264
6223540.008425068,0.2317573853377511,5.171600580505041,20.404782584149178,26.012701698908167,149.30308861455225
6222526.928916696,0.23186502118096597,5.173665723570161,20.402222381983737,26.010326897550353,158.03012467454457
6221763.952464506,0.23195257404386888,5.175531277463325,-339.5963964257321,26.011283935487572,166.46560310297704
6220715.08813999,0.23206175069716758,5.177221021193158,-339.5964787648557,26.014919842692716,174.72876323289097
6220327.512055606,0.2321009483133544,5.179212274540823,20.405863020689182,26.022606311642146,-177.08052191681114
6219893.980313752,0.2321394762658754,5.181130987838923,20.400479553868802,26.033623852718456,-168.8493201376371
6219961.587759867,0.23216021109203805,5.181628377414664,20.381384335626613,26.037570372037912,-160.45745889884242
6220452.608168891,0.23217984843146128,5.180128669494996,20.37245460485841,26.021398613245463,-151.80495617861345
6220652.745740477,0.2322424030473363,5.179132672781451,20.368471870172524,26.006722383360678,-142.78515451409646
6221245.731828904,0.23230636853201073,5.178542718770587,20.358589684526166,25.99424773305642,-133.24672199087522
6222331.421963289,0.23237362701522793,5.178221356812502,20.34238943400507,25.98313609196576,-123.02221803346488
6223386.808792276,0.23249036425071476,5.177866698698139,20.35188025337801,25.952020739156353,-111.92520668303588
6225140.677025992,0.23261651582805973,5.178061828863442,20.35231508150582,25.924217813296604,-99.71222608578479
6227356.757085463,0.23280393864121243,5.179109433562229,20.366786521939385,25.886945466173888,-86.13215099622558
6230171.927983381,0.2330459708737339,5.181135684097938,20.387918188636903,25.850538042692534,-70.92364999281857
6233337.46305568,0.2333203416013785,5.184638545465574,20.422941539006615,25.815278847852575,-53.89578801255725
6236779.155130221,0.2336261834746538,5.188722405783256,20.4703691894338,25.79478592237792,-35.05603786167182
6239491.943748778,0.2338618048501423,5.191846334786093,20.528797927456807,25.791801113968255,-14.75515821747244
6240703.057934213,0.23395019294122074,5.192793603168021,20.60562292692612,25.79458390857036,6.2375545656452225
6238893.884141186,0.233813380972564,5.190864865097838,20.655842685495617,25.778117828241975,26.966067808707205
6240902.494680762,0.23386433844686955,5.192058857523752,20.68361452144058,25.798866185474804,46.45696166782728
6242836.3449615,0.23388479682834892,5.192635487573909,20.7021981545797,25.825221786736286,64.20309238570468
6244736.706309598,0.23388808853439388,5.192470566904051,20.710961145053208,25.85741170841112,80.08213495423888
6246723.093753973,0.23387969751522777,5.191390731737429,20.71496044166465,25.893728502912367,94.22817779314121
6248341.619767427,0.2338415187990851,5.189603727595105,20.7162382190345,25.925914843797052,106.89584891361166
6249131.615945041,0.2338138237448841,5.187582500697537,20.708446778794332,25.949422149273214,118.36327136937855
6249025.825379528,0.23383508727436467,5.1869303321950175,20.702031807691455,25.95454259082167,128.87457960373595
6248058.685130155,0.2339034540429151,5.188170722247032,20.693287210977317,25.947985602619905,138.63750025209134
6247048.607788516,0.2339894160753547,5.189338825026538,20.684508969052494,25.94425936395452,147.81304262066922
6246406.657491587,0.23406652387064228,5.191223551306164,20.685912719279823,25.941654863074206,156.54311586416978
6245502.312158955,0.2341621553913572,5.193026297373795,-339.31628676719663,25.942156079430525,164.96882099921132
6244643.895531541,0.23425419923359656,5.195031060364134,-339.3162210884071,25.94596559679433,173.19852528691715
6244041.966440517,0.23431544276877886,5.197522049045015,20.682335528816484,25.954869780281356,-178.66037552374152
6243335.234509474,0.23438005402828477,5.199110661141224,20.68188614624123,25.96344620078793,-170.50366550315988
6243070.958378356,0.23441405437558094,5.199817118754939,20.67259931319798,25.96875103431873,-162.21637472363497
6243131.536092691,0.23445035769492312,5.199436628386701,20.66128900147974,25.964864035431496,-153.6912579949334
6243462.334403578,0.23448997741630762,5.199020613262642,20.648255599018274,25.959101030965005,-144.81660369605171
6243874.399447273,0.23455774945903848,5.198419866210749,20.64041005275821,25.947376827266154,-135.45897710200947
6244955.873155834,0.23461401360616896,5.197786542812235,20.63228773236182,25.928011136930497,-125.45126938712937
6246010.539224643,0.23472715005497216,5.19755590248583,20.624804219176035,25.912663101202583,-114.61585136375358
6247570.843917912,0.2348586095783097,5.197653921197964,20.633105378956298,25.879545230817925,-102.7209613725932
6249524.626515128,0.23503515490337085,5.198559297119634,20.651324641847008,25.840604383457674,-89.51422911962182
6252624.939294122,0.235254612248347,5.200584266938889,20.665524994264896,25.799204184314526,-74.7132264574831
6255825.990497783,0.23552686856034802,5.203797002959355,20.69699348453164,25.76251711318067,-58.11840730176054
6259353.646271467,0.23583315462743562,5.207644178285296,20.738188445354005,25.739465571623548,-39.66257569869348
6262564.532339964,0.23610984648685676,5.211367553148537,20.7950022164352,25.732726547884845,-19.608385182214825
6263814.875794724,0.236216399269777,5.211794266601796,20.869807542155325,25.73342338669071,1.3628589445518773
6262217.767675789,0.2360985782906566,5.209308478489867,20.926886692557048,25.715541094398723,22.301108371587333
6264072.187712705,0.23614553413343475,5.2105710987532445,20.95749163367169,25.734150456488848,42.17438041315062
6265960.181936501,0.2361640762237979,5.211271865903744,20.979367785147424,25.758755676684807,60.363163061735506
6267905.41341823,0.23617258939039262,5.211273078945593,20.998281416262003,25.78149717206458,76.66477621767774
6269530.708688371,0.23616290442543608,5.21048525748951,21.00028304859939,25.813241962782044,91.1792445038105
6271435.623544188,0.2361401088501591,5.208619516679574,21.00090972879101,25.85042554765362,104.13277285371997
6272406.973682977,0.23612413070183635,5.20654204654491,20.99360895943466,25.87657270780382,115.8200613594395
6272471.725842727,0.23613573246923938,5.206194091203391,20.992281770937606,25.879496987282536,126.49346297813727
6271627.491165873,0.23620330084197244,5.20758340231512,20.98734473682269,25.87150418637419,136.3704284078709
6270815.91985089,0.23628296889114206,5.209065350337493,20.98383751795613,25.866196389915817,145.61799100306808
6270433.394924281,0.23633928746333846,5.210432393223925,20.987388994574506,25.863808551368802,154.38670118975256
6269697.678851159,0.23642540720945668,5.212893042957474,-339.0115546620286,25.863620857619228,162.82024818546316
6268833.728945781,0.2365210709273861,5.215047072344074,-339.0107327254751,25.866915538541544,171.03195503502678
6268433.353647191,0.2365657797326409,5.217001188007686,-339.00766465772665,25.873101621158288,179.12640001978528
6267886.476502508,0.23661743706267727,5.218918685772415,20.988123388498597,25.88254808250107,-172.7861712374231
6267545.9655437,0.2366469701170743,5.220306991754946,20.982339190740745,25.89217346317488,-164.6078381379403
6267637.965967102,0.23667622100533423,5.219862966414544,20.970753162772667,25.887986297628462,-156.21534929579244
6268205.570539696,0.23669090142726185,5.218785549879336,20.962498063864775,25.874313881527428,-147.50732153473717
6268423.644788375,0.23674333002731834,5.217767957019967,20.96647943199995,25.856404875192997,-138.3679153319756
6269288.056539791,0.23679647950635818,5.216875706956359,20.966157872233524,25.832800288569327,-128.6274611234738
6270367.490942268,0.2368750244227155,5.216334506078975,20.968913251323254,25.805866199643287,-118.11529118785049
6272217.024246454,0.2369823657187527,5.216267186762078,20.964969996579278,25.7770900350837,-106.60814460188169
6273857.255740508,0.23712614980579413,5.2168872435548,20.981484332364765,25.740683146984466,-93.8767413301169
6276313.23173481,0.23732637407446028,5.21844229843662,20.9995418334558,25.70239538758574,-79.63370883202967
6279514.528497044,0.2375910507254665,5.221676184783544,21.0316805133494,25.65873383906806,-63.63275500319211
6283228.666835565,0.2379054198768512,5.2257589419391115,21.070387385217476,25.628546463213866,-45.74525859482138
6286521.30244628,0.23819445005487347,5.229941913218058,21.12347607870645,25.616033871864563,-26.115627501661184
6288605.111509059,0.23837228674821118,5.2317239037538075,21.19310845910757,25.617593126313185,-5.296194246686416
6288170.532588968,0.23832945478080853,5.231679294142885,21.26528168589318,25.617082255104638,15.792595527035347
6289477.953024948,0.23835715361318416,5.232418684335922,21.30250765907617,25.62576064893881,36.12647226900012
6290983.642241033,0.2383652900294303,5.233173226452184,21.326198231387046,25.645390559484184,54.90840837029432
6292778.140222618,0.2383601420185204,5.233395958916428,21.34136355423602,25.67390205429688,71.8028444081956
6294698.38369645,0.238353697008586,5.232795554784489,21.34758302337694,25.707649722582598,86.83833525944279
6296667.025383558,0.2383340905585739,5.2314955299208785,21.356319718426587,25.737948283794683,100.22512704808257
6297948.823922196,0.23830449195180733,5.229660388469932,21.35558042783684,25.763861955033423,112.24867675558218
6298059.062143579,0.2383104121442466,5.227991213276533,21.34205788708343,25.77962875470899,123.18295462960171
6296994.324630989,0.23836809319374858,5.2284235134127055,21.326342239693176,25.776820561798797,133.2584074184338
6295961.590699434,0.23845925175470675,5.229360741029711,21.316929356584826,25.772924066540387,142.6459124912272
6295481.503134701,0.23851695237017762,5.231352508232342,21.31914967306521,25.768443874001246,151.50488321404967
6294980.750505211,0.2385837665161297,5.233255507527589,-338.6776488676068,25.767376630305606,159.98190598629972
6294638.322566943,0.23863319909120545,5.234958785543051,-338.67282698385446,25.769144990393375,168.19808501843707
6293831.099868514,0.23871888930950158,5.235974163414293,-338.66974683294,25.771822563529952,176.2672030181387
6293374.533993229,0.23876318961183363,5.238272312674054,21.328662948121263,25.781785023582803,-175.71275473781841
6293132.079609986,0.23878447674601533,5.240438888615018,21.3181751501257,25.795273108369074,-167.6344403247718
6293146.893959574,0.23880928845355748,5.240239309237359,21.307189646349602,25.793566721456994,-159.38562785242848
6293291.414389025,0.23884508693025402,5.239300162932205,21.302342201689324,25.78284936439017,-150.86944452447543
6294151.5216444,0.23885301770800704,5.238190009694506,21.294528691446242,25.7655696830025,-141.95629891114498
6294902.537051925,0.23890796258038116,5.23701932489171,21.297342457032702,25.73925253136366,-132.515160526379
6296119.37171842,0.23897942609548753,5.236210441504349,21.299179521499887,25.708751437648452,-122.37101744539258
6297424.38539486,0.2390759780946022,5.235891408777464,21.309878488215116,25.67327209174959,-111.33171210802882
6298714.737395916,0.23920790425470256,5.236328416442786,21.338861307432957,25.627398514900946,-99.16327134032014
6300797.389993349,0.23938741337887268,5.237616723781309,21.36102629535574,25.585992148248383,-85.58531587119975
6303533.524118356,0.23961256530120087,5.24029879808972,21.391306163480184,25.5411148504906,-70.33024253947028
