Episode: 462
5502007.632496646,0.20008736597256,4.997267475741218,20.088593723974224,19.972930810448478,30.842543536687305
5503805.398859972,0.20011737671098612,4.998157177668061,20.130488042799207,19.991285568070147,50.45017881085632
5505010.114635866,0.20001418305996335,4.998564620150404,20.17450225525344,20.0176594935548,68.37821211868616
5506143.657802835,0.19988617067669331,4.998223376162237,20.197583518993945,20.04932422454559,84.57111653458065
5507781.761157678,0.1998436312832411,4.997034723811893,20.208523330929655,20.082425048172052,99.16476685457201
5509491.357520888,0.199790182965014,4.994923703497233,20.218027076943738,20.115492880393237,112.38608701885495
5511202.428475816,0.19971990687669897,4.992823161632041,20.237213700645064,20.136554435492393,124.48998151371963
5512897.361456383,0.19963126761117309,4.993885774199891,20.281342955741668,20.129590636894918,135.71376659859743
5514555.060569862,0.19952489158427483,4.9956413435649125,20.321156571489265,20.122759768210145,146.2669849906815
5516187.682924205,0.19940093918742374,4.997479849476925,20.352300695300872,20.119652390428158,156.33123280723453
5517785.238716364,0.19926266306993254,4.999006175995208,-339.6263157293288,20.120121082402342,166.0662686150949
5519293.834898328,0.19911931198690433,5.002106855661155,-339.6189279519908,20.127169420333477,175.6160099386792
5520782.633723207,0.19896939924446022,5.004655766393374,20.373875046412774,20.13822077346235,-174.88298837286476
5522322.410698805,0.1988155085866664,5.007505431514382,20.349067416398913,20.157247821818856,-165.30114377206945
5523899.373182625,0.19867527175795874,5.011387237492848,20.292724791424742,20.19437473440678,-155.50079658460743
5525565.337672876,0.198618035913146,5.0143875087410565,20.20241238942069,20.234948475987984,-145.32145800101904
5527197.94724164,0.19862719749854724,5.016616151456048,20.104504723979108,20.27923466193698,-134.62997890599843
5529203.934845554,0.19866187930896803,5.017995391626615,20.00091850332767,20.324984859145797,-123.24355101640656
5531501.21215277,0.19875169627085512,5.018382223726187,19.9076500139862,20.359354874600044,-110.95554353964567
5533514.543545295,0.19891355322039242,5.01804092740421,19.825953664518686,20.400602632426953,-97.54874268445444
5536029.061064107,0.19912840646325422,5.016945350862468,19.755382964337933,20.436173635039633,-82.75918501095197
5538678.991607051,0.19939570662046616,5.015193784969926,19.713229127174355,20.46483708009023,-66.37632160269646
5541843.630617404,0.19971252650007534,5.012840347713693,19.70058750729602,20.485668073515097,-48.2801438179975
5544891.1306711715,0.20001785628974927,5.010080968408519,19.73228855456167,20.496295429680128,-28.596652531601798
5546524.743077561,0.2001932872738187,5.0062528137507325,19.81737005266366,20.494889837877206,-7.800336477867701
5548525.635779928,0.20031599471513228,5.0020318121735015,19.936728631041902,20.474406888051732,13.326546804403764
5550369.249384172,0.20038551011447459,5.002429139108895,19.993034968360853,20.47856781344391,33.9114105673704
5551178.362556012,0.20030757356671466,5.003390369154657,20.041912989045183,20.500921204149332,53.170640288537136
5552285.785587523,0.20018869322903457,5.00371076242436,20.082994629748583,20.52846750820848,70.74855947429576
5553446.066003133,0.20007954662174618,5.003332542303558,20.105806951025087,20.55525691690436,86.62229372756447
5555212.471004996,0.20004333691700796,5.001929682695012,20.115632805081262,20.591059034060514,100.9350685866357
5556972.983255621,0.1999899133627005,5.000284381361263,20.13450550053792,20.615366049111696,113.92351374816607
5558683.756464694,0.19990857615724705,4.999925794841871,20.170448324061432,20.618735865933193,125.83818422085976
5560410.226851579,0.19981714260483854,5.00072003612784,20.212828563681185,20.613779651385574,136.90686456646344
5561881.572175778,0.19971766314782405,5.002675366510777,20.24798931787237,20.606646486690128,147.33866135035112
5563304.543886879,0.1996101198313936,5.003957414442202,20.27435772381164,20.604723693691692,157.30284702072566
5564914.738448162,0.1994698234929174,5.006400521723457,-339.7054843259545,20.605900398976893,166.95292780339352
5566489.962283555,0.19931933659782128,5.009357696588633,-339.69878586168306,20.613087266590277,176.4323914483309
5568040.110862756,0.1991635427745154,5.0129175947945575,20.288841274406053,20.629080036850834,-174.12536275807116
5569580.728382975,0.19900854586363612,5.016365532485008,20.260860894484292,20.652665394421543,-164.59435862249623
5570967.735190051,0.19888878321271794,5.02021675645175,20.2049731561227,20.690220363357824,-154.83676699120983
5572703.2033823,0.19884255218093547,5.0230346291870465,20.111385651960557,20.729020731379684,-144.6882351100907
5574475.42883781,0.1988365254742224,5.025272170818875,20.011682198648323,20.774365791293448,-134.02717838970125
5576668.223839622,0.198868148256486,5.026639272901624,19.903312838079646,20.820940720991704,-122.66485006581875
5578356.266698414,0.19897435149123646,5.02711350859049,19.814738517144182,20.865962199090248,-110.4193414640013
5580423.575502969,0.19913621472179527,5.026822821785781,19.741183709421783,20.89848176546408,-97.04111797507359
5582448.76858856,0.19933119853722955,5.025879156807926,19.68637465763483,20.928390876412767,-82.29656439267953
5585339.609340381,0.19959403144559518,5.024218069428054,19.6397058296188,20.95514202863297,-65.95313101368872
5588677.608582547,0.19991666634258556,5.021789352105673,19.624256761275785,20.976342277437222,-47.91717930726984
5591306.0878468845,0.20019896262123496,5.018626635145212,19.66100953424746,20.98835167794254,-28.324221260697186
5592822.578300994,0.20036386624580593,5.014731280503071,19.744582415015078,20.986828726936643,-7.630631722195306
5594441.691139441,0.20046022849058157,5.0105007238915436,19.86281546110272,20.96631802518579,13.382227474043095
5596098.271335857,0.20051611971562264,5.009263059375501,19.93687045517475,20.952617506182058,33.85527171383681
5597702.733059147,0.20051599920667088,5.009980574052836,19.984190451173184,20.969161142553606,53.0247560621966
5598750.898632925,0.2003957169489162,5.010318227284791,20.023565246761237,20.997182792274707,70.52509572743239
5599846.686725559,0.20025712065316842,5.0098854306967935,20.04517899401465,21.029074046389272,86.33240294142489
5601533.907914003,0.20021521264890288,5.008499531652961,20.053449544220218,21.065038076449152,100.59624483372065
5603289.075041726,0.2001658028427359,5.006421551684795,20.06512673320574,21.09620691785143,113.54256969659443
5604735.325948795,0.2001092547034671,5.004473577335112,20.079920621224936,21.115093664223362,125.42454946265168
5606464.567760725,0.20001852844809806,5.005648895719338,20.124768695410463,21.107626457848333,136.45613978901517
5608177.637489336,0.19991084928267427,5.00798147937756,20.167584258568187,21.09884410219731,146.84402296867572
5609480.4583582375,0.1997986209927031,5.010594047034036,20.189381892675122,21.094636854602715,156.77452184164596
5610979.749446979,0.1996698808627815,5.012817140309668,-339.79097101000445,21.09542200564908,166.3806271845408
5612459.694600334,0.19952842720617198,5.015227594870044,-339.7845669838758,21.100927880009582,175.81115107065045
5614035.125526285,0.19937077788593874,5.018394404150187,20.2088681037777,21.114604015911674,-174.80887830242327
5615605.936674215,0.1992146640941065,5.022117266590307,20.17871141321854,21.139246452186143,-165.3456022155352
5617396.669408599,0.19910837426883124,5.025426991454286,20.09872271113707,21.170504915812536,-155.6391580308909
5619130.787296031,0.1990496701144945,5.028595652862455,20.004978765784713,21.212641478816487,-145.59110485384736
5621056.76868899,0.19903120875882782,5.030385703719722,19.912697854352697,21.247352570936137,-135.0442135813889
5622759.851595091,0.19908069478369242,5.031539098050087,19.824949445039586,21.284066594277036,-123.83539792763699
5624848.517431639,0.19917275845900767,5.032019615128203,19.733066180339772,21.322135743732204,-111.75369083186693
5626819.693023199,0.19933050793745113,5.031833035293414,19.664781180795245,21.350422396190265,-98.58776342933938
5628359.4579513,0.1995273532333944,5.03103253284434,19.622328951765702,21.378426336240587,-84.10627235410313
5630600.196980389,0.19976927755428447,5.029632410174242,19.588827260127882,21.402730146182165,-68.06475973703687
5633388.887995476,0.20005345920926199,5.027339631966436,19.574129968973605,21.42446886261833,-50.342636096194596
5636246.135699097,0.20035005192423608,5.024283023323383,19.60220671528867,21.43788364804096,-31.03765326096544
5638070.484008133,0.20054459773017183,5.021451326360688,19.681233614799755,21.438343408842833,-10.56367190776665
5640351.2350077,0.20069616965117668,5.017183460958416,19.793975352364757,21.420664237927465,10.351061571147959
5642303.160407083,0.2007756510634793,5.015493210047804,19.87445551350748,21.403932869360432,30.851269946055666
5643675.42242142,0.2007862130682566,5.01657434900448,19.904681439468003,21.425852907567457,50.161324336490225
5644922.056935756,0.20069083911852628,5.017026851647167,19.94643121618891,21.453212281301933,67.83655862547138
5646186.69883742,0.20057933808444384,5.016718408740443,19.968721872656154,21.485909365263883,83.8251230075487
5647902.288873881,0.20053892282144856,5.015742213202049,19.98546896079109,21.51446519098157,98.25220115307246
5649555.71518434,0.20049340997859913,5.013811437843082,19.994517762336592,21.545969723908595,111.33620839010563
5651142.870665098,0.20043444988713602,5.012538842227724,20.018282134673594,21.559268246005644,123.31873251683427
5652873.391130833,0.20034774612844042,5.012878012158993,20.058432744859147,21.55689437153126,134.42345833546366
5654430.495216496,0.20024991038431042,5.014068760394289,20.09420879034399,21.551849672012334,144.85965690292701
5655934.470968058,0.2001343319006469,5.016350004297096,20.12341103697888,21.547222993961284,154.80154045059967
5657545.5137525145,0.20000088223761278,5.018957366530361,-339.8528333672474,21.547085280569394,164.39734617788315
5659087.795090733,0.19985811331394093,5.021989561774502,-339.8426366288114,21.552721514791216,173.7914670321238
5660568.605302453,0.19971197176344502,5.024387974437648,20.157479987292543,21.56192989636105,-176.88962842209185
5662126.025265833,0.1995535986604973,5.027286819546369,20.141070982257066,21.579455824170303,-167.5203290641731
5663558.792729884,0.19942079033221374,5.031028477363667,20.095129518816226,21.612002314206144,-157.96859121999037
5665319.417309107,0.19935098566679157,5.034424640535387,20.002095073164657,21.653458814762296,-148.07730385615133
5666762.790477358,0.19933807104162407,5.036612524123563,19.918728838857014,21.69177534479221,-137.74391855504484
5668513.295782575,0.19935995763520428,5.038205759861527,19.82367715267245,21.735541972582404,-126.78869048516742
5670008.621962739,0.19944727022642691,5.038987917973995,19.737864034254162,21.780155729645152,-115.03633496587751
5671589.358138468,0.19959668863456217,5.038931428459937,19.66088638195807,21.82326843885115,-102.2660692260966
5673453.768655499,0.19978455451117114,5.038286073825344,19.605309123686506,21.85243420576359,-88.24015811957649
5675598.112090526,0.20002141520598515,5.037040114265023,19.567386268758536,21.878164764369934,-72.73355854067012
5678638.131995117,0.20031918822780456,5.035359921794196,19.54579312416849,21.897120267763995,-55.57594379728755
5681653.613299813,0.20062027883709752,5.033386965135427,19.561510134457485,21.90834407933393,-36.792721346158544
5683501.713724216,0.20083106058656874,5.030491765406276,19.628665425249775,21.91233672770729,-16.700763980058703
5685002.664638672,0.20095391023789355,5.026876204284791,19.72947613290924,21.902287884316017,4.071818021900772
5687071.312222267,0.20105882912144762,5.024869938440812,19.802897975255412,21.886475181011004,24.7020305124442
5688908.53961926,0.2011054589619023,5.026167323553181,19.840683035025112,21.907155030728678,44.33751887158098
5690007.429980643,0.2010166768751097,5.026826397313163,19.88497650016973,21.93265453484203,62.44658052274367
5691171.1043552905,0.2008921506346171,5.026782699930172,19.91489602105507,21.963096505613034,78.87628215576379
5692951.64854002,0.20086871074850665,5.025931461044215,19.92830852382664,21.995780967454422,93.70745426448394
5694429.20369048,0.20083172688289191,5.024308742750009,19.93373673279206,22.027068396558587,107.13586934475394
5695898.904175365,0.20077134234330862,5.022537963389989,19.947075042761455,22.04842076031348,119.39272884981403
5697686.583525641,0.20069415373151908,5.0227202456166715,19.988705494202726,22.046920258302503,130.7023156924792
5699365.495075928,0.2006017757373471,5.022404165013087,20.02226928414454,22.04848925891029,141.28286989709534
5701023.980687773,0.20049037101834602,5.023616702326398,20.056727562995132,22.04511470073487,151.3143778094034
5702695.601175521,0.2003585292258288,5.026114742311184,-339.91504506639984,22.043225044582083,160.95538517854692
5704041.599149896,0.20023806034190092,5.0279940716313,-339.9016191095921,22.045376062433636,170.3520223530841
5705638.275928473,0.20008422498874495,5.029519031753808,-339.8939886061199,22.05005480072695,179.6252772244218
5706622.850673739,0.19998392286246774,5.032906331273876,20.09421681371545,22.06752420856417,-171.0989664800701
5707818.114195151,0.19986117270600173,5.035060741803498,20.076240848060774,22.08385821687921,-161.6979028643544
5709209.019231539,0.1997951181030659,5.0387631600143,19.99641211187791,22.123354686047826,-152.01233073513856
5711168.145163596,0.19973377091702998,5.040841696451743,19.910242734462386,22.15463568721886,-141.92731457923247
5712715.961559333,0.19975495225428608,5.0425186227801575,19.823788972198308,22.192310988267774,-131.30733253587977
5713892.351496369,0.19983430804481414,5.043623291076682,19.743812104769457,22.23613971895859,-119.98056026080705
5715619.173292397,0.19995396625825534,5.04386347437452,19.66598484443678,22.27222025110765,-107.72422021408254
5717523.600697942,0.20011024805777425,5.0433666371390595,19.59329108722525,22.310512953844974,-94.32265031793656
5719182.430357629,0.2003204098538082,5.042212301240838,19.550519589455845,22.342373425199554,-79.5558631809124
5721816.139009457,0.20058371766289002,5.040633303241189,19.518571783300732,22.365406912388007,-63.20079515382077
5724921.355849277,0.20088965848843884,5.038672021245775,19.51592201020762,22.38088060002853,-45.19402775088876
5727847.979002226,0.20118303328589376,5.036220065163599,19.55808351519946,22.38873713851125,-25.70774258701507
5729563.324019371,0.20135258848763976,5.032815255500042,19.646221156156244,22.385724198542295,-5.23524413481461
5731378.010081168,0.20145283094117852,5.028802542400324,19.76026322720557,22.364282635159487,15.455109378560103
5733047.38199424,0.20150839427627218,5.029823696958363,19.80482765272668,22.375944637334896,35.536278119846756
5734264.552865855,0.20144127684575178,5.030353198026095,19.870205334200033,22.388883986855028,54.28328683757271
5735263.297498684,0.2013269853203054,5.030658357497537,19.90372672629448,22.41761165772381,71.41209877326405
5736253.153886823,0.20120006421005868,5.030173536775269,19.91797578166274,22.45094719393853,86.89844678841158
5738061.5760196075,0.20117058627413295,5.028826360701632,19.928685596306266,22.485285920537574,100.8848187124256
5739818.566414945,0.20111105512038097,5.026407295017134,19.935086125132504,22.521397562474817,113.59713051567599
5741454.939393979,0.2010513328309016,5.025181765814519,19.960808760168007,22.53328654486189,125.27290334381638
5743099.844457082,0.2009703873512906,5.025886124445973,20.00086401064922,22.52874887323115,136.12646853887765
5744754.5028393585,0.2008710268800023,5.027225352867518,20.039114510273137,22.523555927589605,146.34931799190986
5746023.134093666,0.20078303277935686,5.028906473763098,20.065381415980223,22.520611605908318,156.114792759792
5747686.778645901,0.20064362101606725,5.031641366540542,-339.9119570080117,22.521109320036864,165.55935188579681
5748956.995670769,0.20052795671100232,5.0345183955276225,-339.903205978018,22.527053179624325,174.82289678513678
5750402.2786247935,0.20038557469041765,5.037557877472144,20.093362603882436,22.539312870994905,-175.97432266925088
5751657.907218674,0.2002572277267767,5.038577376317495,20.089054632661608,22.545660634516747,-166.7116572322669
5752993.0917034745,0.2001574732529242,5.041426491106771,20.038084788191277,22.571027863091796,-157.2460798467198
5754511.753744593,0.20011335483094514,5.044525485101263,19.950980402831895,22.609606942787043,-147.45213792742575
5756008.705510706,0.20011065348852994,5.046616084652822,19.865813055969436,22.646895044568247,-137.20950616947178
5757466.3118279595,0.20017050463038386,5.048172743033957,19.775443409589542,22.690507875388473,-126.35543304934708
5758822.657746552,0.20028079452244502,5.048844212222349,19.697970787275523,22.729933163571125,-114.71025325723478
5760074.374080302,0.20042924157794176,5.048783080358605,19.63572677951825,22.766624377259866,-102.06472286014953
5761309.056804923,0.2006188899971095,5.048546894231558,19.613976762174737,22.777258588244774,-88.18888544653866
5763404.02091039,0.200850780490885,5.047712874706114,19.585423269256502,22.79446133636942,-72.841674588267
5765737.2671204265,0.20111540171872264,5.046555923106459,19.580821155618136,22.807552606246198,-55.880511339747294
5768769.061200578,0.2014088395678666,5.044582695576976,19.592436274687543,22.818944133253108,-37.30148997029373
5770794.176761929,0.2016239338408779,5.042260086417876,19.65198595584882,22.82238113324902,-17.416889122981043
5772057.903847851,0.20173309996368566,5.039079225493844,19.74985099062553,22.814077790810657,3.1588898709382494
5774130.636211654,0.20183908316986268,5.0361742233049664,19.82933756261784,22.79216055911365,23.63236914543792
5775856.096259112,0.20188199157994677,5.037405149727902,19.866760999767543,22.810938687423032,43.16419152876297
5777178.845506584,0.2018097686346742,5.038121617317228,19.913222840735127,22.83660287468434,61.208780090957525
5778337.93204952,0.20168746888450814,5.038131872252358,19.94861857595096,22.86195842480624,77.6044140340658
5779373.891391752,0.2015652063118656,5.037290980673749,19.95635222060388,22.896987258683815,92.41892588662905
5781007.97984775,0.20152475493074654,5.03589679452672,19.968584301429274,22.925202349637967,105.82699054964084
5782423.075962087,0.20147914881799148,5.033757953038452,19.97493820729984,22.95214139845341,118.06532039129713
5784219.20759422,0.2014051523114414,5.033279108242444,20.011222093624564,22.956086032172287,129.3472974034563
5785945.73002715,0.20131572002677073,5.03446348252308,20.054051861526148,22.949682121423436,139.88883122703677
5787681.333080931,0.2012032977480909,5.03588037851478,20.09129399799246,22.945336515487142,149.86874371277545
5788961.371749492,0.2011100318089119,5.037634187021742,20.115554884146313,22.943501972916255,159.4498770589311
5790496.66032359,0.2009786036384685,5.04017651574278,-339.8661019059441,22.945640640863843,168.76183018575057
5791903.968137749,0.20084491452834893,5.042471136375244,-339.8613663169976,22.951893616653663,177.93818496570773
5793066.398474256,0.20072888474898343,5.044875194824695,20.13300488121981,22.96328802890634,-172.90604885759933
5794007.435743261,0.2006302732170453,5.046686398601121,20.122297608124086,22.976053283119235,-163.65441649341247
5795154.685810944,0.20057581652941137,5.049695996601494,20.057477383931776,23.005923313578148,-154.151371570723
5796192.4501093235,0.20057405606789563,5.052830745595692,19.97528060819683,23.049453066439824,-144.29820532760354
5797341.741568267,0.2006069179266166,5.053875965572955,19.913551247053608,23.07059415383166,-133.94954924844177
5797986.653775094,0.20070396197738122,5.055127353574346,19.845807725687084,23.11255218356216,-122.95408678988764
5798856.91812907,0.20084148846466898,5.055423352546199,19.795978116793965,23.138412103458037,-111.10628160022044
5800557.575585026,0.20098190783672007,5.0552994069721695,19.746477505900778,23.154965045211117,-98.17745283511861
5802638.1824839525,0.20116785391217581,5.054921993234879,19.70636897012906,23.16787485946619,-83.95029964391175
5805363.0927931275,0.2014152235510011,5.054267855470145,19.67592190400713,23.179141627519613,-68.2133733217514
5808146.543427346,0.20169436135692947,5.053932724492565,19.679341622145476,23.182270726814064,-50.85738445183284
5810720.854798883,0.2019712080532334,5.052901087851011,19.717461224902557,23.18681857282121,-31.961535476776614
5812918.001081221,0.2021844801044455,5.050253609389,19.785791365652557,23.187784661922496,-11.893160171610642
5813879.954568688,0.20225324357907717,5.047193789936601,19.887330428290067,23.17608998766502,8.652012674822323
5815942.941913726,0.20234934916714534,5.046828768468768,19.945387429602086,23.172562772575116,28.868692292689843
5817865.246583531,0.20239829770202972,5.047941128044577,19.979568099868374,23.19319421598931,47.97706361227042
5819034.518469429,0.20232838576602494,5.048418564798286,20.016019254898442,23.216880838063254,65.53862146057953
5820469.717481479,0.20224211078519222,5.048224015089992,20.038788002800647,23.249522501069624,81.45159241466936
5822321.987914933,0.20221963082332647,5.047137109129649,20.049084196636297,23.285431826470155,95.82428487168961
5824158.73463821,0.20217733794421264,5.045052418860826,20.05628903460645,23.322451162083293,108.85457089795624
5825723.07868672,0.2021274018153421,5.043228945213339,20.071792835583885,23.34311790602023,120.77986122694288
5827401.339829398,0.20205148996159678,5.0425381514706205,20.103304031289973,23.348279913336608,131.8122939002893
5829145.741996653,0.2019565780915053,5.042923058226094,20.14108013928607,23.346407921865776,142.14990551553268
5830883.668544939,0.20184095266833843,5.0450714273691375,20.178699773423485,23.340868044756963,151.96704871420266
5832245.960681347,0.201737838778271,5.047889210037665,-339.79699621104294,23.339128410737622,161.4188837903878
5833644.390025184,0.20161364075421664,5.049855776382347,-339.7835714643841,23.341564509893292,170.6356579397426
5835020.889375402,0.201482952124693,5.052288413867823,-339.7789378142606,23.349167291687962,179.73662496205677
5835988.679762846,0.2013848667877414,5.053890556253708,20.21922364311614,23.357442657441393,-171.1593138958957
5836733.362183256,0.20130473997163964,5.055682782022153,20.20816367000143,23.37096226451173,-161.93748084574742
5837787.2077128235,0.20127235438215202,5.0583622718202905,20.1422703009357,23.399236076971935,-152.4400208888495
5838784.324349208,0.201276268258979,5.0604923367808246,20.07400296557103,23.430734024985735,-142.57543401528494
5839805.73412288,0.20133098253396453,5.062054051618479,20.001448760105028,23.46480514584835,-132.1926917392241
5840987.75179293,0.20141520826056217,5.062661544811544,19.94184837767723,23.487535164386134,-121.12535199635657
5842366.510225344,0.20152536490141473,5.0628760800024954,19.882608508049213,23.513088635948915,-109.18008150735002
5843817.943499701,0.20168502414441955,5.062669318028918,19.838932284765683,23.532311683809695,-96.1443851823654
5846073.325188195,0.20187592387054099,5.062540653404372,19.806421107071564,23.536243727724983,-81.77513305442235
5848410.224982144,0.20211298100218678,5.061915656545465,19.78780263561762,23.546072312289414,-65.89137320809883
5851316.775406146,0.20240435042213833,5.061324609890718,19.793367925061474,23.55114471159222,-48.386424020471324
5854496.973963069,0.2027071688757273,5.06136096980391,19.83146509425372,23.550843928067028,-29.371344873007626
5856818.5747342985,0.20292199696960012,5.0594708846246625,19.90507570500305,23.55044787101016,-9.272919279535833
5857203.407907104,0.2029433726017933,5.056701876777317,20.009628555838702,23.538192257495798,11.19521331776424
5859163.844924031,0.20302643668532702,5.055500611597381,20.077133398665822,23.526009940139627,31.23418719380416
5860771.024322396,0.20303171087998395,5.056616161781675,20.117204678268052,23.548755005270603,50.09294295871383
5861888.291063337,0.20293544815716186,5.057071763954152,20.154808625396168,23.57586348588201,67.38869291029286
5863065.667857798,0.2028253639641274,5.056841907981753,20.181108219831092,23.60164929257352,83.05660899906978
5864903.322903089,0.20280069473108006,5.055724917058175,20.19285330906381,23.635328443179592,97.21031400408835
5866554.513009805,0.2027664184187302,5.053657204412574,20.197261880171908,23.670038339103762,110.05832463111108
5868180.690666858,0.20270507663173218,5.051644153674339,20.2125449084858,23.69184094138723,121.82554554088001
5869767.178456597,0.2026392960019309,5.051549822829604,20.24676664352847,23.692479958048693,132.72849483930602
5871368.906780614,0.20255349494520553,5.051875773311897,20.281239240363295,23.690970170369773,142.95891049644274
5872864.037706945,0.20245614586092261,5.053971982297025,20.31422752505124,23.685966608183367,152.68693869048778
5874105.828562466,0.20235984806742005,5.056360689712533,-339.66518432266565,23.684878446020292,162.06208288689336
5875357.897342933,0.20225216009467908,5.058508812354153,-339.6513707766454,23.68785549641865,171.20882056639346
5876252.780327657,0.20216830291943216,5.060040787448124,20.35441183117254,23.692851967233864,-179.74964679894617
5876866.650134658,0.20210464312843288,5.0611942833180805,20.35541147496132,23.698969171934092,-170.70086427041596
5877209.956239017,0.2020619302882119,5.062659668777267,20.34955692003878,23.710245028075967,-161.53184297658984
5878033.3987492025,0.20204186677286634,5.064895239764753,20.294638917217217,23.734237255776105,-152.08751386222718
5878640.062010128,0.20207937414990396,5.0664193006740685,20.240718618169073,23.757138654833014,-142.27299610870858
5879447.349624099,0.20214161482856388,5.066914964602531,20.196741451090542,23.76812213997693,-131.93920155730734
5880308.084788898,0.20224831220354206,5.067285081220616,20.15248489042227,23.782306899827734,-120.92239913541759
5881784.531461293,0.20236322142464855,5.06741810448415,20.099917577987163,23.799268064199936,-109.02054521783924
5883127.640797809,0.202522581665733,5.067305271237193,20.068175113687943,23.809351294182797,-96.03593106329772
5885150.413933357,0.2027229753313067,5.0670976567595,20.04041166337527,23.81554461642774,-81.72643923138823
5887289.03171852,0.20295863250240315,5.067067627326205,20.036202000687325,23.816004584104636,-65.90610616071446
5890323.030684782,0.20324515409451432,5.066871209954965,20.040083851198197,23.817619686527784,-48.4597650491613
5893287.58218996,0.20353397894492775,5.066765685928747,20.079064463446837,23.817866291904295,-29.51311277661867
5895216.895304516,0.20372349322906066,5.065910369755651,20.15349086099824,23.81754159075608,-9.48122437323394
5895961.419954896,0.20376906294916908,5.063351040955258,20.252257939286682,23.80621597261062,10.933673018002596
5897461.082617542,0.20382277067767735,5.061588147503681,20.323325243827714,23.78849128176334,30.92812372128061
5899259.015210627,0.20386083100997512,5.062510472956966,20.357366274750667,23.807222830630785,49.76205446485267
5900599.595702024,0.20377975004412965,5.0629973488606215,20.395254633156508,23.835854506295217,67.02968638157004
5901866.914166702,0.203666988526628,5.062750298044721,20.421810237085296,23.864293182507254,82.67303087403141
5903556.969253438,0.20362853709745884,5.0617024894803455,20.433510573151654,23.89610062621693,96.80839766393564
5905336.579189833,0.2035932147876878,5.05973322447212,20.442125330842945,23.929330939389473,109.63273161936073
5906962.35565402,0.20354515505496604,5.057240195238241,20.45205245209872,23.95650269634308,121.37690941161988
5908255.505308036,0.20349462473819582,5.057107568970044,20.479602640452597,23.957425838999775,132.25999812719712
5909816.212594841,0.20341124622685636,5.057998730119839,20.515594572679,23.95330031595548,142.4613597421574
5911304.132118847,0.20331656852444827,5.059061085864998,20.546298585576235,23.950695648948567,152.1546920411722
5912454.555846665,0.2032339267976154,5.060722738806736,-339.4323731871545,23.94982922739798,161.48909808211124
5913528.212659748,0.20314352130617713,5.062578628209407,-339.41950711505046,23.95226236351363,170.59144177836535
5914417.077720121,0.20306136749212209,5.064497198717744,-339.413998547444,23.95834904702287,179.57913247283727
5914852.804652061,0.2030154421272435,5.067096895966244,20.580845242837157,23.971844561850745,-171.43481551978806
5915062.470842794,0.2029890922947983,5.068524122852336,20.573971086866415,23.982591298154603,-162.33605452441242
5915577.676493203,0.20300147242238772,5.068537119513868,20.54326784642818,23.98270618569689,-152.97643010876018
5916478.181664059,0.20300291863117909,5.069655914655318,20.4942164313411,23.999087020406172,-143.25960324341628
5917263.340160452,0.2030690770451299,5.070429571094548,20.443995937420297,24.01567578667471,-133.04282502529733
5918490.504655601,0.2031307000912302,5.070696343277771,20.398084050622366,24.02529280387129,-122.15982919986432
5919837.151044838,0.20324950414821524,5.070793284619833,20.354596352756488,24.03537454052486,-110.42700457476002
5921411.136411982,0.2034030041406045,5.070822610549481,20.32924485592839,24.032598955276384,-97.6335003136487
5923718.1172140855,0.2036006370420559,5.071011213935312,20.30557027810611,24.026665831924863,-83.5454161507236
5926524.202681696,0.2038395617165788,5.071923813020518,20.29931205477079,24.011561582228627,-67.9634186303797
5929170.429408139,0.20410374388721006,5.072208592822755,20.309209881193716,24.008859080796555,-50.783870615417506
5932042.354776716,0.20438605756546935,5.073354613997644,20.349275026371764,24.00365885522441,-32.07310935812229
5933924.030111475,0.204578932438152,5.073054547980858,20.42030663844666,24.003540828874954,-12.207043567580579
5934752.697683414,0.20463908664412525,5.0716379427789,20.506979019704875,23.99795738930282,8.154304610815773
5936337.7418626845,0.20470568901651626,5.070790506543657,20.56530879166902,23.990059104074216,28.205884031330275
5938022.429808725,0.2047421645466928,5.072006925017109,20.59427002747326,24.012412258331533,47.178898127265384
5939448.818221226,0.20467935784569982,5.072550962983023,20.633603710056263,24.038737288603926,64.6235811930625
5940891.8556090705,0.20459835629567932,5.072372134974465,20.6553031936875,24.071503072873,80.44523556807731
5942658.328553192,0.20458152895488999,5.0715769117799185,20.67143036613789,24.09823320908222,94.73896945921062
5944471.047477175,0.2045493970838392,5.069896888693531,20.683595690245483,24.128479299647527,107.69158216201345
5946357.38883022,0.20449578638315308,5.067067627960719,20.693909098438418,24.161087568800816,119.52850873700258
5948165.505941521,0.20442583510940343,5.067038994423892,20.733287654044688,24.1612663691566,130.47054523728204
5949735.036877625,0.20434833790902598,5.06708344157983,20.76619610865457,24.161018861447022,140.71507382888257
5951002.928344557,0.20426726838656742,5.067887725740272,20.791883493150365,24.15879756137006,150.43300719725792
5952198.201666551,0.20418126872572712,5.0700698760228695,-339.18584539854544,24.157029646697602,159.76505824110433
5953215.028212685,0.20409721864782135,5.0717201358588495,-339.172934572847,24.15869881273915,168.84443876074022
5954061.256069262,0.2040213208006511,5.0744456929265,-339.1685110207271,24.166459723121143,177.7864567379517
5954399.951668352,0.2039864703806961,5.07641623317853,20.83052057955922,24.17593493324649,-173.2951262078219
5954413.062625717,0.20397568937060662,5.077691399708702,20.830349563324408,24.184930403995804,-164.29310118485253
5954576.963887688,0.20398582500939624,5.078612360345603,20.807783369841733,24.193989692687836,-155.06972989638734
5955023.173797164,0.20402677283676346,5.079505998492247,20.76674607063802,24.206186928545595,-145.50782276018617
5955705.414384179,0.20408501394183476,5.080221699618692,20.721566204835728,24.220250217079013,-135.48199888614283
5956661.725103501,0.2041445362285671,5.080486524406047,20.682537306742315,24.22860130455542,-124.8371444532714
5957776.198920447,0.2042509845990061,5.080489985544656,20.652853800897635,24.228664925511424,-113.39238127026984
5959354.512982486,0.20438341659213138,5.080482018343268,20.61962432932311,24.230777712441206,-100.93862101358954
5961078.281447351,0.2045639581670556,5.080886700971827,20.614131582641654,24.215309072193204,-87.26320649225413
5963840.523332465,0.2048045373626815,5.081955986901015,20.611044899844753,24.195018725683767,-72.13580733746237
5967072.325614667,0.2050928040610569,5.082980515392277,20.61487224162013,24.18404560565226,-55.4200402549553
5970169.826393411,0.20538902949740842,5.083629110600116,20.64332897476622,24.180366883745965,-37.13627468464752
5972715.468468126,0.20563091791072655,5.084835218138704,20.702617197944353,24.178529296931195,-17.564698000394458
5973497.482111761,0.20570794209140106,5.0843234477954775,20.790695569114046,24.1769258120157,2.690863732294675
5974352.175106296,0.2057386988923846,5.082560350035571,20.850936180981307,24.1634657322951,22.87290604558057
5976089.785475062,0.20578134997902764,5.083583799275605,20.891144751783646,24.17899966893575,42.142919653959254
5977535.153692212,0.20572926623626578,5.084325980134588,20.933053873878194,24.205162868301013,59.973129597037676
5978854.19831706,0.20563559903605455,5.0843563191092445,20.959691749342976,24.23658285382369,76.18815209041273
5980546.540490139,0.20558677642549184,5.083524026554535,20.97107969128773,24.2721542859155,90.83734546018478
5982413.552612573,0.20555112689566332,5.081998647077174,20.983952445444032,24.303590670940945,104.09067716284869
5984005.286948273,0.20551157180411223,5.0801393506255215,20.996348068186744,24.32744620366145,116.17623426467041
5985566.364718337,0.2054499133060018,5.078776451801959,21.018785714957417,24.339058844955808,127.30880786642231
5987231.8293978125,0.2053670140246952,5.078919674280806,21.053866430307913,24.338224652692862,137.6858082549787
5988387.62867287,0.20529312250147755,5.0795506797288965,21.077087024240225,24.336120500252438,147.4950300999522
5989394.185947167,0.20522395162210016,5.080352332172612,21.095901238194905,24.335042657305422,156.87818372699533
5990160.828158664,0.2051659558093309,5.081462686628631,-338.8915510346214,24.335587935460186,165.96983935342502
5990405.212340215,0.20514904557607078,5.083956881942834,-338.88910144857255,24.34133078445028,174.89054069481193
5990449.789178928,0.2051451403732027,5.085401309989062,21.111624429094757,24.347389283695826,-176.25069560511102
5989864.686065713,0.2051940072238399,5.087768225645896,21.10842245858612,24.36235422202064,-167.3505219848381
5990143.049571585,0.20517432737734778,5.088085867340384,21.099935692821557,24.365161988249213,-158.27456652311977
5990561.091956677,0.20520837335705833,5.087615374802532,21.07674222038611,24.359357453525547,-148.89761983828336
5991179.01331228,0.2052578332026564,5.087860021747996,21.04215489382895,24.363571121668755,-139.11004251968296
5992046.274677785,0.20532052356024805,5.087938347278198,21.00892744231078,24.365596384086594,-128.7633398418629
5992854.827260356,0.20541033668646827,5.087707113981632,20.9965900934222,24.353544185191517,-117.69385517460701
5994216.564222412,0.2055380318910606,5.08768655414327,20.985053342503015,24.335549999957493,-105.69306893742802
5996414.197341638,0.20570781378934838,5.08789911125142,20.9603431352287,24.324115570437506,-92.54048573385695
5999107.545396633,0.205924217313651,5.088782180857444,20.950812583286076,24.30326999381141,-78.02379676274052
6001515.807620758,0.20616052524780287,5.090832403398304,20.972211599879248,24.2764342411338,-61.974285201217064
6004616.995209986,0.20645690923890378,5.092398117877389,20.997559579406516,24.265161413612837,-44.31607844123352
6007465.753563585,0.2067272216265709,5.094086691875147,21.046414290624096,24.26028125895388,-25.220462302596566
6009972.820087023,0.20693717713788043,5.094317197209302,21.119938731977122,24.260313603124132,-5.169824302438974
6010842.972460646,0.20697599814232456,5.092476625345373,21.212073521541214,24.249898725918342,15.090858058663326
6012423.277667895,0.20702581278071622,5.0929983314273715,21.259040463463936,24.25589580543777,34.76139520540534
6013832.010439446,0.20698899612374091,5.093978906300093,21.30482037169588,24.28007306491351,53.15102153910195
6015076.193503873,0.20688851515962825,5.094289530753969,21.340225582958087,24.3095109544758,69.96154961718047
6016375.767079599,0.20677780413562405,5.093794437726875,21.35803947818416,24.343760346704816,85.16747513688642
6018129.919244144,0.20675873395369204,5.092356749331964,21.36226604848683,24.380702084155043,98.90718789305713
6020045.630462373,0.20672317968217252,5.090366587274117,21.375795344290346,24.410742261825177,111.3800004165453
6021954.790669944,0.20666788179247964,5.088019560394205,21.394909042028626,24.43401366587193,122.81402987769661
6023252.7437776495,0.20661969954428736,5.087586651126139,21.420183328295177,24.436839399612236,133.43062659167265
6024551.78977254,0.2065547559893711,5.088625331155528,21.45106310109993,24.432533937881626,143.40064551263828
6025314.725557843,0.20651704503046844,5.089891312025829,21.47055262188043,24.42991154798286,152.8915583506303
6026023.037702333,0.20647346950159784,5.091970434926249,-338.51369480906794,24.429478488862603,162.0341926921639
6025969.102769053,0.20648882144296726,5.093796406648877,-338.50919699729604,24.432358682282324,170.9587656227404
6025612.275070673,0.20652756909888625,5.095636123732267,-338.5066985382107,24.438626150043696,179.76980250916606
6024836.773672035,0.20659929059519586,5.096671884701367,21.497721098462094,24.444215271527977,-171.42354493866208
6024461.691376336,0.20662733614035914,5.098030239564411,21.4952478639662,24.454711287363004,-162.50890509610386
6024619.274558254,0.2066552250565229,5.09898680233123,21.46562529109929,24.464912279863384,-153.34673176070822
6025172.002212759,0.20667621331215666,5.098858607422153,21.44248544425267,24.462983218179268,-143.8348611555898
6025843.376967808,0.2067283239351639,5.098216819546213,21.42861570613685,24.449048685331718,-133.8372896941938
6026732.503019255,0.20680826455564844,5.097892167762848,21.411390896420933,24.437153907378402,-123.19635738070797
6028313.628855359,0.20689111121103632,5.097735075362618,21.39019221263596,24.42053978695658,-111.72117112578549
6029853.267430464,0.20703713015574368,5.097984014222115,21.389789282447808,24.39315160240506,-99.2220565104291
6032028.455730822,0.20722252453241385,5.09856131656284,21.380543152142433,24.374227725207973,-85.46349165664986
6034470.404835967,0.20744896736174034,5.099929120756328,21.388350321989154,24.350840825919985,-70.24403334971012
6037675.248406788,0.2077252311619133,5.101897117072867,21.40089281336506,24.33178248449122,-53.41658024228851
6040228.689039312,0.20798722204491726,5.104103957026348,21.44431947329983,24.321116522878874,-35.03961973991105
6042226.175151696,0.20818881120287605,5.106113894113122,21.508114937258085,24.319372621674265,-15.41731745894268
6043610.102779809,0.20829410894806916,5.10633493948501,21.585352668209055,24.31985486470671,4.823818661551232
6043933.654866772,0.20828889598885772,5.104046080856068,21.646532781136063,24.300591136147123,24.897135813113085
6045226.236475632,0.20831034698723233,5.104915527572029,21.677369900076624,24.315157887945293,43.990707182288006
6046616.933321504,0.20826797397732436,5.105515582017414,21.712129743324237,24.3399722498792,61.60337152751561
6048048.550828347,0.20818425042366603,5.10544322368474,21.740912657996855,24.367546301799997,77.58612570612794
6049404.924308451,0.20810060326917892,5.104668372513943,21.75537432097724,24.396237086114997,92.01665633624634
6051331.868706491,0.2080736548632115,5.10304777325966,21.768513978276477,24.427083503202603,105.06778467614926
6052773.359975442,0.20803889675885046,5.100908963194942,21.774934210538408,24.45287252076558,116.97607333117057
6054324.72233123,0.20798729736821467,5.1004945515817015,21.805290456088226,24.456171110707988,127.94678878766365
6055602.539693266,0.20793387314153777,5.100995465470708,21.83494346281403,24.453510734433443,138.18451212508472
6056337.020616984,0.20790350878718042,5.10192339741663,21.854268311967168,24.4506801024903,147.8639041938981
6056585.89315117,0.2079003437202094,5.102594500185481,21.863784652873747,24.449924269204686,157.13026656719836
6056855.736632654,0.20788392961446678,5.104037116699253,-338.13056649095114,24.45090703562274,166.10834020442118
6056723.951709028,0.20790471520822906,5.104822775247298,-338.12423986173155,24.45283594911179,174.91208103802362
6056303.745346095,0.20794595831035384,5.10645113259772,21.87570282808595,24.45990627808069,-176.34562017491186
6056069.481414391,0.20796199598773787,5.107459940350368,21.878299552292663,24.466412520012117,-167.560685298819
6055605.495088777,0.20799843829970008,5.108665334699412,21.874783078375657,24.477265759419367,-158.61980210197396
6055958.065313535,0.20803262361695718,5.108238740663769,21.85388348536295,24.47195542200425,-149.37482949817414
6056682.078029156,0.20806622371836656,5.107974709870819,21.828328540052176,24.467316087930868,-139.7265222489318
6057777.758913076,0.20810898792303376,5.106868656720946,21.823156726158814,24.437820909783127,-129.52859826306917
6058849.302464431,0.20819545812350318,5.106308621240397,21.82156596513742,24.408975357562017,-118.62173574257267
6060121.312300554,0.20832136504938717,5.106258534003803,21.82720607883867,24.375716760522444,-106.81127516176946
6061709.97532546,0.20846468301223922,5.106755658223213,21.83013918278072,24.347983421598368,-93.88033658322769
6063874.503274029,0.20866599552499254,5.107827008269421,21.835154157940494,24.322113759443575,-79.60398893218978
6066209.3870224375,0.20891222552287833,5.110456675259719,21.868082151704048,24.286843818907794,-63.80012875824744
6069176.327473573,0.20919449410121457,5.113455976420891,21.9015196291832,24.264563583733462,-46.37254835379155
6072062.611970199,0.2094719615031394,5.1161525278741244,21.952635993585364,24.256205037316356,-27.466711660152505
6073924.335976679,0.20964472792506025,5.118080869322705,22.02111232702364,24.257640642174223,-7.523797245191469
6074439.240784945,0.20966906942634148,5.117809117034725,22.099166106347656,24.256008573699987,12.73084571562425
6075319.543914681,0.20968422104105883,5.118762674637483,22.133216069535518,24.266479789710903,32.4868441114316
6076895.409758804,0.2096667977718031,5.119745212835292,22.17955541005841,24.289141090890848,51.00650575600616
6078054.379965076,0.20958009309806577,5.120102749221319,22.210997567801112,24.317708938810345,67.96383152899317
6079549.958035281,0.20950117400209925,5.119667684925282,22.228623688428446,24.35159178615592,83.29799688534256
6081224.182869082,0.2094862704507782,5.1184823864248,22.23555580740394,24.383271167703267,97.14065029690661
6083028.651486801,0.2094565455438213,5.116137160440815,22.239610018039585,24.41963132967369,109.68628226032455
6084091.668579116,0.20942838540419867,5.114139278950802,22.242689185991267,24.439897329348515,121.17919293134115
6085282.87614953,0.20938809252372548,5.113489787209457,22.263917984954894,24.444266623685884,131.81108984892526
6086186.023599954,0.20935201867041425,5.113128291102632,22.28179265666765,24.4457876679842,141.77684108273792
6086399.119033912,0.2093572931565114,5.113683460759689,22.29130252361754,24.444542105403617,151.2425385886418
6086532.629152058,0.20935974786867143,5.115341744213929,-337.70134882043595,24.44391857037943,160.33873274734117
6086117.364962034,0.20941118078370402,5.1172197657686125,-337.69858691564315,24.446524774435293,169.1894217001321
6085669.0284594875,0.20945957320686334,5.118854622205191,-337.69676854658746,24.451719468746887,177.9049537969139
6085320.589650413,0.20949157551953015,5.120914635497819,22.30100256953631,24.462250553831268,-173.40662798983868
6085043.660375038,0.2095110643156922,5.1226283880272945,22.296083116762865,24.47482731487541,-164.63680697403484
6084915.617285468,0.2095333230036482,5.123381141618372,22.284607061623003,24.482429125477488,-155.6645152818045
6085490.019624939,0.20955282542092485,5.122968793128783,22.263451454280784,24.47665837348378,-146.35936124285402
6086453.826985078,0.20957384637671872,5.12217009233402,22.247182643199572,24.460675389458036,-136.60632540469774
6087255.1946005,0.20963149747121773,5.121795328285143,22.233061894014693,24.44860864217474,-126.26530908871779
6088718.702974115,0.20970507768115154,5.121556565102108,22.21481890219226,24.43072794603351,-115.1452998580091
6090588.69150522,0.20981843836365913,5.12174880826477,22.217800176278573,24.389941317059005,-103.05355741521011
6092557.107078051,0.2099829707109122,5.122380546173754,22.21494522519475,24.36475875926934,-89.77913882582901
6094490.224692242,0.2101757335706426,5.124079478758189,22.23549983370271,24.3312839862086,-75.10389246922273
6097308.923536101,0.21042962912848476,5.126202980265564,22.25216958257369,24.307528490690657,-58.841680023262064
6100503.818544034,0.21072212221661066,5.12946352605279,22.287440511917072,24.288153174942863,-40.96872765668954
6103520.151082829,0.2109962276138125,5.132067777212313,22.34069694971899,24.283259820422987,-21.70749042344559
6104778.7710180525,0.2111138992694566,5.133269220736873,22.414615641557713,24.285562226846,-1.5985063458827087
6103890.355574612,0.21104167240535363,5.131225762698543,22.473251159468255,24.271635772002792,18.610038099384095
6105128.880572436,0.2110688523946304,5.131679498885463,22.512601157534494,24.277780739316352,38.0561922986956
6106592.349149771,0.21102759216861558,5.132426413710571,22.55763511483473,24.300572529857202,56.122225092347364
6107827.471726324,0.2109211094873296,5.132550985437455,22.590306075612606,24.329791403163963,72.5732025155122
6109181.111429526,0.21081691690602194,5.132026781750175,22.61403729455883,24.355239397802254,87.42424383960353
6111045.075046824,0.21079935602954908,5.130340435490804,22.618966104866946,24.392237009901887,100.83178345890929
6112536.385654835,0.21077145766748276,5.127883861825659,22.618879624733584,24.425274228996127,113.0171114293487
6113756.381036771,0.21073424272645225,5.125721687619551,22.625898102944536,24.444579481956474,124.20146806721645
6114923.715547556,0.2106861847594331,5.125410099744576,22.64829691243335,24.44639277776323,134.58469357401012
6115314.425384212,0.210675894759179,5.12567348319872,22.658600458893027,24.44542351161776,144.35809540866967
6115196.375891261,0.2107023586697874,5.126710505096219,22.663189484459803,24.443718460979593,153.66736366871385
6114732.059246501,0.21075994324056832,5.12854236697147,-337.3347450363682,24.444009884072948,162.64100603492858
6114043.65487998,0.2108348346170679,5.1305140708850985,-337.33482022761217,24.44776906794251,171.39706381614909
6113328.511361739,0.21090798290705104,5.132375937166874,22.666718949689546,24.45467903427114,-179.95740714030055
6113073.3968019,0.21092952148680563,5.134891008608649,22.66011824600041,24.46900222714742,-171.3108533796581
6112665.16679484,0.21096635867071595,5.136169685962536,22.653499069351138,24.479254002061435,-162.55387916336426
6113077.014312478,0.21097782216895128,5.135872853146187,22.632751524978797,24.475970378109995,-153.55199648156855
6113656.861606285,0.21101058412425144,5.134853312964737,22.619743115980448,24.46043996679702,-144.20749998159684
6114564.301915687,0.21103960527233143,5.134134354171929,22.60560614900873,24.44446224620638,-134.38762386172655
6115495.20883234,0.21110150813506423,5.133377473233615,22.60588770395218,24.416095959420712,-123.94035527083673
6116623.671425555,0.21118717765748438,5.133106811436834,22.608677156637157,24.38615101522399,-112.6843915674359
6118429.320753768,0.21131456412991328,5.133384982395703,22.604614142470588,24.356447771251503,-100.40589346117517
6120530.331945181,0.21148838605059778,5.134575960793073,22.616144518700022,24.317411396188827,-86.89209717134351
6123432.817347104,0.2117244409588337,5.136416744927663,22.62323487434564,24.28578087500755,-71.91894466132909
6126175.420573574,0.21199481641203458,5.139431872660879,22.656242280443937,24.256251935013374,-55.35203903053291
6128918.703366673,0.2122605422518212,5.142297810996196,22.695956594848933,24.24202476896425,-37.184930529200756
6131348.505209522,0.21249436629661364,5.145179326480594,22.757999525225397,24.2390892642606,-17.70648434446718
6132149.047070466,0.2125713220759505,5.14642382436159,22.83697641842568,24.242605504622315,2.4810664802418585
6131699.978238964,0.21252122038157073,5.144760725080075,22.891137952846975,24.229186735697375,22.603490416007006
6133459.3136888165,0.21257231479651814,5.145962954553035,22.920390007407157,24.248447562775496,41.806953016197006
6134982.982542397,0.2125277874474937,5.146551243937511,22.963403419947543,24.271238142245572,59.54846645103003
6136414.5525368545,0.21244622051957926,5.146504867742225,22.988374309277496,24.302880427042094,75.6543683206202
6137855.645420594,0.2123525634188006,5.145648876603365,23.002543078956876,24.33565690999897,90.17510193911569
6139594.721175311,0.21233173483970622,5.1437305487963085,23.004208115348025,24.37273357536549,103.29056559153508
6141201.6624992415,0.21229884338647365,5.142089190939645,23.01921264762437,24.39271412476059,115.22106806431553
6142149.861203551,0.2122692929144556,5.141264161137264,23.0327069501984,24.399397975558426,126.1992423187961
6142956.359824225,0.21224586850843835,5.1409492548784534,23.048641352961354,24.40105110301695,136.4124321313983
6143287.05414417,0.21224425354022014,5.1412167638819986,23.058741456115765,24.4001945509267,146.03979568364483
6143335.613557598,0.2122557678407978,5.141853418670243,23.064537408326903,24.399400408177325,155.2268963702488
6143458.814196844,0.21226288363651397,5.142535838943159,-336.9264479598367,24.399755312262847,164.09596556524127
6142880.359093213,0.21232547653963502,5.144412257194434,-336.92695446595735,24.404012356560816,172.77397210885147
6142292.796217952,0.21238509279070258,5.1470634881821296,23.071399920149684,24.414843795648103,-178.64182847395656
6141695.231090767,0.2124378931680044,5.1485360878578925,23.07224257473918,24.423825159660193,-170.04208092869152
6141409.477131648,0.21245157066744957,5.150289926308735,23.06798678674729,24.43873251770154,-161.32150425635936
6141647.495970773,0.2124620905101522,5.149891859393996,23.058093709684883,24.434090184947085,-152.3432012626488
6142093.425952701,0.21250349941582325,5.149576836772347,23.038426124486605,24.428989664908187,-143.00062296501784
6142820.178610282,0.21254689384116024,5.148668348284898,23.033807675575254,24.407352813471014,-133.16553340963907
6144110.657628074,0.21260922908588145,5.148417088470101,23.008891036569292,24.396805993412265,-122.67215593943138
6145302.1783344075,0.21271491430527692,5.148256922207324,23.00631923786281,24.37165594907248,-111.35452962566268
6146991.3489123825,0.2128452749452336,5.148617773544851,23.00607850827768,24.342092960738928,-98.99365277556342
6149418.713887773,0.21301663296758727,5.1500747201159625,23.015902610776415,24.29911742387643,-85.36069597544869
6152282.28316308,0.21325153169342886,5.1525531569472625,23.033397574553973,24.259732433131134,-70.25130594953612
6154958.913377697,0.2135163612984439,5.15520981625696,23.063652368154724,24.235677532676856,-53.532638020984145
6158223.461892834,0.2138192703626013,5.158584221932642,23.106708220463002,24.220763185011023,-35.22030144102909
6160508.055102512,0.2140387910228837,5.161981323778304,23.170235773260384,24.21895902690388,-15.637609860924693
6161627.234110473,0.21412674600526202,5.163307535135472,23.242139038270395,24.223412621134848,4.586884388444257
6161305.384320067,0.2140821709892614,5.163102284533887,23.283031842904517,24.2214385519032,24.650854056601183
6163314.67241467,0.21414148309601536,5.164145338751868,23.316331657668034,24.239671427181662,43.71468447556983
6164736.9988210965,0.21407793279585868,5.164703092040525,23.358347828675203,24.264807565832907,61.274970881498035
6166083.710135505,0.21398080911446743,5.164555306082993,23.38295515461833,24.29658684194055,77.1896900368919
6167542.797634486,0.21389031977584128,5.163600054603799,23.3959948690716,24.329116450712043,91.52935069099102
6169502.62049113,0.21386941032057102,5.161880461367803,23.407789432184398,24.360098912665467,104.4766624285055
6170835.840483213,0.2138426241844263,5.159971551344068,23.414528209332644,24.382069304715543,116.26992913577683
6171519.385038834,0.2138296102836639,5.159577588780643,23.426271318548384,24.385068638573923,127.12928590611067
6172212.521257333,0.2137989961377921,5.158549582868106,23.435088959258888,24.39020335348877,137.23877963320908
6172109.994157592,0.2138271327765878,5.158357172458308,23.43674017962997,24.39073690023574,146.780077478174
6171794.804576635,0.213874322031684,5.159158272101106,23.439755144789704,24.389914106657535,155.888539182461
6171438.03736598,0.21392056197016696,5.161187417419561,-336.5582519244209,24.391385135903736,164.69164677203048
6170746.869884765,0.21399626775849329,5.162787213093862,-336.5564320646889,24.39530214968774,173.30375177160104
6170180.325162729,0.2140532292003651,5.165014601825841,23.442847094268895,24.40479799093082,-178.16883814133433
6169537.566810152,0.21410967442221016,5.166890386047239,23.44138608492262,24.416590844610074,-169.62110468387658
6169029.807457076,0.21414775198127337,5.167927281528759,23.44165819227408,24.425615163360447,-160.94590813331024
6169157.683509752,0.21417362691491393,5.166853883930537,23.43924151039396,24.412849178129644,-152.00946263901426
6169684.4454277605,0.21421051205085379,5.165382062388515,23.43770417012451,24.388562689568055,-142.70436458238476
6170246.002831513,0.21425487566401907,5.164803852503779,23.430430910917693,24.37438879871692,-132.90858153239193
6171529.654172817,0.21430812679854613,5.164450678847136,23.411825238322585,24.358964105098263,-122.44710879904794
6172831.234992137,0.21438676621543906,5.164259161410794,23.41778497292819,24.323790696104027,-111.15383824031308
6174710.84479419,0.21451265817900067,5.164766406714357,23.422827840843777,24.28532006257856,-98.8096646968666
6176788.568712508,0.21467922831285405,5.166148662319652,23.43660244785359,24.245905142897186,-85.19788602696903
6179531.5096951965,0.21491247915599507,5.168466943035667,23.453785335242163,24.209954052907566,-70.09733038226167
6182961.157332525,0.21519822781495632,5.172017580421937,23.478164470896708,24.178587594884082,-53.36195444119889
6186427.249077767,0.21550288618314953,5.176266638836767,23.51904879844251,24.16047549990955,-35.03214479028212
6189205.327552423,0.21575011385748247,5.180107752427093,23.57920970131967,24.158921347831843,-15.42997259516834
6190682.593390267,0.215860101230264,5.1815120747684835,23.65369579310261,24.163811945955356,4.804704375652224
6190348.414242277,0.2158112432860454,5.180315783036019,23.7082085964693,24.153042541091573,24.866196184884878
6192305.900357004,0.21586182716654098,5.181530518123178,23.740441377859597,24.174754952656833,43.915440731237
6193352.385590812,0.21578185715867323,5.182096432190001,23.77510813855685,24.201399800779537,61.45587482886905
6194389.994258748,0.21566973727214897,5.181918705050154,23.79524167189483,24.2332024180483,77.3395558073281
6195793.880684897,0.2155663478356298,5.18095144205096,23.809317448575996,24.26500324618482,91.63769963555866
6197697.361660313,0.21554649321773342,5.1795846872164795,23.826351762089086,24.28904568979757,104.54267704509307
6198760.900844369,0.2155010913891939,5.178416604078003,23.836327701570873,24.302201257643272,116.29625486715413
6199903.275437068,0.21545892227306554,5.176574155160734,23.845997070627135,24.316116318008575,127.10129095938625
6200285.259748904,0.21544624835738826,5.176638905352232,23.854391657934173,24.31577089006903,137.17094836773725
6200293.882268069,0.21546450680773988,5.177219153406921,23.859557103812893,24.314129127122534,146.66466078068453
6199977.187933641,0.215512566075749,5.178796338295754,23.86336899949343,24.312617207012448,155.72591097558706
6199547.2935071755,0.215565032400489,5.180724099603314,-336.13555921069633,24.314097698025005,164.481348759965
6199153.416766183,0.21561331163138056,5.182570016546686,-336.1326033826038,24.318672007215955,173.04100097393732
6198426.754811307,0.21568557502664076,5.18460582368401,23.865862337695944,24.32737835312684,-178.4835562204934
6198066.689306464,0.2157164191356178,5.185599988321755,23.86688527115421,24.333620996432614,-169.99018415401682
6197830.657739161,0.2157343692323164,5.186596493229236,23.862438317616004,24.34227016147672,-161.3721186693457
6198324.958980216,0.2157342124645733,5.185683530699327,23.85193001823388,24.331463506863628,-152.497854881328
6199019.389864517,0.21575015509308465,5.184689433840096,23.84182646274871,24.315182687486487,-143.2681683792969
6200111.842806045,0.2157812921260096,5.184324494768479,23.81694090509946,24.306337038608625,-133.54562386880087
6201175.027706252,0.2158483155931227,5.183525663353958,23.82079202974145,24.272398483933593,-123.18543713221769
6202615.454563012,0.21593876475125162,5.183359281320865,23.81582521446834,24.244929830178254,-112.00015464244576
6204462.263395786,0.21606235817455763,5.183837018574343,23.821317042067452,24.206454302862454,-99.78323522411559
6206587.776118189,0.2162306798947828,5.185342476360729,23.838787135677176,24.162222107490766,-86.312811577482
6209030.806344422,0.216444847467148,5.187688103984408,23.860014746937384,24.124909827267096,-71.36940907450257
6212230.091446945,0.21671291671835155,5.191639621744636,23.888971533635264,24.08894980950735,-54.7899826817249
6215416.366766628,0.21700521798219374,5.195360348194607,23.93030408182064,24.072227087191983,-36.599268244323795
6218041.883205622,0.21723944760436306,5.198144347965582,23.983782354905642,24.07039991252188,-17.081273845203885
6219606.231106998,0.21735757883460521,5.199269735675406,24.050435394357,24.073962976772794,3.14030690765855
6218295.464743163,0.21725543293135105,5.197398555119918,24.101421139311086,24.05801058113674,23.259344516857514
6220016.615606684,0.21729816020331058,5.198066102893284,24.139960147463817,24.06934167774184,42.41190945569388
6221536.860100899,0.21724773512147172,5.198672721906132,24.179544803523413,24.095622574245546,60.067822242123206
6222898.699726652,0.21715631958931153,5.198559895648995,24.208341617547322,24.122606475407434,76.06404525476556
6224001.138134951,0.21705433830226742,5.197547470023848,24.213298693817798,24.15742826682803,90.46738638042503
6225841.469117943,0.2170126327470475,5.195979729771098,24.226480260402006,24.1857259391693,103.44911787597545
6227312.12106441,0.2169848352363057,5.193813129078034,24.232639728060462,24.21068482694566,115.25038843786749
6228482.216546187,0.21695330661736512,5.191816111668969,24.241637025180175,24.22608362115267,126.09071964620661
6229215.459615033,0.2169363925051219,5.190811388466829,24.252533322632498,24.231125278211984,136.17144002130397
6229362.978816526,0.21695035300934973,5.191740838421924,24.261689229185684,24.22839972196562,145.66606912930803
6229223.5553468,0.21697517188239226,5.193281792592729,24.26517828536983,24.226746598853207,154.71799677273094
6228621.634315442,0.2170469490393791,5.194998906969206,-335.73368679921424,24.227855843018563,163.45120267043265
6228019.561976412,0.2171155648686205,5.1965508584119595,-335.73126417256856,24.231488039269344,171.97725463657196
6227308.050723905,0.2171871754315616,5.1986015863037265,24.267258055087552,24.239925620567277,-179.59486624865383
6227114.731233407,0.2172013557596001,5.200231303460954,24.267017215877683,24.249833795883344,-171.16504984595338
6226663.506889686,0.21723019647383385,5.200362962640525,24.278134532858598,24.250929283727515,-162.63106211752634
6226648.689515419,0.2172487470499341,5.200276263729947,24.27235805674008,24.24992178628459,-153.86447870855525
6227131.447054571,0.21728163090024305,5.199009893001297,24.26780361213918,24.23000489483902,-144.74996276721924
6227876.842566254,0.21731746660790463,5.197879175682692,24.267753305060193,24.204104702186658,-135.17212756585047
6228886.85652603,0.217369030680863,5.197035387558965,24.272231808205316,24.17131471838669,-124.97850892737058
6230441.058632048,0.21744383112132634,5.1967195989259425,24.274576558250086,24.13361808077091,-113.98783274778543
6232205.553794177,0.21756245155865916,5.196979186423836,24.268615099553156,24.107214770998628,-102.00607518923906
6234420.748005573,0.2177178894879304,5.198218349457384,24.27790097806911,24.066882571240384,-88.80484052740343
6237151.200486533,0.21793981372776494,5.200752943804837,24.298723828122387,24.02318849619993,-74.16178448403464
6240430.5673344135,0.21821098732796937,5.2044460056452975,24.32460532102417,23.98657082952726,-57.90014630390857
6243644.695045667,0.21849318993390215,5.208132275900354,24.358403978905624,23.967681910151665,-39.995423538747104
6246810.202676337,0.21876253991052239,5.211451753411737,24.40526765674105,23.963579352827715,-20.678818326845203
6247952.9883261155,0.21886753186127936,5.21327287271581,24.474855623352074,23.96825731655676,-0.5294810445255725
6246820.196057063,0.21878157009552118,5.210910853899549,24.530939681182883,23.950420388520886,19.678815811317914
6248592.703680605,0.21883814327532689,5.212289473766107,24.556554311338232,23.97125549196667,39.05340606206271
6249902.218988802,0.21877026417739795,5.212989555494133,24.60197078017577,23.996280987120784,56.98529860206985
6250969.584104748,0.21867814457686308,5.212984364266921,24.624073610098012,24.025405288201483,73.27123292287092
6252238.849942962,0.2185852671492113,5.212291683684045,24.64021362010282,24.052726212788784,87.92628945291871
6254012.3723472785,0.21855944276805317,5.210613272654674,24.6464001116474,24.08546869750154,101.12255214667991
6255546.947898768,0.21853367323740566,5.208248520594158,24.649693958981064,24.114427878532027,113.08954081720748
6256240.557748949,0.21850817783623322,5.206686274303669,24.651166674204234,24.12719432771713,124.06538800545007
6257036.156440213,0.21848246961395812,5.207192711497032,24.67023761443987,24.12443185586828,134.2348514328256
6256812.174725313,0.21850881484585113,5.207505753088073,24.669305367793942,24.12340693990329,143.79571621040046
6256714.0747279525,0.218539863807551,5.209299671186088,24.67601279774278,24.12098644809655,152.87562290172232
6256481.542077694,0.21857853482389278,5.211534013119298,-335.320155057969,24.121815332921457,161.61235849898557
6255615.373081397,0.21867060370513117,5.213672381425536,-335.3223087896882,24.12619654185475,170.12528917215627
6254746.609905735,0.21875956084890305,5.215344683286613,-335.3211018814263,24.132524362501847,178.5132182306551
6254148.85657938,0.21881429474702838,5.2172075485928024,24.678996297740316,24.1431217716548,-173.12020458574722
6253690.630940644,0.2188472869670362,5.2191683528687385,24.674423966616928,24.15863805780044,-164.67130141896573
6253770.973064564,0.21884356188418078,5.218786451234059,24.676285759680074,24.154525355266593,-156.0221794512862
6254135.925951235,0.2188669672207619,5.217318475618148,24.678375355462535,24.13301061788973,-147.0558148626986
6255075.23880443,0.2188792311993523,5.216559382456425,24.665736136607077,24.117105203975264,-137.65355295829417
6255628.977307783,0.21894629617132452,5.215643813712436,24.676406160195587,24.086196666398727,-127.68760966717308
6256818.985796377,0.21901521887508502,5.215172393773687,24.686048810628417,24.047934226288046,-116.97198530628638
6258045.492110543,0.2191190927994931,5.215315939435845,24.688819635669276,24.021860072469206,-105.32341206741359
6260210.340946248,0.21925876975408756,5.2165678464472585,24.70477941438071,23.97270874537181,-92.50424343759026
6262501.5263901595,0.2194593112722666,5.218354347248613,24.720489835334224,23.937470398258924,-78.30448446471655
6265725.979732728,0.2197217226979134,5.222017211460588,24.746594092827,23.895923307548856,-62.511412322968056
6269327.570653753,0.22002209808268833,5.2262199480489695,24.776768631041215,23.870000134875553,-45.04962954329887
6272789.607588746,0.2203195947233615,5.229704283548513,24.821280710131685,23.862441167131895,-26.07551999977813
6274585.869074479,0.22047957575727578,5.231804401074089,24.885684921858243,23.86574373492879,-6.069696463360849
6275254.957267234,0.220507902996376,5.231641492463052,24.960351550221933,23.86453742191991,14.199086714971656
6275655.008304652,0.22049297877227841,5.231517096821416,25.000437488045133,23.862826268705177,33.88845792743793
6276969.682964375,0.2204519919869983,5.2323952782399035,25.041912615211942,23.88705561011589,52.2504634194454
6278080.333904168,0.22035691664632262,5.23258063384434,25.070184787087573,23.916321755680112,68.98082966169491
6279354.118004464,0.2202435370108776,5.23193079524978,25.086650528083755,23.950049137600825,84.04453289893776
6280911.340942018,0.22015826586603832,5.230472519883902,25.096055722288003,23.982557837564322,97.59083934374753
6282635.346185274,0.2201246468580063,5.228690362760212,25.108444601042937,24.006648345958368,109.83888993072348
6283805.156637125,0.22010276621633426,5.227301674221319,25.120115964484466,24.019086584359684,121.02695144301515
6284259.2316372,0.22010315984111137,5.226744076501125,25.126949143717116,24.02238919349929,131.36891964518682
6284173.964734815,0.22013374653035264,5.226948818541587,25.129471575017934,24.021611350740947,141.04420017941186
6283873.303399179,0.22018163854698664,5.2285918051316544,25.133353833108657,24.01867842469921,150.2038304046443
6283505.67801133,0.22023510432541932,5.230887194465183,-334.86331135738544,24.018563625196766,158.9814361556656
6283027.217392754,0.2202953150268279,5.2322055144515565,-334.86008761433044,24.020688720985756,167.4970804765083
6282671.081428144,0.2203360058690406,5.234216253736877,-334.8602897865447,24.027347527663487,175.86019844631824
6282052.270169012,0.22039555843254915,5.235009257904037,25.144259092227113,24.03141953312107,-175.82865335367032
6281683.529654466,0.22042142280009114,5.235426068052907,25.15297481903422,24.03442987156057,-167.47093204973697
6281424.417453406,0.22045128000659636,5.235605121798421,25.149861948704576,24.036177134221237,-158.94863359967786
6281760.357244749,0.22047060423924095,5.234448798581711,25.14616849767867,24.020751195819997,-150.1483704185632
6282532.853555769,0.22048026271297402,5.233341786811615,25.14185487461673,24.00009302613589,-140.96127370895445
6283522.2293506265,0.2205028067887549,5.232500629532077,25.13838341250403,23.976069377621624,-131.25301942914993
6284636.464507796,0.2205618562480554,5.231729228077125,25.153703062287,23.93247575340313,-120.86552482471267
6286094.905544005,0.2206450202188638,5.23171904672479,25.162355472497453,23.893601411845527,-109.61076398950331
6287783.683653491,0.22077224556005023,5.232526590050452,25.17862414259371,23.850498546234512,-97.27966355613664
6290216.402295779,0.2209469040607161,5.2344485242184415,25.19551935501321,23.804423009390195,-83.63303458514383
