Episode: 525
5502007.078406874,0.20008725163706312,4.996060916253916,20.100509479899443,19.96105865527655,30.842455523449757
5503541.92108671,0.20009372576613635,4.997029372793965,20.142400964071243,19.981054554809347,50.448441069979744
5505035.1603448875,0.20007918174447537,4.997417898222929,20.168039627036087,20.006256305598676,68.39588768234316
5506702.77771228,0.20005356001970379,4.997096476936744,20.186733328698125,20.03598847086918,84.594218202424
5508064.66668039,0.20001273113067142,4.995909519495891,20.190909035203624,20.069030384131477,99.19265528328295
5509685.613228548,0.19996059634693739,4.994375516747773,20.20727652679108,20.09301894058942,112.4132722493319
5511286.919145741,0.19989414274952977,4.992330487229599,20.22440063981657,20.11351328673144,124.51647528727842
5512802.795827743,0.19981506210849362,4.991489208516353,20.252250170166576,20.118946615660334,135.74063740263088
5514464.163540613,0.19970698050415758,4.994852145398596,20.298032497913738,20.10588498207156,146.2904843547647
5515978.031669905,0.19958660269448045,5.0003143531838115,20.331434207498017,20.096702199334022,156.35497279320478
5517575.283684054,0.1994483138472924,5.005026624812761,-339.6482224163529,20.09818805728604,166.08660408685944
5519128.401214782,0.1992967956311804,5.010355462124698,-339.65008109634033,20.110290121972188,175.63733612718886
5520490.911808372,0.19915945373052468,5.0146995346817915,20.337981666115564,20.129087605181038,-174.8676332963782
5522018.149629345,0.19900310811081529,5.0192125189683505,20.306259328083886,20.159133574139744,-165.292634318259
5523546.865293717,0.19885174196415814,5.022752462656399,20.26192216564011,20.192870404223953,-155.5034695973859
5525100.8817259,0.19871306518445248,5.025887676464835,20.19964810246452,20.23512106256926,-145.35623266441797
5526751.363167837,0.19860424214936634,5.027848838528126,20.128671219526737,20.27394129341673,-134.68880099610038
5528516.722245473,0.19855054305257094,5.029019983666632,20.047450813927625,20.31261692583905,-123.32109300099577
5530946.418890461,0.19862759202490032,5.029499986975652,19.943136880675606,20.355020208810647,-111.0350345750896
5533566.469207697,0.1987596407324391,5.029161700232687,19.84576812556931,20.396175782256076,-97.61932083482564
5536526.5138924215,0.1989774518451969,5.028145940576863,19.767248121072395,20.429187776280422,-82.82827628854635
5539458.666565975,0.19925206850282565,5.026397537368791,19.719141377463995,20.457802667030425,-66.45087255885498
5542798.276703488,0.1995763622026665,5.02431735022907,19.70578668965537,20.47621326704772,-48.36517004392135
5546045.977910129,0.19989822969620907,5.021380054842469,19.737239663976315,20.48757007268626,-28.696513795374216
5548865.324628402,0.2001519660622685,5.0175543634306035,19.817434074042712,20.486246029115666,-7.907618405320554
5551063.25362763,0.20029291027393614,5.013331878099281,19.893342474982656,20.465912228696826,13.254721541978983
5552825.183812777,0.2003568455529211,5.013839143707345,19.94847949094354,20.47124273301103,33.83557476826601
5554401.597199351,0.20037283613126938,5.014803914397633,19.98121210725067,20.49350735513681,53.110150826430164
5556082.522018371,0.20036917817150596,5.015128996625007,20.00493544037627,20.520950088510016,70.7058615981442
5557616.233713606,0.20034470923620898,5.014700411007259,20.017714418703175,20.551748753116875,86.58525322913506
5559299.117625853,0.200292682784624,5.0135859981023705,20.034345986780377,20.5802441208003,100.89668767401085
5560984.938656585,0.20024079156858668,5.011681834543591,20.047475257536053,20.608452950597606,113.88390419479767
5562742.193717636,0.20016868839988192,5.009855833212439,20.07085709903301,20.62592057365464,125.79294882584351
5564463.826937331,0.2000761663886612,5.011175993155847,20.11619809286736,20.61767650782874,136.85687983284464
5566154.609592646,0.1999664433118773,5.014632642616015,20.161942906201617,20.605004788820214,147.27776163069393
5567805.197789144,0.19984006980490657,5.019385749646421,20.19686282693979,20.597811569907858,157.23207695387768
5569083.612030182,0.1997308696859838,5.024880238265537,-339.7874748905558,20.600304065999016,166.877842587101
5570607.311397934,0.19958476729206323,5.029700324874202,-339.78633500491327,20.61181982338353,176.34995477591897
5571971.25925597,0.1994476732555635,5.034692123776536,20.195361059216452,20.633955007505005,-174.2177598899313
5573420.994749408,0.19929951017616443,5.039191341345924,20.163276722177734,20.66436555308227,-164.70058906998648
5574693.735013248,0.19917270192268746,5.042981348168417,20.118468542851137,20.700884872542133,-154.96578239633476
5576160.505344192,0.19904412982149394,5.046075089755806,20.05694443066082,20.742957806536342,-144.86735467418694
5577615.6630048435,0.1989489188078662,5.048352116620921,19.98323249855193,20.788442910974297,-134.25016289700218
5579601.805492068,0.19892177212503082,5.049490230686772,19.894495072633333,20.82645547989337,-122.92077422739301
5582093.8893398475,0.1990115084765518,5.04998417572874,19.7865946575809,20.871302882071507,-110.68255830743087
5584820.483681174,0.1991640686101528,5.049658911083302,19.691225473189217,20.909506126345995,-97.3204474451564
5587780.314573396,0.19937909841608265,5.048555535910806,19.610626470331745,20.944984594914263,-82.59359478117513
5590961.511227166,0.19965369115199114,5.047114795643519,19.561837626123342,20.968422212885972,-66.28753255693181
5594237.337914469,0.1999729296857338,5.044705332233326,19.546627951540767,20.98969278548141,-48.29668539392821
5597474.446992589,0.2002915110901282,5.0415633691378865,19.57646241042299,21.001903047399615,-28.737525355596627
5599895.1840878,0.20051700050558008,5.037682656469528,19.655790149209043,21.000788483887927,-8.06776244737184
5602198.646306885,0.20066413435602298,5.033448781747597,19.736738950953526,20.980879289670163,12.972960515153478
5603726.549073508,0.20071230725864958,5.032796074243768,19.80377096837686,20.973729730269504,33.4551426170526
5605380.999213349,0.20073175289786788,5.033593788620886,19.842301127398944,20.991617872520315,52.652123663707705
5607016.330952266,0.20072162131723761,5.033951384493807,19.866376220085346,21.01935215307057,70.1921606221417
5608670.163490774,0.2006947822791841,5.0335297252675835,19.88069487399441,21.05209663221338,86.02809967762121
5610365.899352238,0.20065470787421896,5.032333565599069,19.893359875204894,21.083644697519894,100.30912242116499
5611991.861521691,0.20060812548992152,5.030034840111236,19.898163522400047,21.11852957554666,113.27014865909653
5613754.433681171,0.20054090151311554,5.028303759928263,19.922196970127178,21.135485953097742,125.15111548610281
5615500.882509854,0.20045364406148805,5.028411327785684,19.96109515458858,21.134755751944592,136.18357130428646
5617095.33599009,0.20034975263482407,5.031503657860738,20.003812591863632,21.122877856861447,146.57192488210362
5618744.279749244,0.20021867538769308,5.034815331454137,20.035168727149202,21.117281176708907,156.48762601874807
5620279.576529948,0.200081284493498,5.039508122344729,-339.94834735739823,21.118533846064377,166.08605820610643
5621885.274114661,0.19993017675005476,5.044875120901212,-339.94458427203097,21.13023394020518,175.49885612122853
5623402.9118495695,0.19977860880368584,5.049621025034581,20.04090944632536,21.150095413383372,-175.13768677119637
5624962.943066703,0.19961986576850765,5.053727032649194,20.01337428775357,21.17655733961678,-165.70168462163417
5626519.92516355,0.19946598644865124,5.057687283965653,19.9669493627787,21.21302407841981,-156.06211818913278
5628092.785557264,0.19932379108007592,5.060839504518729,19.90718330655498,21.253845524387486,-146.08147085090843
5629743.015516924,0.19920846627156966,5.063240628462304,19.831729935548612,21.29900893662446,-135.6049463753373
5631847.950426616,0.19921527174542714,5.064760138141813,19.727539701055175,21.345367113654024,-124.44286437783569
5634305.232211933,0.1992917454015231,5.065386886786948,19.61953305024415,21.39059457350674,-112.41818227465308
5636728.236813836,0.1994396625939476,5.0651609537450595,19.526277290972516,21.432410287803275,-99.32106306797746
5639646.117005255,0.19964320139803318,5.064168052403816,19.44283427991507,21.46887117119375,-84.90211380414918
5642678.523959082,0.19991029302882424,5.0626647366751705,19.39052452948513,21.495844255999096,-68.95233987671705
5645825.571401212,0.2002086630779892,5.0603685982441515,19.36754926978763,21.518374602823425,-51.336361768637005
5648772.25252492,0.2005115253905777,5.058131864928381,19.396180635387893,21.52872841883264,-32.13341118106748
5651722.580392417,0.2007794252261343,5.054365118756771,19.464484090745213,21.530427719148477,-11.724064777921122
5654104.310134165,0.2009416754657418,5.050104569582593,19.569276116869442,21.514210673420603,9.171116389800302
5656101.655531954,0.20102921685065567,5.049105919849651,19.639429074021304,21.50477304348599,29.698706609361455
5657543.820087787,0.20104566257637202,5.050230983886629,19.670985620426347,21.52621022882169,49.06888779107918
5659277.48482552,0.2010478493449958,5.050732450550713,19.697140242803975,21.55300254891532,66.83769145500814
5661013.6940418985,0.20103284058662937,5.050487110473048,19.712996883514883,21.585182475352788,82.91002803817612
5662630.527216436,0.20099633746599901,5.049400700479391,19.722144142110007,21.61873835361704,97.40639212277479
5664184.356782299,0.20093804711305627,5.047568594579563,19.730088661232763,21.649653495399672,110.54530116140397
5665913.500021579,0.20086623764553055,5.045639346947844,19.74948878683801,21.67045641631994,122.56442674209555
5667606.144283755,0.2007860169125479,5.0443253639359265,19.77754557309489,21.67975318369633,133.696836160953
5669080.756220438,0.20069016029855802,5.044016141699776,19.804697437674182,21.68108861671295,144.15115544677525
5670610.612431522,0.20058297239652412,5.04467929624887,19.834067695773218,21.6796002371473,154.09528084893617
5672233.282571798,0.20044389015976397,5.048968405356221,-340.14358450002743,21.678538423946005,163.6893285063969
5673791.12509913,0.20030140428679782,5.05356493578988,-340.13407311124047,21.68610086243931,173.0688267023684
5675368.29643718,0.20014577860600374,5.057974493706179,19.856932205526572,21.701941932328978,-177.63255104556393
5676663.788955895,0.2000133385135205,5.062156657362556,19.835885915046294,21.725949076224815,-168.29786279838797
5678219.09997231,0.19985709431433094,5.065970861691132,19.7974694236748,21.75760250712165,-158.79656455070847
5679812.775324807,0.19971443534285868,5.069141629081121,19.741907292362008,21.794526168903882,-148.9946161727676
5681387.264843266,0.19959982048548988,5.071353002038221,19.67775133581684,21.83126738444081,-138.75032297380434
5683538.429866781,0.19958779590408024,5.07316533467312,19.57239462093364,21.877730863900418,-127.87710622569578
5685953.856159883,0.19964163824433664,5.073971794451205,19.468616439530415,21.918254199898257,-116.21381765139816
5688434.182742927,0.19976724374051236,5.074015227193237,19.369406001191788,21.961105997210122,-103.55685164429534
5691047.460381698,0.19995463060019192,5.073383207574193,19.292092376199964,21.993387166534486,-89.67502558588126
5694158.44887843,0.20020585427075233,5.07209120646852,19.22838656675822,22.022029277570176,-74.33356547054218
5697163.455264231,0.20049444056164403,5.070003983087045,19.19704664353178,22.047174512917174,-57.37609685998196
5700393.107104337,0.20081396198184875,5.067679949087031,19.206675635242508,22.061666785632664,-38.78673023352216
5703011.727731025,0.20107748914285747,5.06438659690353,19.263625827700363,22.067838052736224,-18.839783375331805
5705492.251238247,0.20127228032657493,5.060257691336233,19.360145756336344,22.058659824397186,1.863961271395908
5707602.34526738,0.2013850092473299,5.057685765274857,19.4344651822298,22.040438176394765,22.51923383767798
5709190.968836933,0.20142300909467833,5.0590742678668805,19.469170036971324,22.060485726822954,42.260540755858464
5710640.125211265,0.2014242663435346,5.059697675163167,19.497139084669655,22.081232899142453,60.535279860452476
5712340.807956217,0.2014074652039619,5.059757357243463,19.51734642086692,22.11131910983256,77.12773258157647
5714126.452587796,0.2013865440637492,5.059010743371569,19.530798182594978,22.144098104270952,92.09784615823436
5715938.165708119,0.2013500518571818,5.057342587922779,19.54077475092293,22.178691705303326,105.63472942921601
5717754.182849418,0.2012955321135194,5.054977386945879,19.55346394252678,22.20895417751448,117.9749413517992
5719471.345968932,0.20122472887749301,5.053518298731956,19.579942601570167,22.221230376812592,129.3538371333448
5721223.1692176405,0.20113132004777862,5.054267154761237,19.620952862073214,22.217114372426774,139.97893364821266
5722903.874168033,0.20100929026921288,5.055003688828124,19.652389110813406,22.214804434158175,150.03937370992517
5724382.654905628,0.20089692188297106,5.058995192771713,19.681282193096873,22.210485124640904,159.69135037669375
5726024.173344472,0.20075358900084936,5.061751614038142,-340.3001613582851,22.21270909469237,169.07528178955803
5727629.664473899,0.20060061124451709,5.066308006650113,-340.298925523708,22.225001224450583,178.32341819521062
5728904.637921989,0.20047245257681928,5.0707494732767815,19.686232215621107,22.24594272208684,-172.44208543158302
5730223.465144115,0.20033866874909753,5.07503617558196,19.654066608836047,22.276076411362745,-163.0995864240177
5731785.365010945,0.20018689776067908,5.078692482695299,19.606138162584,22.3123309733001,-153.52201789953813
5733361.798738498,0.2000592727015932,5.081783762952419,19.539715229819375,22.35536664185035,-143.57166215717982
5735168.930915723,0.200011182239168,5.0840375516320195,19.447447441592278,22.40138207750186,-133.08587631883765
5737132.228803232,0.20003331263114418,5.085336712264732,19.34987928056315,22.44588792301196,-121.90756779791687
5739397.934457205,0.2001318626313187,5.085769581038319,19.25275131014422,22.487191214630368,-109.84198690889545
5741518.334193397,0.20029010541905548,5.085439159215032,19.174682665295077,22.52425009892422,-96.68326813967302
5744484.695928201,0.20049323326363178,5.084471935598175,19.09887351372172,22.555113511606983,-82.17710542691042
5747673.3772745095,0.20076683447289878,5.082682194895492,19.045691293105353,22.584279158606194,-66.13747484727304
5751108.992136801,0.201086223204363,5.080309947528149,19.027219830377486,22.605485596202335,-48.459642498230934
5753849.035983624,0.20136496618502386,5.078112252888786,19.060165904113443,22.614344638440464,-29.26113025621952
5756599.3316616025,0.20161107128086214,5.074274312927298,19.13566435322804,22.61417760533891,-8.966021972362489
5758854.380141301,0.20175401179036312,5.070307250466181,19.241490745893785,22.5970821185785,11.697289541999108
5760829.499078164,0.20183638099871723,5.070644174589315,19.295917908172417,22.600239827368636,31.899430566581
5762614.752895761,0.2018696165620846,5.071595641117097,19.33172135563267,22.619555299766215,50.89567793936687
5764319.292726349,0.20186803169406592,5.071885538567782,19.365745434759432,22.637017776644644,68.30164940911739
5766032.588163722,0.20185327619624716,5.071586987697246,19.379367254623638,22.669681871131978,84.0484452180906
5767682.290361444,0.20182647459259795,5.070566277078712,19.390623230163357,22.699982099568178,98.2647347173879
5769508.37844702,0.2017829702812878,5.068839748828877,19.405859787807785,22.72855352350849,111.16077883083018
5771269.4538939465,0.20170885282189494,5.066974427206751,19.426262101203104,22.748452561397453,122.97761760461039
5773071.439032458,0.20162735730224868,5.066937951229884,19.46554962092411,22.748669226833524,133.93299483489673
5774837.386486372,0.20152591203045717,5.0673730479780055,19.503321567134055,22.746713639342833,144.22487107305437
5776561.98355359,0.20140603341484126,5.0691001939203755,19.53826383571945,22.742784901638878,154.0239154113692
5778238.183027647,0.20126901086814822,5.070663653459362,-340.43694802890826,22.74225424648871,163.48050947821133
5779812.7134321015,0.2011260007097612,5.073343165985024,-340.4242867823187,22.74633298016377,172.72825316440887
5781424.194432925,0.200969419662975,5.078421455695219,19.569210309241093,22.763740433668794,-178.111500880711
5782963.581389839,0.2008145587081569,5.083257686502964,19.544757212001766,22.790396580281325,-168.9172414097817
5784509.173564643,0.2006617290206347,5.086521442895722,19.511677572319133,22.81641090574672,-159.56875160399184
5786068.863183817,0.20051837871470868,5.090119478764552,19.455588482237044,22.856512994673967,-149.94018069272468
5787809.514544442,0.2004492052172499,5.092744010198791,19.371186604037483,22.897853893204612,-139.87529601830016
5789728.016119512,0.20046072427922126,5.094699898212065,19.268999464756334,22.944366790380933,-129.23258183424875
5791551.092128478,0.2005338308209789,5.095706285396314,19.175090747383727,22.988300434166188,-117.85152637567371
5793608.467817452,0.20065846531410753,5.095827511207195,19.099438622139573,23.016698560735946,-105.52472929120069
5795914.48129864,0.2008301127036381,5.0952713192579,19.023917804795094,23.05196371734053,-92.03001127763552
5798709.118425164,0.20105763166134874,5.0939175858873025,18.95723536624942,23.08590661812023,-77.13831266859
5801890.499489449,0.20134108955468316,5.092235490807492,18.91940653900475,23.108598888592837,-60.67365947263399
5804368.086079508,0.20160262881769173,5.089577295766935,18.92118064970663,23.127879878596016,-42.59997477990487
5807085.831392046,0.2018729000027456,5.0868849141133055,18.966162018592538,23.135293173116064,-23.10796982664333
5808869.089493183,0.20203190680088054,5.083262573576081,19.047787089318966,23.130734496856824,-2.7206753332741416
5810903.991728246,0.20214136297233967,5.079029392566496,19.149372042496893,23.10649058256382,17.78260689337293
5812917.976760518,0.2022135378893801,5.078742757642801,19.210751634933356,23.102873138010672,37.579419524620036
5814730.157862747,0.20223918891658155,5.079495732482674,19.245618561383182,23.122215070706307,56.03542401401235
5816496.934721345,0.20223993094351922,5.079743372037826,19.268035668455777,23.14916173335454,72.87031936910613
5818174.814349741,0.20220313532184778,5.079339316399927,19.289801742958424,23.17467796339319,88.08073610285591
5819926.131676706,0.20217390676212926,5.078017235492551,19.300058509829324,23.20739085718568,101.83009947056799
5821726.3918992,0.2021278111648715,5.076283143064334,19.317127361945083,23.23280237211141,114.33837542277968
5823500.0665585585,0.20206450951140906,5.073862003119211,19.334155736306283,23.25610057154599,125.83694303887201
5825299.6138817035,0.20197916687113465,5.073380751339549,19.369850719507888,23.259127167951696,136.53599023698908
5826787.134908836,0.20189305126737708,5.0738402720910205,19.40159658131638,23.257315952632975,146.6278451081006
5828354.421603683,0.20178248167885898,5.075591925725656,19.432504575654153,23.25412900450764,156.26694020315878
5829993.901223449,0.20164431720593828,5.077609910642818,-340.5458954069732,23.254275080383348,165.59872686508308
5831575.0091998745,0.20150002100295017,5.081264533636665,-340.5361205074555,23.26127857207631,174.74993835879698
5833044.930014972,0.20135610380973815,5.085620872557546,19.45511292970562,23.277960505574157,-176.15625465675828
5834317.614437139,0.20122645362173697,5.090384323173102,19.429538899900944,23.306319900423613,-167.00741878488333
5835919.943224277,0.2010721062462467,5.094569582402483,19.38372917865471,23.34187731762567,-157.67725501836037
5837596.748868771,0.20093947933213566,5.098054617132334,19.317606539931337,23.38311898354289,-148.03827847755934
5839650.474937415,0.20089038674431164,5.100607410521378,19.218517768960275,23.426013278533897,-137.9350535203123
5841685.540462678,0.20089719327422073,5.102427342304545,19.115217054686344,23.473007262511175,-127.24146444453713
5843798.37494361,0.20096873145003202,5.103070764994475,19.027767906046137,23.505371703290777,-115.77850263523875
5845675.452456778,0.201099963988659,5.103113412538102,18.951125186748165,23.541118559526232,-103.35362461491266
5847573.51665321,0.20128315731872226,5.1025722470979025,18.895076763077768,23.569396863645384,-89.74072324855744
5850477.877546784,0.20151497286563783,5.101416231355534,18.836840507002474,23.595566400894125,-74.69884129774235
5853162.013051633,0.20178370298149415,5.099654712190472,18.81301334430183,23.617366976156795,-58.09209822816961
5855997.289747767,0.202076474357874,5.097676566837798,18.826475381470544,23.630292047523334,-39.89395827283373
5858634.244704692,0.20233644897414985,5.0942247927620805,18.87607082073032,23.63793537256165,-20.343754786197387
5860507.929573372,0.20249478597506396,5.090972903186366,18.966762191264465,23.632082703554648,-0.006119950045685179
5862483.64238831,0.20260302588731105,5.088540324124301,19.0331815774824,23.616509046635418,20.366386548096592
5864137.960655924,0.2026522641054969,5.089486039650947,19.072544671273292,23.62880211850726,39.92326525719209
5865666.578520823,0.20266031170015578,5.090368018660532,19.097141598743896,23.65384076464939,58.097028035135374
5867320.885938026,0.2026513023528024,5.090551667222921,19.11626120429011,23.682275753734714,74.64920590063137
5868935.998157054,0.2026327938426973,5.089917611685227,19.12319608987923,23.717181499014668,89.60782247020843
5870693.540785015,0.20258029114646497,5.088892648121875,19.14380197862755,23.74106202215547,103.1344318178485
5872387.943642531,0.20253465223993153,5.086753594522656,19.15330569358251,23.771210589350787,115.45997538992873
5874233.260265436,0.20246733404114864,5.085159555995625,19.17999595417206,23.786030109320702,126.80285309634917
5876045.81403739,0.20237999137302493,5.0849702671562795,19.217419480326857,23.78716162608001,137.37322324823512
5877816.068645874,0.20227286466940747,5.0848713672984855,19.251539791688508,23.787507253135693,147.35225146573902
5879398.947583208,0.2021604001800479,5.086713523571068,19.282240583008775,23.784360227376073,156.89932110716143
5880926.914470699,0.20203542568983213,5.089945936504392,-340.6962021794259,23.78488409699096,166.15092601371728
5882574.0729842335,0.2018847645522978,5.093322911281351,-340.686121964959,23.791589556605803,175.23163422901453
5884086.205186725,0.20173697732356108,5.097147757758661,19.307661617602815,23.80645299541833,-175.7388901301959
5885594.9571627285,0.2015848376176717,5.1019140416295885,19.280641943766792,23.83505340958083,-166.64765574340365
5886932.376535634,0.20145086415732458,5.104836798476467,19.250247269986406,23.85999600320068,-157.37841989867073
5888372.645026112,0.20136156476770117,5.108324039013579,19.17951587896185,23.90138020244928,-147.79043106750578
5889908.801749194,0.20135847599160706,5.111014306253296,19.085695191126792,23.946633618900886,-137.7516539509606
5891539.883075671,0.2013939011209681,5.112621272829126,18.995912918293673,23.988086514011705,-127.12646284373336
5893370.205947949,0.20147944073281107,5.113372107008684,18.90986655715065,24.02568605002545,-115.73651395864267
5894903.015724113,0.20160821163472625,5.113403342206236,18.854829281405728,24.04793548664537,-103.39502737485753
5897036.586989863,0.20178768439574118,5.113064170389571,18.80359205451798,24.06593334574783,-89.86371696865771
5899539.022268141,0.2020129092898031,5.1125100399131265,18.767587673318527,24.078608577720995,-74.93212240302668
5902377.165087448,0.2022878457253479,5.111451040720016,18.749789943704386,24.091835866755634,-58.43957022181576
5904811.827628229,0.20255862389648258,5.111900118533899,18.783422414729873,24.08872015265055,-40.37370413946719
5907252.858278872,0.20280799160112276,5.109179643473936,18.835764449164643,24.09502785786535,-20.95388849808704
5908939.133506086,0.2029555437051494,5.10632183189581,18.924264379270863,24.090288258913066,-0.7287659489964995
5910602.2531585395,0.20304451315678718,5.102497402327706,18.997859884514266,24.066796105363466,19.56092513055499
5912555.593339639,0.2031116605883955,5.1041182788847435,19.032165270430177,24.08724178231257,39.066481070199494
5914374.325770905,0.20314009121901988,5.105049684051135,19.05835535364112,24.112409916418937,57.21966820942621
5916139.73772168,0.20314196400864568,5.10528476800272,19.076621356009237,24.142014304424887,73.77063434613035
5917644.829434523,0.20312770601142477,5.104734461620653,19.082318852273954,24.174866692616025,88.73889886805533
5919370.498030869,0.20309256187950772,5.1033976859531816,19.092187175698452,24.207281294546174,102.27404851637753
5921274.730209833,0.20304891704410458,5.101628575548363,19.110717960423262,24.23295356435801,114.59711467685919
5923149.751943488,0.20298196395995433,5.100443506517565,19.141399193365245,24.244283105311577,125.93518265810934
5925005.651024573,0.20289671811799234,5.100943253304977,19.184263887741196,24.2410634406897,136.4925830278957
5926805.47395801,0.2027889221904897,5.101699599842451,19.2221593690128,24.238067083881912,146.45103066365306
5928313.717893789,0.20268552656830263,5.104024222129394,19.25354800167499,24.23367288142963,155.96959348648232
5929676.138402335,0.2025779200190118,5.106332364485272,-340.72532953452287,24.233599642072527,165.18341951523672
5930898.709045205,0.20246983590627493,5.109850512258945,-340.7162758638661,24.2398409367678,174.21592534757798
5932025.983449779,0.20236102295432865,5.111902135698417,19.286133143263935,24.247304260454726,-176.81790931305986
5933345.550426064,0.20222775711130547,5.115164584770743,19.270935524223837,24.26590386268198,-167.8048080605344
5934614.26273335,0.2021136403056827,5.118283592152534,19.233382946795928,24.291306555539784,-158.62180276676173
5936342.842240252,0.20202474170372253,5.121885752392112,19.15058837169989,24.332031517909606,-149.13376490024748
5937893.326914238,0.20200564141325644,5.124115172300731,19.068574492486878,24.367477870208482,-139.23346083531075
5939558.785023361,0.20202723804626832,5.125319917988906,18.991286973389535,24.396276015445896,-128.77359568182342
5941105.509081235,0.20211663078836523,5.126077964686731,18.915303084412145,24.429374156422917,-117.58987572940843
5942642.162025763,0.20224748785107127,5.126122649232253,18.871473815490653,24.43902834276358,-105.4893204759012
5944852.028600372,0.20241436721921133,5.1260308916702195,18.82785100275945,24.445144997581306,-92.24244829713808
5946817.620889351,0.20262798139786048,5.126542309957427,18.826194044601046,24.43215384081708,-77.65444486653291
5948998.010065289,0.20287470498751559,5.126180698422653,18.82389383203424,24.437124699155895,-61.53782611745616
5951580.544641016,0.20315081014530026,5.126941052734178,18.852476433347285,24.431278220246917,-43.83326307531103
5953983.123796901,0.20339820872376108,5.126460770293573,18.901323702001097,24.432594726484773,-24.717154395270494
5955156.903371293,0.20352459261347217,5.126754901983826,18.982267482072064,24.432597754005727,-4.678673102318166
5956698.367813943,0.20360861957398366,5.122632362535948,19.072616791421883,24.411346564229554,15.56590711242114
5958578.292670945,0.20367972223438022,5.122710192643819,19.124502644146865,24.412075733738124,35.19982517304125
5960397.69111512,0.20371386371732222,5.123617109922676,19.155406944054143,24.432649426868558,53.57799100650909
5962241.75263828,0.2037227298649296,5.123924692024061,19.18194006246242,24.455716457372688,70.38949876428558
5964105.806234883,0.20371740195913507,5.123569505083868,19.19821151693619,24.48582073827189,85.60451356525853
5965968.768796025,0.20369286004164003,5.122234273082745,19.20597112495497,24.52291879615758,99.36009969557621
5967838.528019033,0.20365101844042358,5.120034823727864,19.214380939876712,24.558058708165245,111.86636212925086
5969556.545476185,0.20358556715665785,5.118093626072503,19.2325437672491,24.57832823814649,123.3493544859603
5971158.780039409,0.20350467053925833,5.116834559228157,19.25718438275432,24.58710593736479,134.01580328184392
5972686.461596971,0.2034183745122391,5.117047698457397,19.288415829045686,24.58613317038441,144.0465690196737
5974205.014962647,0.20331909336635276,5.118377115923159,19.319468578265987,24.582994738071747,153.59984507408473
5975927.313716156,0.2031829306445804,5.1215524739138925,-340.6536622304679,24.58147238425746,162.81519392555455
5977100.455872856,0.20308377864686836,5.1249269375698985,-340.64135069470444,24.58589207230651,171.8232180423625
5977764.528014747,0.2030223009027924,5.128315719227592,19.35772120197554,24.596498819600427,-179.26277069292135
5978897.9964521695,0.2029081828616358,5.130843392898854,19.35121498340421,24.609396508021202,-170.335862167875
5980203.548442377,0.20278971702827497,5.133491135929897,19.320038032221632,24.628978792187798,-161.27010151986184
5981912.807792973,0.2026944204233692,5.136554012634515,19.24758204003754,24.660472152871513,-151.93758991416573
5983467.355371738,0.20267152989584647,5.1388462702046,19.166493714770994,24.693285124143483,-142.23363157577168
5984488.947833817,0.20271784893195086,5.140149251140617,19.102993475375534,24.720510203198277,-132.03552804432263
5986016.392324656,0.20278352931495003,5.14089104254738,19.033755311170278,24.746482195362844,-121.16174853029881
5987954.29750102,0.20289208829692043,5.14099114785837,18.978077621458038,24.7561534275253,-109.43003316961328
5989472.70048313,0.20305544291422184,5.141071095200926,18.96107697050266,24.747656512065078,-96.6544124950272
5991307.594075091,0.20325604373263886,5.141520394603094,18.957927032671623,24.73330071312871,-82.60162686101148
5992811.455828315,0.20347842834281968,5.142540884195897,18.983454881900787,24.71637700673897,-67.08992748703223
5994689.809588743,0.20372283170036695,5.143350292257479,19.015701761383188,24.708801941652744,-49.99653509580823
5996219.854643483,0.2039359013715184,5.144109670265964,19.07260036773972,24.70526087943365,-31.411372497173186
5997259.192344334,0.20407589211670793,5.144832140009679,19.150756126665893,24.704681331137888,-11.700208310719713
5998397.649906766,0.20415474730170896,5.141941900917145,19.249417773889245,24.694230493692082,8.476202803152765
5999896.3200339805,0.2042151236103938,5.1411068945055804,19.30683847535364,24.68682730976463,28.343885551173376
6001391.314320324,0.2042357771869874,5.1418642934496,19.345904466878768,24.699904790425727,47.1479211106821
6003040.133070271,0.20424839472046838,5.142445264573499,19.366893138902185,24.724936183670966,64.47294985130496
6004942.731084412,0.2042524738309861,5.14234108481715,19.381647131592896,24.75742937578525,80.19233673043679
6006870.704691282,0.20424009878359914,5.14169585120879,19.40403956609033,24.78091139614446,94.39820584767567
6008265.320219686,0.20421368154455377,5.139731828072248,19.39955241347483,24.818152712519865,107.29360144371148
6009860.774860045,0.20417202398672588,5.137736763302459,19.411710971671702,24.842209115734793,119.08208517763602
6011751.373691181,0.2041014158422052,5.136854389117979,19.446003035194142,24.849312352192992,129.97425918831908
6013360.553177465,0.20402137308778182,5.137452294572917,19.48239205061601,24.84611588351724,140.17359541492644
6014897.598206971,0.20392988603420276,5.138340728629902,19.514878213170377,24.843356306199563,149.84111768702022
6016050.031691983,0.20385201069513,5.140714517236677,19.538897187279552,24.8405793684073,159.12628301081355
6016989.979724446,0.20377970024465414,5.143032194934661,-340.44625661917473,24.842017082602148,168.1535236256955
6017681.811809573,0.20371811544283036,5.146667878596861,-340.44554237739214,24.850742913417267,177.04136967363277
6018573.48898001,0.20363037386292107,5.1489885606600385,19.553559374200432,24.860668482037433,-174.10626246581438
6019435.47994945,0.20354293855909353,5.1501445150372565,19.54745935421856,24.868058266822178,-165.17325626748544
6020510.758785447,0.20348750031399399,5.152109898261847,19.49877184972071,24.885700479837794,-156.02301222205023
6021683.801298099,0.20347639555890795,5.154577092212367,19.426206239153206,24.91631833054161,-146.55679972396064
6023182.129221931,0.20348223018331407,5.15607441933628,19.352846188414887,24.94266599089119,-136.64719193803572
6024400.16051078,0.20355287808375785,5.156842906123647,19.292333948476962,24.96359598347181,-126.15537097292491
6025655.747895643,0.20365307993881038,5.15708055682781,19.245594991924378,24.97660321260844,-114.90613271788509
6027211.642191097,0.2037940285131658,5.157086911990142,19.221333198900545,24.969193733246186,-102.69793316700472
6028611.632790519,0.20396572714790495,5.157417433678466,19.22095378701452,24.95346878924648,-89.32782299534661
6030127.577327915,0.2041733668009836,5.1588592340566874,19.250597166556698,24.92216615807023,-74.5804280604992
6031676.070365863,0.20440238249886228,5.160655783605539,19.29136980865942,24.900436071616088,-58.29796136678481
6033406.453812236,0.2046358562030807,5.163304912742832,19.348241327209013,24.883155942537172,-40.452754406212115
6034884.456028348,0.20482518668472677,5.16439578105775,19.41535823206578,24.880471684073957,-21.268218105917352
6035932.78589578,0.2049324208995537,5.163849796614152,19.501034500078163,24.87937279107662,-1.2738389662027967
6036450.612934623,0.2049495926447337,5.160295284433676,19.56719996623095,24.857847149529604,18.812966269174666
6038076.818744564,0.20500031071618233,5.161549559219881,19.601206101523463,24.87332100176465,38.15255945434238
6039963.880724914,0.20503360772306278,5.1624983347053846,19.627609967555788,24.898166459892614,56.17421366505901
6041743.039298879,0.20504341611424795,5.162723703908413,19.647788106692335,24.923680019494004,72.62703035189818
6043599.009687034,0.20503168598953606,5.162345219203155,19.670186803569095,24.947293220183454,87.50714408837351
6045430.335460387,0.20500624833673098,5.160964969501416,19.679299441456713,24.98146112797529,100.96994364908427
6047374.765547192,0.20496817680825705,5.158717262549635,19.690441279196783,25.014638236712777,113.22306413017586
6049270.256454043,0.2049040894566994,5.157068230286449,19.716282380600415,25.030717362871204,124.48757275257981
6050788.176111352,0.20484310484378043,5.15706059155083,19.74891250146792,25.03073293397805,134.9706859348612
6051919.471757146,0.2047827174274968,5.1581198479711095,19.77598632750329,25.026359330643018,144.84933354538907
6052665.561572185,0.2047426198098914,5.159556284023735,19.794980719884368,25.023350436000328,154.27355878659
6053584.822578941,0.20467923224042506,5.162891044708792,-340.1866293310504,25.022467910443517,163.3696443200198
6054196.4016155,0.20463212340166909,5.166515238823845,-340.17956739157995,25.027864592207234,172.26480869978815
6054471.647563083,0.20460850456278987,5.168888976111702,19.822534996859506,25.035654979372275,-178.93185522604375
6055186.010331659,0.20453568905207772,5.1710357156909135,19.817337748706407,25.046897796574875,-170.1113760424599
6056198.126855917,0.20446297213538847,5.171466072999736,19.791978782235464,25.05012176200954,-161.14103974038403
6057550.85577289,0.20441806191602052,5.172913807549861,19.73289313166553,25.065181663075283,-151.91325882650227
6058694.824356342,0.20443337499321593,5.174416173729897,19.668127033023595,25.08688753099737,-142.3269771409531
6059687.527894225,0.20449178172871302,5.175062696215352,19.61760289936777,25.100487520748104,-132.24842733307605
6060925.067656107,0.20457911287852656,5.174923504100671,19.58515430287799,25.09547311993777,-121.51187739554356
6061900.885227125,0.2047110490038338,5.174798713117981,19.573910873733567,25.0826180057307,-109.9485559669552
6063127.814339474,0.20486193439870462,5.174947957481599,19.570324005332786,25.066571268620898,-97.34383498761832
6064491.36844858,0.2050533626050709,5.175475841743602,19.579109790074316,25.04963702949892,-83.48610627906736
6065568.276935067,0.20525836377510967,5.176401128901805,19.609366007185898,25.034182128747883,-68.18552633793672
6067274.380122153,0.20549080874318904,5.178584902147744,19.654484066294764,25.013587054174174,-51.30729098882925
6068727.861225259,0.205698987011596,5.180677486408752,19.71546079629671,25.003800419028913,-32.925939261327684
6069756.502886927,0.2058415452533613,5.1820320251021865,19.791702690854265,25.002677869265142,-13.3803497869226
6070440.576288661,0.20589719936755174,5.181931288337078,19.880179127180497,25.002116280200937,6.692534994005391
6071804.804581312,0.20595135736414324,5.179828656498708,19.947480662106855,24.98462749102636,26.529149467636554
6073754.652907951,0.20600322500136045,5.180822567877242,19.98553607469238,25.000923416779344,45.35828592528724
6075625.67083022,0.20602540355899407,5.181468270821393,20.009829063108516,25.02643526498224,62.738928928232276
6077518.129413582,0.20603176519646604,5.181418709262423,20.024448629439664,25.058303595993472,78.52604235064224
6079440.08429282,0.20602295005508006,5.1807455766174435,20.043561129300485,25.084245367177388,92.79142499733719
6081295.978424966,0.20599802139362403,5.1794266702035054,20.06029192161955,25.10998156320169,105.71980852710135
6082842.057111628,0.20596255604203667,5.178038037766455,20.077848285090738,25.127104809505514,117.5338216624426
6084335.217910772,0.20591148027043477,5.176736960711004,20.099658698197622,25.137856891473618,128.4395887112107
6085642.312006796,0.20585709330327492,5.176684596053593,20.1272636465536,25.138114620791075,138.6302222746844
6086482.128390832,0.20581985387926577,5.176947861479316,20.146687150783354,25.13723806758928,148.27658352131948
6087235.367442893,0.20577207490947655,5.178773266463403,20.163554042338628,25.134772803818308,157.51814509695276
6087440.9378254,0.20576899900884255,5.181294036309399,-339.8272017659147,25.135830234055508,166.48248766316
6087278.752471162,0.20579278810245308,5.1841754493432655,-339.8245950381936,25.142059064217456,175.28246586400718
6087132.884551525,0.2058070786058433,5.1860421181186735,20.17419278463335,25.149495437012227,-175.97229142679743
6087314.60699808,0.2057950347560391,5.186892508498776,20.161894427132566,25.154608028953394,-167.16473882826028
6088365.45605821,0.20575528647581814,5.187360134064008,20.117361195879543,25.15855289467836,-158.1661591854798
6089418.940899124,0.20574766516573748,5.188903663118839,20.05902385964574,25.176528573432225,-148.89445279847143
6090150.706631407,0.20580395178003721,5.189488264257196,20.014288516297544,25.186049347111677,-139.22752452188
6091168.159120185,0.20587288165487685,5.189485062902582,19.978567368676096,25.185917384726327,-129.015671239986
6092115.6725053135,0.20598439519320924,5.189241886578619,19.96080690719176,25.174767711802716,-118.10109187962695
6093025.534376413,0.20612629300707513,5.1892054387913635,19.951859132217468,25.164286748617577,-106.2967616644726
6094050.754607536,0.20629859941885062,5.1895065628358195,19.9600973793095,25.145506486571925,-93.3908266231107
6094845.323259497,0.20649146455993547,5.1904685631757275,19.99335412027865,25.121119475814503,-79.17545139066148
6096464.47528754,0.2067168501992327,5.192574706037577,20.033579381137347,25.09184906113606,-63.445777766873796
6098401.553531919,0.20695916198754524,5.194492612708237,20.076741956276276,25.076966118543897,-46.13427250822524
6100300.191921754,0.20718129462031815,5.197039836891613,20.13768949168288,25.06830473659875,-27.37743139418376
6101141.880652478,0.2072915310618973,5.198064804379714,20.21259224881379,25.068595182431462,-7.609167023357127
6101752.702224877,0.20732181536700392,5.195784586777164,20.307211700485855,25.05784103789451,12.46374093854723
6103159.322436104,0.20737129909972957,5.194991788782245,20.361214626836386,25.049606973171162,32.06827982740709
6105220.822846344,0.2074251473877219,5.195791616687998,20.396391964664875,25.0660953726025,50.49677320467471
6107089.142813139,0.20744384114424597,5.196027581588923,20.429374791275613,25.080562088724484,67.40104237824313
6108526.250898339,0.20741354367620798,5.195740846430487,20.43932813344539,25.111584163994667,82.7143548641742
6110358.954098646,0.20739407415603542,5.1948709489841995,20.456550105002535,25.137420691488032,96.54464440892903
6112304.241068417,0.20736114142327555,5.193707300521766,20.481130029488806,25.156786699043046,109.09345003657793
6113664.448177617,0.2073266635088484,5.1915678974286426,20.48802629745372,25.179999174516276,120.59454737054452
6114508.449163239,0.20730294596892213,5.191537575359275,20.506445176238337,25.18018315668674,131.2519665122473
6115051.280421289,0.2072672908904045,5.1911183121242255,20.514229080728,25.18214034646575,141.24652220060702
6115685.826544261,0.20724255122551374,5.192687265653119,20.533424069016124,25.177979552536478,150.72356750484963
6115958.811993463,0.20723904645221397,5.194969193427574,-339.45428198527924,25.176138460188387,159.83190183084383
6115624.269461989,0.20728207772749088,5.197592664727132,-339.45147358929074,25.178575974043078,168.69514328255164
6115045.35563419,0.20734260282770503,5.199904459476304,-339.45184006027927,25.184744239631446,177.41981708465093
6114848.9137271475,0.20736063062777935,5.202159687470231,20.543581252426613,25.194940386447268,-173.88670695401117
6115211.420386244,0.20734314349952124,5.202291596602993,20.52468195765851,25.19580174135982,-165.09546445749933
6116004.173892764,0.2073315329309045,5.202150452590259,20.489312171997298,25.19448421532517,-156.10248077024798
6117009.934979241,0.20734004088638122,5.202699906421005,20.44178139741707,25.20142373980068,-146.80551002145756
6117929.626037303,0.20738904834679056,5.202324594006144,20.411601333885493,25.194656136572288,-137.08245409195322
6118453.743044093,0.20748258927730412,5.2024278090092375,20.38513928644725,25.197468915273486,-126.79539044779102
6119506.032285573,0.20759661698032486,5.202108034305293,20.374219150121426,25.17919161551284,-115.75558623620519
6120410.615914904,0.20773933047753812,5.202126692548213,20.378474580845772,25.15786131204815,-103.7858955712701
6121475.965192737,0.2079122296309506,5.2025550906665154,20.38996630298129,25.137520419074068,-90.66721398075904
6122484.988894345,0.2081094673241052,5.203553875284078,20.41936307246966,25.11574635070484,-76.19017889760711
6124558.067701504,0.20835043146834517,5.205072833085459,20.44508845302472,25.097162015156478,-60.16193889531971
6126865.3282316625,0.20860838281224864,5.207513118989064,20.489555096338865,25.080857658028165,-42.552255714258465
6128794.728361394,0.20882614561058138,5.209305382567696,20.55129396068689,25.07624384708754,-23.55321642562486
6129746.050528107,0.20893293722607825,5.209914128533392,20.630815621643112,25.076831560742946,-3.65933951627993
6129736.183434831,0.20891134604979297,5.2086706610573,20.717164145692482,25.069614494019092,16.388092820294684
6131252.0084336605,0.20895996973467107,5.209500122575258,20.754296259854552,25.079262947834163,35.8066364931474
6133150.864691369,0.2089965711088796,5.210404356924239,20.78264907409255,25.101474993643993,53.94696010247201
6134913.360850308,0.20900342786605378,5.210678698615626,20.80262956388534,25.12747348996063,70.52124271150717
6136838.230138585,0.20899829364313188,5.210328542715163,20.824835781595116,25.151272152915745,85.50281829220563
6138377.14992073,0.20898311052941151,5.209263161882483,20.832935383779574,25.178380659688468,99.04419696200195
6140090.67855805,0.2089447211593925,5.207532293855511,20.845443943518656,25.20436834953358,111.34054827983374
6141336.21074738,0.2089134420014533,5.206183305904431,20.859301068378755,25.21772293575531,122.62570828196696
6142107.754190294,0.20889317668361276,5.206450467027963,20.87815070056985,25.215907631537124,133.10145964091015
6142251.628294464,0.20889158837653546,5.207799353963728,20.887632537688237,25.21017268143887,142.94954458689946
6142645.886052048,0.20888250208803366,5.209444676927135,20.90234805657639,25.206492518771523,152.30442085884545
6142480.07788652,0.2089137016232218,5.212144870241197,-339.09157087899996,25.205311188983174,161.3146364965497
6141794.194577679,0.20898969687376132,5.2150687833753135,-339.0913214721411,25.209042311075454,170.09499218564042
6141028.3329314515,0.20906749421878068,5.217780434283364,-339.0934405926177,25.217212512060012,178.75269349076652
6140389.454225775,0.20912828190112498,5.21939995114068,20.90203289447759,25.225118757750558,-172.60233645386307
6140792.2857713625,0.20911901326315396,5.220002483630985,20.8713602583243,25.229348535208516,-163.83802001276248
6141571.781241059,0.20911702719814979,5.219641979009828,20.836885779448487,25.225828915143573,-154.8635056552143
6142370.022105362,0.20912844703173955,5.219920876818108,20.801225567546332,25.229530586115793,-145.57867251766004
6142931.563451638,0.2092074727854965,5.21987392017686,20.771960547849574,25.228599861842756,-135.84823833383783
6143669.846526336,0.20930641949880255,5.219131287632724,20.766184780506546,25.206108355825204,-125.52262328568845
6144561.2389198225,0.20942876945732594,5.218868418618009,20.75958863109596,25.18834172547102,-114.43057601606075
6145293.643275406,0.2095825360922916,5.218952460616993,20.770930965524858,25.165301742218894,-102.38280240696444
6146704.1224906035,0.20976138366224958,5.21944207437892,20.77695614994844,25.145103943728266,-89.14582991070654
6148525.243036538,0.20995535644011742,5.2206250307744355,20.79110362870499,25.121449372277475,-74.50854359003203
6150497.715864593,0.21019386343279553,5.223131104718818,20.83088902826515,25.093093068740323,-58.317788810615816
6152740.124550723,0.21044710136575748,5.225242612885049,20.875438893997792,25.080250332087697,-40.53950213685649
6154899.560388228,0.21067327135411734,5.228300265041347,20.939186211260573,25.074021072449188,-21.395808097329603
6155379.148719706,0.21074358704699975,5.2293852456600005,21.020275873030002,25.075793821356257,-1.4259372776587056
6155264.3525782265,0.21071058758861122,5.227734803414698,21.102146986272686,25.065266203626706,18.615411210596097
6156797.997294692,0.21075325951893512,5.22837063717245,21.142934525495875,25.073334716404236,37.92868859877571
6158649.970437825,0.21078635952082903,5.22892137062591,21.17603217055516,25.088551890785755,55.90719751239689
6160403.834954722,0.21079263646242485,5.229132498528386,21.190363590751524,25.118765113336394,72.29257555121153
6162345.487852918,0.2107927558688382,5.228764417904529,21.2145816979884,25.138992414032288,87.08508576652711
6164148.276307356,0.21077701012709302,5.227358874872223,21.22220809184132,25.171694562016516,100.44484279599767
6165571.7771075405,0.21074693882295278,5.2257653981223005,21.231263585734457,25.19409649740586,112.59116614546909
6166636.399646621,0.2107161963635224,5.224681267175553,21.244064429032875,25.204208337069502,123.74346051979566
6167527.698760431,0.2106820410534228,5.224652236866665,21.26253519068018,25.20435844930759,134.09886421488667
6167830.000152394,0.21068616297149925,5.225600641771526,21.275353302371766,25.200608560671856,143.8389352567352
6167983.655218428,0.21069014795350205,5.2265657628377005,21.28354082192818,25.19868613475877,153.10941434821166
6167221.653622681,0.21077483533919553,5.228666452404952,-338.7164056012469,25.198228548835658,162.046989218055
6166448.672487838,0.21085926210489866,5.23078562721333,-338.71541693735594,25.20136328312598,170.75877001036795
6165847.842363128,0.21092073929687338,5.233229176683639,-338.7167851121214,25.20921244139292,179.35595579757097
6165973.179254975,0.21091547118054196,5.233472403655046,21.26304459416858,25.210439881581898,-172.02929548314702
6165880.440014616,0.21096008699152374,5.233458904841029,21.235043248295874,25.21032768866673,-163.30901032480935
6166274.932782657,0.21099340583305495,5.2328384653291,21.20773927948732,25.204110491226402,-154.37847274831248
6166742.951188136,0.21103571040650493,5.232451268880534,21.18515551299656,25.198768893399777,-145.13104076484674
6167540.514974596,0.21109045769611098,5.232111430317128,21.15995142334846,25.192055706834285,-135.42561087977248
6168450.110156897,0.2111827613876925,5.231661407282925,21.143176046320107,25.177821233116077,-125.11647627338354
6169455.371709028,0.21130106697489073,5.231253693805788,21.147040670065632,25.147865697881393,-114.033451283321
6170533.75086396,0.21145354072477585,5.231356723669461,21.14958117193219,25.12689613060956,-101.97940835991481
6171603.998650227,0.21161647233903796,5.232064493685671,21.169487196066427,25.09926477161162,-88.73730422945302
6173237.854891665,0.21181841091789924,5.233481314546106,21.19355670300724,25.071925040930825,-74.08106532758477
6175636.291513912,0.21207221264091997,5.235719101731507,21.223510923489307,25.047396157907205,-57.844995413706094
6177935.8333222475,0.21232582090085617,5.237559172954546,21.265379010788664,25.036618723886072,-40.015907721071926
6179828.844541406,0.21253271872669022,5.24021945583462,21.328652792076937,25.031674637423244,-20.821255902470924
6180121.765953172,0.2125891887646487,5.240637655666288,21.41096184297302,25.03229177545794,-0.8122466735553115
6179464.653316181,0.21252801789809952,5.238925643233375,21.47332058265263,25.020942609989095,19.262813610151955
6180500.97912389,0.21254392055474278,5.23996589267864,21.50183437329441,25.034673429593386,38.56493191202652
6182460.532980802,0.21257975782144267,5.240493142668609,21.53622543439555,25.050000150743617,56.498160269474496
6184434.288156336,0.21259779408124055,5.240615706795388,21.55985682570735,25.07264980646358,72.82175716065994
6185899.175018376,0.21258851908004595,5.240011316879483,21.563746138715743,25.103552515724665,87.55660546830025
6187004.5971446,0.21255285345074026,5.238958908502897,21.567238788546767,25.127094341221746,100.86073204294625
6188793.276227815,0.21251646840178373,5.237357885654625,21.584361090211395,25.148974482120583,112.93259209617109
6189857.000516964,0.21249109717014456,5.236751359089442,21.60163823313923,25.15446721675391,124.02146079624414
6190131.107833754,0.21249615885504308,5.237402665587529,21.612671266678166,25.150460314714078,134.3281208123463
6190495.974296698,0.21249590866217186,5.238470066738919,21.626772566576975,25.146380465525162,144.0097889195486
6190278.431570532,0.2125210679072351,5.24039382237772,21.62946123363643,25.142763503528503,153.23236822590346
6189787.380004808,0.2125826005807118,5.242902973686884,-338.3676350542621,25.142433729587154,162.1136337343864
6188682.841337983,0.2126951118440248,5.246055264188271,-338.37246664105294,25.147328345460746,170.7771945221439
6187800.497024363,0.21278474799349503,5.248486865855435,-338.3723312065933,25.15528637867778,179.32065894873415
6187362.253130134,0.21282644014608915,5.250338810205674,21.620172624808948,25.16480425940353,-172.13829691929772
6187487.066827459,0.2128477256295408,5.2503635587377415,21.59303514069336,25.16497198110692,-163.47337212555774
6187908.01120582,0.21287005210053916,5.249508390678226,21.57170923097409,25.156387523222936,-154.6028046191674
6188671.712350333,0.2128943837399102,5.249124788650456,21.5437312534809,25.151092205714725,-145.4093553495296
6189373.939825291,0.21295423273117645,5.248903534194193,21.518163865305393,25.146714820774964,-135.7690870592573
6189864.652324488,0.21306497582871484,5.2480474391815255,21.522541213392174,25.119800727035955,-125.53654810223449
6190996.386139987,0.21316585060571788,5.247816235102193,21.511176593102615,25.102954900157506,-114.52485105175448
6192175.551006276,0.21329441536273325,5.247923720347875,21.51298760322708,25.079885443989767,-102.54687165448676
6193809.495996648,0.21347082908003195,5.248670647938533,21.524024889403968,25.05033723296596,-89.37712537753205
6195975.102660336,0.21368427415728888,5.250331056564553,21.54292700879904,25.0179740569102,-74.79461650979493
6198289.525281645,0.21393194976052207,5.252935995100442,21.577257206894867,24.98911822294482,-58.63645610240325
6200702.970335148,0.21419404253230714,5.256144808420031,21.626144207407417,24.97010247901065,-40.866863555394794
6203082.056246236,0.21443282303758934,5.258677339205891,21.686638152336585,24.965152554755054,-21.699227071355086
6203984.138496678,0.21452938339318572,5.2601507736736925,21.763930854273678,24.967751043241257,-1.6765785336331207
6202406.893185418,0.2144166571896221,5.257603308505799,21.82002599583154,24.951344372732056,18.45770659386589
6203896.226392185,0.2144586563976514,5.258310489740019,21.85697402109152,24.960463899611614,37.826016110918225
6205400.423168812,0.21447601623872717,5.258963621816194,21.88111839449428,24.979002556118314,55.83987492082321
6207006.879065597,0.21447593522074207,5.259111472734908,21.89779261058762,25.003951554295625,72.23145888675559
6208735.067007754,0.2144668485107542,5.258716710025477,21.917832306262557,25.024321802557903,87.00786145758443
6210745.720701151,0.21445309497860643,5.257627404575917,21.937012950615685,25.04879618625682,100.32597552563338
6212251.53454189,0.21442425375695998,5.2553308138113115,21.93807827781493,25.08028398019456,112.41969654022691
6213469.099256,0.21439581309294642,5.254259136563187,21.954123513987817,25.09004506199065,123.50779121842191
6213608.246835338,0.21439483257318714,5.25494743481172,21.96158972863323,25.085796638013473,133.80954363868844
6213626.224950081,0.21441738778477515,5.255974886778608,21.9694659135064,25.081841889340932,143.47915937746444
6213158.313197184,0.2144625488757938,5.259348108211536,21.971556599099664,25.07540144758488,152.67861616607618
6212108.414019622,0.214571961165057,5.2622781256115765,-338.0316687992368,25.074892591080577,161.53184551329636
6211121.63314455,0.21467624999932733,5.265380863932032,-338.0340882252378,25.079532445473202,170.151398881326
6210230.98387482,0.2147672367848298,5.267653162614737,-338.0336475327459,25.086795250025446,178.6458590196713
6209656.036994198,0.2148254205259128,5.268402461225615,21.95360911251223,25.090563427935983,-172.85963457029237
6209964.139480604,0.21482749355990327,5.267722844309969,21.93076866135072,25.085676396381107,-164.2603482607819
6210116.305515364,0.21487740792332777,5.26633789682824,21.914435827552968,25.072062403222475,-155.4662705223788
6210967.981946716,0.21488519404187978,5.265733235385457,21.89025914796652,25.063921357499797,-146.3620682304936
6211557.484403685,0.21495176559251064,5.265025527750322,21.875324183485127,25.050407880405327,-136.82539152526687
6212105.166728575,0.21505735579803686,5.264502129278866,21.867121827168706,25.034658930530135,-126.70960265219891
6213445.605211014,0.21516036836459662,5.264068984211178,21.862076939312328,25.00633462436281,-115.82952609312117
6214215.160522725,0.21530142998713575,5.264137161260085,21.8716771433224,24.98369935308601,-104.01702460096844
6215760.129546141,0.21547222350078457,5.264713014016668,21.878446184518456,24.958990483608392,-91.02568145325984
6217423.249976883,0.21567630622565423,5.265925026903056,21.89832398455303,24.934040557900754,-76.64557955763998
6220310.759792423,0.21593841360807467,5.268048458790935,21.916381475616827,24.909245326100976,-60.67243391096626
6223205.5343715325,0.21621887149414726,5.271043721043894,21.954762263383024,24.890218853425896,-43.06739821800745
6225888.97453136,0.2164750846688948,5.2742411531707685,22.010253992168725,24.882831912314206,-24.00934078388627
6227263.5418308005,0.2166078180512436,5.276087874791766,22.084527457674696,24.88541025303009,-4.008782261175499
6227643.844209744,0.2166100607560947,5.275907879198412,22.168616536370912,24.884132786422633,16.160136509609572
6228544.571091358,0.21662080355311986,5.276498231009103,22.20395743495862,24.89119375892683,35.68961761401022
6230504.056609793,0.2166619414851559,5.277196300864568,22.234156256415968,24.909308488264337,53.89165683822083
6232190.456041412,0.21663897225766832,5.27743310413726,22.25672513059559,24.93750197651816,70.46547827929435
6233909.813297156,0.21663128062722484,5.276962454769795,22.269365786720503,24.964942341877578,85.40829548200614
6235735.229552001,0.2166131634320328,5.275788049559299,22.281701455684846,24.99269240244896,98.86225091430241
6237125.5898542665,0.21659173449597569,5.27424299783453,22.28939232048773,25.014595232746803,111.05737154642578
6237963.549420806,0.21657667676542666,5.272832776745123,22.293788381275537,25.027859607737682,122.22179373750663
6238129.325023832,0.21658322935337102,5.273324655500176,22.30123176758005,25.024710068786423,132.56463507150403
6237851.611460984,0.21662042127197015,5.275503507308017,22.30791823981835,25.01596180059051,142.26018978994074
6237741.690008838,0.21665221861328787,5.276902347501529,22.314571216104106,25.01304952120163,151.45240220977925
6236531.707588159,0.21677266962556782,5.280596589669899,-337.69114953090536,25.011790139521207,160.2925999822171
6235187.17736838,0.21691048750673428,5.283633059392841,-337.6960107312556,25.015780884262934,168.88288609951138
6234253.013093727,0.21700638712402862,5.287219753296075,-337.70024259100575,25.026509149863422,177.33059615891142
6234183.620425286,0.21701507988979016,5.288051834559439,22.283209847872932,25.03048754524191,-174.23493871533503
6234675.487828836,0.2169947463478411,5.288160833964165,22.255338319730505,25.031222177770942,-165.71643295645745
6235281.687733524,0.21699059777704288,5.286472910149666,22.241605641643933,25.015367313897716,-157.0212716450894
6236110.289875371,0.2169946188775039,5.285249327212436,22.225668993358052,24.9997064385354,-148.03732903412057
6236868.4387746435,0.21705142392861174,5.283988957292728,22.21557662997771,24.977059712084817,-138.64032571694247
6238216.1721545905,0.21709733854747273,5.283640780643965,22.18698807500928,24.967425965689934,-128.68248730188753
6239297.35595252,0.21718498146022328,5.283107900166038,22.18812751266229,24.938239369950203,-118.0131162072812
6240365.35735699,0.21731297372448113,5.283103589766011,22.194048388410415,24.91155884239284,-106.43613308684701
6241885.798117012,0.21748015782160438,5.283710964361427,22.20573107958834,24.880564991158206,-93.72691213296487
6243857.1148849,0.2176840404370137,5.285146298102308,22.22478615395743,24.847698818119266,-79.65826310756981
6246769.824844714,0.21794206353924073,5.287651685992358,22.245945151989122,24.81549404462819,-64.02156203003584
6249437.881610893,0.21821108396290004,5.290981908411918,22.287057466141775,24.791659871723784,-46.73927819180829
6251734.55761018,0.2184522224505159,5.294235479153348,22.343786407880106,24.781916591188843,-27.929821718323996
6253361.542018035,0.21861131405289583,5.295809395284136,22.414395777397974,24.782974059794324,-8.032965208032046
6253656.435257584,0.21862217195230288,5.296179333095952,22.495171775411027,24.784578779124942,12.203657288045795
6253336.170631543,0.2185685111645481,5.294788958095705,22.54449433793973,24.769512667160814,31.961818425744067
6255039.895451101,0.21860047740310046,5.295360976200606,22.577929657480396,24.782211428499366,50.47433310884109
6257024.053455822,0.21862187771549696,5.29559534269895,22.606812503840263,24.800139608492827,67.37942489855594
6259011.026340259,0.21862769130606755,5.295336665944874,22.63097964863976,24.819951973559746,82.61866911498673
6260731.2448591795,0.2186160032359275,5.294465045584423,22.645410293704796,24.842803549331506,96.32799398484325
6262315.821403122,0.21859369854180102,5.292490233470676,22.648811959983533,24.872915357146972,108.71986303375907
6263220.122040201,0.2185768706458839,5.290773084756904,22.650447068045704,24.890131516180933,120.03545198844756
6263443.541860195,0.21858500913822845,5.290386969583835,22.65334140985492,24.89271218938646,130.48721143755174
6263105.7757261135,0.21862370569352546,5.2917196994282785,22.655470358818594,24.886879755892206,140.25819327605748
6262741.812696885,0.21867084285081237,5.294274408351251,22.66030901113445,24.88077046304672,149.49778327862208
6261834.871792376,0.21875933511265025,5.297171815981355,-337.3442033609827,24.87890548948559,158.3521723363344
6260923.711535884,0.21885830136885834,5.300094629639048,-337.34575376051754,24.88184321198901,166.93002366450835
6259855.205606928,0.21896561272056367,5.304373607147883,-337.35500953604605,24.893208303661634,175.3481038792936
6259629.898091888,0.2189870621044328,5.3060393763562885,22.63254361999827,24.90053992161152,-176.28274843151584
6259712.16329111,0.21900080439126296,5.305808048056463,22.607941891025035,24.899052367123748,-167.84809158951975
6260293.055315165,0.21899761151643438,5.304109637667059,22.59100433908842,24.88415208782622,-159.26037600418994
6260964.93633963,0.21902019585519159,5.30333708206779,22.566503474159365,24.874947607655255,-150.41399432540763
6261868.402569318,0.21905784958953167,5.302077320424593,22.552078260539993,24.85416671597068,-141.18852615425772
6262864.53733724,0.2191126801764276,5.301147311839381,22.54272684503909,24.831350477917876,-131.45083228410886
6264264.9146812875,0.21918200236479526,5.300616049211799,22.530622267846447,24.80784855696612,-121.03465896514838
6265902.622836934,0.21929663104488864,5.300479035869956,22.52510196305649,24.778944692254527,-109.75833049248062
6267920.776575737,0.2194467656387854,5.30090760490255,22.522327384550447,24.749132874400363,-97.40880205946063
6270515.387581853,0.21964405295665912,5.302300458779767,22.52970473680063,24.711444578081405,-83.75416034561871
6272928.87846715,0.2198745165666754,5.304358102367611,22.551089480962876,24.6809954299178,-68.59184251200864
6275755.094456088,0.22014546557477413,5.307303717969248,22.583751497239604,24.656207347463265,-51.77232351545216
6278606.894355375,0.22042087064188406,5.311592511649146,22.635417852787832,24.639074394555447,-33.34567489960045
6281209.645970499,0.22065261410605513,5.313028480750753,22.697959709328053,24.638603697888517,-13.661025057720071
6282176.026150376,0.2207243466377087,5.313210377978553,22.778843764851995,24.639050602435443,6.597393498121575
6281301.439608943,0.2206448911170278,5.311596799090009,22.82762958559511,24.624500448434702,26.611192877992302
6282749.774714846,0.22067151677989524,5.312097396205673,22.862254696345016,24.633484759275973,45.5359239816631
6284587.801285628,0.22067871361607036,5.312508159122448,22.892256156811044,24.65343319190398,62.900953148412924
6286454.721014082,0.22068325086745608,5.312350137006545,22.910679855092866,24.677560014008527,78.58320634554661
6288035.603226528,0.2206759080980462,5.311689791601634,22.924075684345848,24.6983533206025,92.67762986616103
6289170.3525557015,0.2206602835761427,5.3106196964544,22.929803580367448,24.716655928799565,105.39008226738176
6289831.617082316,0.22064338266952102,5.3094813852533145,22.93100389634137,24.7292272224347,116.95364283758468
6289663.922113093,0.2206611624561651,5.309038832425482,22.924900697457993,24.732499763864848,127.59619675936862
6289158.396763839,0.2207046251623174,5.31056450079578,22.924801731954815,24.724980574174833,137.50165861121073
6288380.588483827,0.22078245577420427,5.312963705702294,22.923677746696846,24.718093331079096,146.8340020861863
6287669.822424473,0.22085160141571897,5.315428360832756,22.9207647840785,24.715401241139503,155.7348603179492
6286793.199031105,0.22094763716891838,5.319316661297136,-337.0812438936736,24.71757520159005,164.32649408974586
6285899.006457785,0.22104322143550223,5.322818128924166,-337.0840728753544,24.725218820662725,172.72206986758965
6285443.346903171,0.221087036959506,5.324195252333143,22.910068874004534,24.730551693351863,-178.964758876239
6285479.79300651,0.22109560910172868,5.325123740855915,22.882846939202818,24.735882739321795,-170.61791266490536
6286354.902485263,0.2210564037418312,5.323267892467666,22.864107170198512,24.721086352486243,-162.14631075955904
6287256.207273191,0.22103750135681413,5.321377470021099,22.852849422535567,24.700673930201297,-153.45746022122228
6288045.9514871165,0.22107035784989107,5.320004137526784,22.839750941119828,24.680376659458478,-144.4322120905413
6289210.472659068,0.22110940218070205,5.318623763453534,22.832514197665784,24.651010863643446,-134.93846835378267
6290407.322785502,0.22118370549545277,5.31769138497279,22.831625725250504,24.618323816660958,-124.8312643738152
