Episode: 479
5501957.170929035,0.2000807793084383,4.99662975173365,20.098445806901022,19.96665678024886,30.83896370150644
5503738.320416054,0.2001075140372038,4.997619268947054,20.139357551409848,19.98708094787013,50.445676217571474
5505083.244382929,0.20006302730774866,4.998026551035369,20.16886528679739,20.013459407020903,68.38833573368888
5506450.24494566,0.1999893131773801,4.997732059870519,20.191765550345522,20.040649501323998,84.58543470346972
5508140.31114376,0.19995023182537375,4.996470412662838,20.201515340845848,20.075789019596368,99.17710846304014
5509849.935868999,0.19989678486099252,4.994486460457167,20.212988762375264,20.106855951684487,112.39683233068675
5511561.053149518,0.19982651534491458,4.991343869347652,20.221704738408654,20.138407314149195,124.49883603086133
5513209.1187722515,0.199728404466186,4.991189876002997,20.255629274067793,20.13936609918746,135.72286898228646
5514837.860808913,0.1996137044573752,4.9924900862613395,20.291120696598355,20.134290697761905,146.27656451452057
5516470.457880471,0.19948975078720932,4.993912826298439,20.32156657521473,20.131872855165447,156.33876767874082
5518043.225720508,0.19934646509290688,4.996665693328452,-339.66166868530087,20.132720471862715,166.07604982716248
5519153.731454914,0.19923929245059996,5.000129300714509,-339.6608242308165,20.140579784852083,175.62952333101046
5520547.45064144,0.19909882251456515,5.004002413099152,20.329248110770614,20.157357358524187,-174.87444518344648
5522062.200917244,0.19894735024538535,5.008383911848635,20.294455391769624,20.186572749953747,-165.29464479675826
5523540.731498061,0.19880061408067098,5.012269291465802,20.24730983012664,20.223662823342753,-155.50520185694808
5525323.44115782,0.19870835881447785,5.015287484778274,20.16293030441537,20.26439865232853,-145.3335645028249
5527208.167929646,0.1986594268935663,5.017584926282248,20.066579222709024,20.309947526226885,-134.64635104364925
5529138.770044621,0.19868670915188338,5.018990867661993,19.965047765265233,20.35642993836636,-123.26423182082698
5531502.963152684,0.19875953919146183,5.019473519826276,19.862385578518587,20.39901102267473,-110.97678783786323
5534104.191158464,0.19888774233250614,5.019163700368139,19.76860454981761,20.4369444400758,-97.5565092767168
5536995.43340968,0.19909378900426103,5.0180717837011,19.68791604663968,20.47251998591797,-82.75895661123074
5539716.020051906,0.19934089043663553,5.016323576763409,19.639683851754008,20.501195269195666,-66.37274730894269
5542981.061151808,0.19965008895470449,5.013952566555686,19.621091191524506,20.52223254941479,-48.27457180082975
5546184.999320691,0.1999631211266699,5.011102196272478,19.649930465236555,20.533263265237668,-28.593583622865935
5548992.796084212,0.2002145230576474,5.007276640054348,19.728689198034694,20.531921904163305,-7.79657203822062
5551161.816191809,0.20034963326455207,5.0030558421148905,19.83713408594406,20.511531314964675,13.335550046849269
5552825.065661088,0.20040529369706672,5.004216895081936,19.886305048039198,20.524018519518837,33.91360507111536
5554207.875676161,0.20038660708168793,5.004998262114082,19.932685164331353,20.5420978735737,53.17439467970793
5555449.155538991,0.20032803107713273,5.005323397497968,19.959678028923967,20.569643935262448,70.76143578936683
5557050.679805271,0.20028387755060253,5.0048692091534255,19.975843483665376,20.602360387304454,86.63067067370939
5558781.334941905,0.20024039863169538,5.003473090092737,19.985457246928256,20.638187734845562,100.93800328192863
5560506.252122682,0.20018774537580508,5.001229275801915,19.994417888875738,20.671530221265105,113.9214657772929
5562256.570570009,0.2001142473463445,4.999825242804338,20.02157801804599,20.68498107182987,125.82882355453796
5563888.681868747,0.20002818841072756,5.000982393044542,20.064198295170826,20.67773105296465,136.89331459701987
5565579.08832537,0.19991839585862728,5.002360677778934,20.10237042745172,20.672644007611726,147.3136743193366
5567021.310413923,0.19980576229205424,5.004692734574752,20.129442693066224,20.66908216128604,157.27220943414542
5568418.352544477,0.19968202850181008,5.007813477003037,-339.85463123334796,20.670477981345606,166.9193389262575
5569994.518726299,0.19953162551145648,5.0112729448477555,-339.8488484021353,20.678750636857643,176.39119317533627
5571442.5318928715,0.19938583677120592,5.014093630325076,20.144895035821072,20.691289489720738,-174.1772590878712
5572785.138630971,0.19924814878054736,5.017428774846003,20.12115023659252,20.713917509941865,-164.65837561611167
5574094.993386995,0.199117708244184,5.021295853175399,20.075139325745198,20.751342197621454,-154.92038838000107
5575888.748173971,0.19902810047320765,5.024412316573098,19.988447500745863,20.793912192453973,-144.7936233925847
5577887.850737238,0.19899051304711007,5.026689225280563,19.88696294836064,20.839604334006612,-134.14388851573008
5580099.847702704,0.19900908845164347,5.028075884517389,19.779312275377137,20.886160971337898,-122.79715593307644
5582466.48951586,0.19907364313502005,5.028509150829635,19.680488644059455,20.925718372177922,-110.55331467095733
5585159.043742113,0.19921948187937197,5.02815728832186,19.58270369103291,20.96698605428695,-97.17966167110687
5588048.488825545,0.19942049311939067,5.02705140058843,19.502120084190665,21.002618754778045,-82.43803050198913
5591027.5374301,0.19968112364938462,5.025619733595859,19.45597133730447,21.02595953152427,-66.11741330895568
5594264.771781975,0.199982839818196,5.023205832171787,19.436207402683905,21.047303560168128,-48.10450118436877
5597456.458009981,0.2002925224138689,5.02005917198841,19.46334719015566,21.059521570178372,-28.527740269812337
5600247.927190138,0.20054042706038225,5.016201081005298,19.539964398177016,21.058329629762554,-7.846850920225449
5602252.503052581,0.2006638162716151,5.011976883159485,19.651967952280256,21.038277692429514,13.16209023077892
5604075.096071107,0.20073215799318345,5.010770314214046,19.72494764022802,21.025117119025882,33.63536603548961
5605774.579740761,0.20075084867830298,5.011719580529584,19.76187738171604,21.046586650575538,52.81639682060424
5607111.764660593,0.2006810898730453,5.012075501624354,19.794786448355207,21.074565559803183,70.33169152614963
5608571.322484031,0.20061534566698144,5.011649451695407,19.811111008816937,21.107559371753972,86.15080985627671
5610291.751106143,0.20058007123225904,5.010334909234074,19.820642519849216,21.142327647254977,100.41957996582661
5611991.483592259,0.20051957784305974,5.008003847523427,19.826980495186834,21.1778188266124,113.3688902827533
5613649.939423034,0.20045537452874143,5.006023460297472,19.846057794811422,21.197297119819726,125.24510075597966
5615313.376450423,0.20036857195443147,5.006895731728129,19.887645520495035,21.191651072509128,136.27456529379623
5616959.207252694,0.20026626069135087,5.006510634207677,19.919064293004347,21.193103731905573,146.65747802879412
5618497.449500479,0.2001471883075674,5.009380945699939,19.949019563891856,21.188225355478693,156.57186024987126
5620121.942254819,0.20000854873932408,5.011703864938558,-340.02913695107446,21.188838615310438,166.16483161118765
5621515.470455522,0.19987447709840353,5.014804667972446,-340.02593142035494,21.19563070230753,175.58344212307063
5623092.948422981,0.19971689944530543,5.015865623156562,19.97480660604706,21.20008883775327,-175.0515455068012
5624304.233356744,0.19959412988007205,5.019459712395422,19.950050711018214,21.22342755787955,-165.61268415858467
5625748.451938903,0.19945608661734512,5.023419128300005,19.901549563651667,21.260170516211247,-155.96767306225772
5627597.317351008,0.19936940672889875,5.026644538449999,19.811735635980614,21.302270002763787,-145.95312495882862
5629611.927612368,0.199327407778283,5.029020484904498,19.71062462998116,21.347327330628172,-135.44352381113993
5631590.761114759,0.19934843557825044,5.030309446867148,19.61517416909573,21.387009869955268,-124.27323203310684
5634050.107231373,0.1994255522229207,5.030882548583877,19.51056788960716,21.428944108148432,-112.23472202553022
5636439.359364748,0.19956250731918715,5.0306511743307905,19.417621558958473,21.471058239521184,-99.11998282599201
5639311.801927919,0.19975720257488472,5.029695413620504,19.33586867977161,21.506173046405568,-84.67856428374196
5642027.988049082,0.20001079002323888,5.028025079255099,19.286245179216642,21.536197294249416,-68.70759641712925
5645201.901292194,0.2003094602300474,5.026005627300327,19.265613074946277,21.55602828776518,-51.06210148528612
5648289.152413214,0.2006080546468497,5.022991847535909,19.28325295410901,21.570005770677362,-31.82424618172507
5650932.159033012,0.20085472025660747,5.019218744741085,19.35300984249214,21.571564457860838,-11.396523715139894
5653305.0839908365,0.20101525960751146,5.015000257608135,19.45989592038728,21.555187813471864,9.503147392373286
5655308.899483545,0.2011039553425608,5.013241616923711,19.53555412888712,21.538478121696965,30.024491770158544
5656957.978459781,0.2011311459266669,5.0143658458897615,19.56922624934248,21.56023954885997,49.373337200144405
5658562.588403992,0.20110749026545546,5.0148596246874115,19.599514925060348,21.587251667364328,67.1135649572892
5659996.566290738,0.20105673462437532,5.014609797179866,19.61505725205599,21.619171077602278,83.16171463052308
5661516.8657891825,0.2010194011543301,5.013485007969006,19.620771119919326,21.653904808208722,97.63789920624737
5662911.013490722,0.20097824566690786,5.011582767229844,19.622926284981762,21.686093439601677,110.76225264177006
5664515.48498564,0.20091996228048448,5.008536771137338,19.62742651369701,21.719107149852753,122.7684761808077
5666216.130129987,0.2008398098815141,5.00792991201493,19.660673207163253,21.723396346292887,133.88830057244877
5667934.8542186525,0.20073806032257324,5.008768258127262,19.69932468067699,21.719654142935088,144.3268166573788
5669510.929560468,0.2006149644340254,5.011066849276297,19.72951297060725,21.71454692141782,154.26707268039428
5671101.784124019,0.20048045923930108,5.013270678760274,-340.24818555325254,21.71401751270485,163.85639832040616
5672707.547337182,0.20033290377052188,5.015211111872017,-340.23436497287236,21.71724953550792,173.23390767231064
5674209.514055416,0.2001845397529288,5.017915171844724,19.761926942416316,21.727073639348642,-177.46658998025285
5675736.862393152,0.20002926697870496,5.020304024653906,19.749918523637998,21.74093696529477,-168.12840720752757
5677059.973494507,0.1998982608144094,5.023713341183341,19.7142723875877,21.769555617820718,-158.62208577876655
5678476.1503397,0.19982449928219206,5.026828912041137,19.641899398818914,21.806261852382224,-148.79584962461342
5680468.363308813,0.1997701089385551,5.029505947372578,19.542081637955114,21.85128778646937,-138.51358458130517
5682648.747351527,0.19976423071076793,5.031310407380601,19.434929063408607,21.898171954052064,-127.62401325160447
5685033.325371243,0.19981226873196026,5.032216829359647,19.326633472475837,21.944578293222364,-115.94178603686744
5687671.724123348,0.19993025372951342,5.032251119388171,19.223163031255428,21.98815855134289,-103.25478228550173
5690238.735604556,0.20011488491236457,5.031488714395536,19.140642059506117,22.02685006787935,-89.34074746144569
5693150.1366545,0.20034935532786735,5.030124496637987,19.07789822094582,22.057078685031147,-73.96178356472748
5696096.054804726,0.20063850285753224,5.028490153126638,19.054345242006246,22.076748755874952,-56.96196540967315
5699336.529419083,0.20095079761260407,5.026160906171751,19.061242694854556,22.09121442732829,-38.325486896276445
5702209.619656248,0.2012212196268282,5.022879156397622,19.110840807292412,22.09718813064651,-18.335314328550062
5704741.923518553,0.20141603121041235,5.01879101807161,19.203312147062913,22.08771693832787,2.390469819699423
5706545.647130553,0.20150770723215938,5.016330492300501,19.27630074976695,22.069882694615846,23.041478589733558
5708052.008990996,0.2015398665661931,5.0175188791978895,19.312706797380397,22.087394942336168,42.75853127442679
5709320.309504038,0.2015005317997544,5.0182570768629855,19.345697839450285,22.112607932500847,60.98723985034049
5710811.022485165,0.20145950634356302,5.018296788429164,19.369522060776212,22.139065567502797,77.54016520908993
5712595.824573077,0.2014380590631512,5.017491889385396,19.38064208970837,22.174103055084615,92.47332648597043
5714073.856710535,0.2014026871360145,5.0160155216034745,19.386769870535858,22.204687193269393,105.98588888095692
5715803.075411944,0.20133477500323838,5.014527150093262,19.408587011144512,22.22372803336206,118.30152340613267
5717088.812965067,0.20127625220579856,5.014345008941833,19.435727054958367,22.22521812359,129.66924005620646
5718792.669537248,0.20118501322977056,5.014780197221446,19.47397077791127,22.222810943017922,140.27902517691737
5720460.908535289,0.20106712834222631,5.016545429523539,19.509112404039456,22.21732218356379,150.32701741295875
5721764.014217036,0.20096815651807365,5.018508505338425,19.53294791524535,22.215226757146336,159.97390955807506
5723040.272457669,0.20085384919171675,5.020785592312032,-340.45463076864337,22.217136412181393,169.3599697309221
5724384.143438522,0.2007261855583033,5.023290230981513,-340.44912339145236,22.224012831536903,178.60839450457533
5725876.025422517,0.20057729019019727,5.025834843319818,19.54112156308895,22.236192291559043,-172.1506034507119
5727142.150324887,0.20044756122476814,5.028566466792605,19.520517048785678,22.255678946526945,-162.80220100449844
5728430.637999123,0.20033137474394136,5.031828931729291,19.473880596965696,22.288521867367884,-153.21142009659422
5730322.563444408,0.20025436523402768,5.034906096280142,19.381293038721893,22.332046098250554,-143.21927317274432
5732139.568149041,0.2002375460393038,5.037031607976483,19.28558519559123,22.376216394825274,-132.70581725015774
5734288.406406742,0.20026235617870594,5.038380164664236,19.18052652785512,22.42348867730505,-121.4927003573124
5736717.718821775,0.20033496476324825,5.0387651730957845,19.083032120492973,22.46207713341638,-109.38472933955056
5739127.01027463,0.20047456696036026,5.038452711912546,19.001282903193047,22.49564143055921,-96.16895869184414
5742113.309995318,0.20068224582333166,5.03741097064377,18.924084207731845,22.52851054630975,-81.60251450843789
5745288.160870591,0.20093875433054145,5.035840114643749,18.87203301775668,22.55393070336232,-65.48998528912206
5748330.724424409,0.20122723853648627,5.0334090686389725,18.855820769480534,22.57546390991992,-47.7407511508443
5751545.266198255,0.20152712976639847,5.030801031816308,18.880595475366512,22.585764735079124,-28.468902336160603
5754336.329754772,0.20177125192662176,5.027394734280247,18.954459172841407,22.585152547741046,-8.127329899422115
5756604.876111466,0.20191179161094655,5.023301580326369,19.064531391343543,22.56673717449096,12.54317085042927
5758405.209056377,0.20198142253054294,5.023561845018935,19.11862664479544,22.569225800951397,32.72102203150141
5759934.507758722,0.20198992129238053,5.0245080538842695,19.155572230763873,22.589126315347254,51.66479869269673
5761369.9461773485,0.20193499235623993,5.0249314651738475,19.188265054585163,22.616136152785234,69.00057469660285
5762925.723174429,0.20188088485682115,5.024605050183476,19.204671524199632,22.649415049052436,84.68220449785994
5764726.548956463,0.20185225079685631,5.023358647816632,19.213225353027873,22.685987933283684,98.83979028488469
5766164.220006317,0.20181396825094786,5.0212301672436075,19.212771266789623,22.72108143770388,111.69862394302874
5767330.879297648,0.20177299885068697,5.0186134940120075,19.211814475713552,22.74897458669275,123.49115138431253
5769018.436565375,0.20168402620747028,5.0186973168040625,19.248215904645946,22.748341458739052,134.42068437611866
5770573.728369413,0.20158627389480227,5.01989627675971,19.28359476559372,22.743024181240635,144.69618127500573
5771985.281780129,0.20149013767779594,5.020386804197298,19.31074750378948,22.741907252433272,154.48473611507254
5773418.32210918,0.2013742958202743,5.022313664183024,-340.66720560893833,22.741338869795907,163.93467636068507
5774683.250785479,0.201260172872962,5.024906814741545,-340.6568990853755,22.745440272071797,173.18101881190765
5776103.490319697,0.20112153235520294,5.026366827295488,19.346312011329125,22.750556162705326,-177.65431147244183
5777440.705637151,0.20098691763880286,5.0279632353844725,19.33872282432169,22.759535116322645,-168.45156634090267
5778470.151413735,0.20087995656446064,5.031128403238005,19.311390078086124,22.785292064175163,-159.0946058543891
5779938.925446123,0.20081146407213546,5.034220746505644,19.236538246087605,22.820483939120987,-149.42140356428578
5781900.9972455315,0.200746043737661,5.03684916087138,19.14314448301244,22.862831326390268,-139.31888787222726
5783923.504779454,0.20072809399261182,5.038667663771312,19.044609303685956,22.90724799327096,-128.63756144162917
5786009.5726103615,0.2007694734485175,5.039643961923828,18.94616811899046,22.951602280823558,-117.19972617637185
5788423.746080508,0.2008724593986544,5.039800050791325,18.846500333133385,22.996213446720027,-104.79780684135865
5791031.555629745,0.20102729047729764,5.039141010767088,18.758609165080788,23.036353575525347,-91.21208468632791
5793709.909216499,0.20125069237572113,5.038340943636577,18.709084045131586,23.05609155731173,-76.22390333409504
5796878.743155254,0.20152743296432238,5.0374351399637405,18.681677435437773,23.068113409535968,-59.64773562524735
5800005.704644181,0.20182533912548184,5.0356541538866075,18.68452057755581,23.0807072553736,-41.456176180440764
5802914.543909572,0.2021013427256253,5.032711573364133,18.726799005111086,23.088318123476682,-21.86751254691992
5805717.323786566,0.20232394201221476,5.028651593264705,18.811251507064682,23.08233672364839,-1.4279738940840534
5807600.310781652,0.202414376053325,5.0246121764418445,18.927187715743333,23.057864991529318,19.060550996463295
5808998.878394809,0.20244637038927912,5.025472507082892,18.969754342091935,23.068645488125853,38.81070229935335
5810641.355203718,0.20244246004818559,5.026349700835388,19.005958300879758,23.092485469518085,57.177413757495714
5812131.504950559,0.2023885064859592,5.026583889309649,19.031810824173043,23.12252601891633,73.91078729241933
5813527.408962829,0.20232964747582408,5.026069740879126,19.04491693852326,23.153107245239674,89.03308616234848
5815347.877820471,0.2022992286052144,5.024715633366785,19.05649875698903,23.185955935146357,102.70003785813597
5816904.758834237,0.20225710401988123,5.022563776257313,19.061988057111602,23.21718067869593,115.14635664272082
5818032.429268805,0.2022122535730952,5.020910574961675,19.071641280377357,23.232943456829574,126.60498093766539
5819787.619151007,0.20211773970195673,5.021012869661673,19.108757216939377,23.23226289417747,137.2634334595082
5821052.453908434,0.20204574292745264,5.0216677893729305,19.13704704631186,23.22973181120845,147.3274327688479
5822385.920067241,0.20195286955550867,5.022677165548915,19.162929444975333,23.22795535191921,156.94778778511838
5823462.053671718,0.20186800861278362,5.023874282831324,-340.8196300988787,23.228132921632554,166.27009832865616
5824674.806703983,0.20175817868752605,5.026337161069348,-340.81019948777475,23.233098599207242,175.41833302469433
5825674.254484467,0.20165994054215247,5.028412937852517,19.19041609937248,23.241312748145234,-175.4859576598499
5826632.551616192,0.20156172548873333,5.030725958682247,19.178370364692903,23.25548145699278,-166.32514719857565
5827606.01139112,0.20146141376077653,5.033347251150403,19.152657096501976,23.278378696589,-156.9818870075393
5829044.367213735,0.20141477249477419,5.0358273645096645,19.079002866406054,23.308586561021464,-147.29338547669713
5830668.58316792,0.201402209311386,5.038147958791598,18.989565115887988,23.34885457981078,-137.15370444885085
5832251.791962935,0.2014391570341436,5.039871688466757,18.896375688582378,23.395187996280388,-126.41111674984661
5834355.55567806,0.2014982122151953,5.040747248504183,18.79584404867132,23.44229856110972,-114.8732320445805
5836401.990332775,0.2016218674522372,5.0407500502989375,18.713089126216275,23.48100771292318,-102.34718100546961
5838779.9968933,0.20179365645000988,5.040079445760031,18.641273818494597,23.514130855684517,-88.60107206734006
5841578.850577677,0.20202254878114875,5.0394256455050055,18.598065198810986,23.528519439712806,-73.4160095434426
5844877.715032265,0.2023105291418865,5.038228756360578,18.571620268023736,23.54291499320472,-56.63466802932613
5848241.463140778,0.20262793867074527,5.035940710870544,18.57852139671695,23.55727552970401,-38.26511892167729
5850997.7277803775,0.20289010950076117,5.033523352717663,18.631226586325194,23.561901027824934,-18.575807092535786
5853290.659041047,0.20306707092482087,5.0301919692098265,18.717226118927513,23.554767128116566,1.8474879278352214
5854941.389949525,0.20315059253713613,5.028552902308949,18.779134196599056,23.54337768810498,22.221578035450356
5856584.2948571015,0.20319109159354765,5.029748638195415,18.817279659764267,23.56006180616662,41.70501953797702
5858433.563799677,0.20321652820520975,5.030583137307857,18.84325027212112,23.585971869165085,59.761033865044624
5859767.325695848,0.20317691280890804,5.030699803286195,18.861884927980647,23.613119093833294,76.18253150292597
5861562.0957144685,0.20315809379216784,5.0299884847734555,18.87170569046324,23.64888709953308,91.00817132974404
5863169.365547463,0.20311738019004433,5.0285651522482295,18.879335667510645,23.68094145651558,104.42403615948714
5864107.638497803,0.2030799634489542,5.026780823786618,18.876807128292754,23.70550722794832,116.6687196200631
5865574.28292883,0.2030212902913946,5.025361917111265,18.896496709143374,23.718433551278352,127.93943753587564
5866780.520127477,0.20296422136075568,5.025877421382679,18.925386145067357,23.715296841659008,138.4578613739326
5868188.719101876,0.20288082170907598,5.027428134976111,18.95883560433978,23.70966926235948,148.393596766409
5869186.669220505,0.20281247042575865,5.0296610761060485,18.98073311614308,23.70614673879922,157.91340937826067
5870184.274428461,0.20272913758840383,5.031239305445869,-341.00601940544675,23.70661755061127,167.14942577060907
5871165.316871399,0.20264111831464882,5.031716846579435,-340.9941168348227,23.70763228924098,176.22201227829603
5871537.120495589,0.20260406525417402,5.034940337666582,19.001517819018282,23.720801693633234,-174.7488211911231
5872106.503284957,0.2025421397604865,5.036665391206635,18.995697171081474,23.731582889439455,-165.648861052208
5872613.900821593,0.2024824769361837,5.038260441344353,18.983911086874674,23.745732441471198,-156.36167853220311
5874117.699467765,0.2024270323122726,5.041248209048764,18.90483583570339,23.782637244190408,-146.71922758920638
5875815.144929856,0.20241648417134991,5.043174192324692,18.820047658091756,23.81650881497015,-136.61741338205255
5877666.732993001,0.20242865654587067,5.044036840264226,18.746027696707557,23.84005531155051,-125.90646930854045
5879922.296759907,0.20247709548535525,5.044607470242149,18.65861821431275,23.871629938469955,-114.39785917706313
5882229.010679293,0.20259605486297055,5.044590854795576,18.570586019377483,23.910412429491384,-101.89578749693563
5884818.712549597,0.20277323411258805,5.043826159872585,18.491601868133383,23.947259467446973,-88.17442813429196
5887139.932910901,0.20300245158348473,5.04378383930674,18.474213538267026,23.948207783369902,-73.03140521000867
5890441.552043939,0.20328571645551743,5.04328079957419,18.45580423691288,23.9541747609243,-56.283791528360084
5893807.0261176005,0.20359524699485831,5.041909349949491,18.466189145644623,23.962653176821163,-37.954009328738586
5896558.642838446,0.2038531812557161,5.040971233147081,18.52020624106069,23.964297807516264,-18.316460595110694
5898131.20395742,0.20398401904855754,5.038002611373553,18.611980291634833,23.95786136200227,2.035061257505854
5898824.544903483,0.20400541673500708,5.03605922416,18.67316980027718,23.944398724215937,22.338460507721617
5900149.980657127,0.20402754109431082,5.037117710801604,18.709772017181745,23.959116457100937,41.75043636777562
5901767.940364059,0.20401577490919992,5.037969865741433,18.742284698688863,23.985379480042866,59.72901679706716
5902858.734037872,0.20394639443434806,5.0381152065015185,18.757392751033418,24.01691969629276,76.08647973251924
5904502.957262145,0.20389763894557308,5.0374134310988286,18.767892728719733,24.05283042397116,90.85554271372321
5906027.026857251,0.2038699894147014,5.036477038681136,18.783158172228926,24.074090575504428,104.22473377483249
5907280.691976715,0.2038314918052108,5.034083889368229,18.77895382860977,24.10739763464269,116.41663881666584
5908550.719146101,0.20378806511481212,5.033959937560412,18.806253937498916,24.10849419896474,127.64791350889772
5909706.536266677,0.2037378759103792,5.033249945244787,18.82699353384238,24.112802772122368,138.12386276871098
5910617.329308497,0.20368003446571895,5.033735183846328,18.84583498800785,24.110979755027056,148.02616632474286
5911441.957993215,0.2036279043515261,5.03545024369768,18.86513096119093,24.108098350137432,157.50139736724728
5912245.160568342,0.2035674679155982,5.036252876715338,-341.1205098345228,24.10824235497437,166.68662500110486
5912710.523348667,0.20352991455707645,5.038091731550738,-341.1134459870631,24.111956925257573,175.70648421349034
5913174.6280919,0.2034843809283239,5.039955106440989,18.888169825950417,24.119280252237775,-175.3256265853856
5913298.533352995,0.20346556892780737,5.041927377410632,18.883614450798397,24.131230121709972,-166.29713837407664
5913594.033031747,0.20342522209796865,5.04151732159766,18.89178992515292,24.1276746815874,-157.09138407147805
5914568.228008244,0.20340854798346203,5.043131238652975,18.838629001092478,24.146999966120163,-147.54902952259022
5915944.999228505,0.20340361689633704,5.044559904040787,18.77205093852789,24.17122440948277,-137.56319631854214
5917496.713661645,0.20343535574381746,5.045500844624446,18.70262718806825,24.195630220460927,-126.98441028948703
5918874.5028146785,0.20352009061867532,5.045978104276758,18.641978901233102,24.219476843040077,-115.64516953604951
5920745.243036017,0.20363076592326781,5.046019945024132,18.576876982424057,24.244479584178098,-103.3302221397819
5922945.251319151,0.20380082022110058,5.045569083643191,18.517400462190974,24.269162198886526,-89.82415953539584
5925272.984270936,0.20402753392303088,5.045496396877502,18.497315380614364,24.27090087287592,-74.91504807350196
5928322.233303089,0.204295679970691,5.045623081311155,18.487544208333286,24.269245482658032,-58.42080598937454
5931686.998453731,0.20460002719533668,5.045252384974062,18.498642011952583,24.271672200442918,-40.32839261674551
5934732.442457994,0.20487630745979102,5.044751626578014,18.545325642865187,24.272707987766545,-20.874791111124555
5936372.412083028,0.20501856359212256,5.042146041445592,18.62970888631483,24.26841088284037,-0.6168127567906357
5936831.7730232105,0.2050303234214346,5.039952753715528,18.68920042336489,24.254787860264482,19.70162627471572
5937803.782872748,0.2050365796326322,5.041006138280018,18.723882948765866,24.26814177580385,39.22450501953205
5939653.606231697,0.20505992372388385,5.041868207033415,18.754318772305258,24.2915688607386,57.36918198244621
5941342.503924668,0.20503689625262927,5.042113104105695,18.77597674901271,24.321803540965742,73.89567535973954
5943031.496396702,0.20500422449961728,5.041631677114009,18.79187458093659,24.351405662514093,88.82614128058745
5944631.323362036,0.20497886026691678,5.040332199600565,18.79779560116058,24.383639241769842,102.32782896476846
5945719.420055978,0.20494900293976862,5.038347200225762,18.793532624265506,24.41309884659377,114.62780389329045
5946040.247383457,0.20493905388100395,5.036747877308549,18.785132953024956,24.42877385276131,125.95521751252407
5946683.884327373,0.20491417170080115,5.0361184208636915,18.795198590398144,24.43286326253089,136.49025070307871
5947381.050352462,0.20488589140861968,5.036823590439812,18.81404375919724,24.4299672691266,146.41782399281578
5947796.413856054,0.2048608215429532,5.038681817079242,18.826180364203875,24.426228493722434,155.90332585047702
5948063.307590943,0.20485222178645815,5.039967348286298,-341.16329116976834,24.426047829829542,165.07423042536814
5948494.340214288,0.20482017920371615,5.0408923228977995,-341.15350013233603,24.427593137190065,174.054845917792
5948423.037666095,0.20482805616360136,5.042962934310367,18.845699119824385,24.434944473156403,-177.0341724647828
5948802.599995658,0.20478496863741008,5.044039478603219,18.84739022038362,24.440975080743257,-168.08716438123483
5948949.535510831,0.2047663378098099,5.044949233977476,18.84202829242679,24.448278511648972,-158.98382192734152
5950105.243007222,0.2047353663125947,5.045685736626959,18.795652646964346,24.45648519445301,-149.56962301743144
5951364.172292849,0.2047287060349113,5.0464991487020665,18.74336772381917,24.469203639487947,-139.7508049406104
5952866.4714722745,0.2047579854555871,5.047421369326497,18.6771607215437,24.490708393841853,-129.37396896880614
5954400.119137814,0.20484664717972284,5.047556728527118,18.629280393645068,24.496234794949753,-118.27476108108986
5956033.9200150035,0.2049567271843657,5.047587137563919,18.58822821479341,24.500966071023928,-106.25951423641823
5957940.906244434,0.2051242242485949,5.047531268288558,18.553289301396212,24.505316384577544,-93.10797573119822
5959872.046150362,0.20533445266822897,5.047738993823464,18.544368122731218,24.49967775300357,-78.60383562451325
5962719.613144057,0.2055935137305831,5.048680448895637,18.546022291471292,24.485854917746032,-62.541441317703914
5965835.400414411,0.20588856028765068,5.049053668818233,18.56104489155331,24.482757110312846,-44.86569311304887
5968855.562418396,0.20616753995768977,5.049201801761846,18.601743362549584,24.482070484658006,-25.73436015309145
5970769.748319263,0.20633993788775357,5.0474506599784865,18.674756107206345,24.480830842956216,-5.628975738111278
5971684.342526022,0.20638416489994765,5.046047006724361,18.75889639911558,24.473731032783032,14.709394022068873
5972492.957595043,0.2063907510541049,5.046249968574694,18.802560910010488,24.47576536619988,34.472222537014964
5974403.017335573,0.20643034281610562,5.047148027685765,18.83480388789972,24.495566499708247,52.96646016847747
5976112.359374331,0.20641421793558967,5.047576822888172,18.8583411156989,24.52501703472012,69.86920395052326
5977912.309377657,0.20639561775318108,5.047218231463819,18.87060154334045,24.559661117556868,85.15053137011945
5979730.379222466,0.20637563732085096,5.045927569717202,18.875649549205797,24.597490221670036,98.94856461241497
5980541.771866346,0.20635283593968778,5.044166203091039,18.865286738042418,24.626820101793772,111.49741154149358
5981050.647721823,0.20633928975972377,5.042548810452856,18.859187570590404,24.64438619705318,123.00719144345969
5981627.147439258,0.2063239023253611,5.04109405876597,18.86173333034511,24.654978246943536,133.67942627220165
5982117.36167708,0.20631076929574435,5.040795990974332,18.87235428327205,24.65634940424328,143.70258942347283
5982622.661079414,0.2062912279972783,5.040794378586802,18.885118372446417,24.65633502063131,153.23585487711205
5982745.9314684365,0.2062971006410225,5.040739288516092,-341.10643298498087,24.65635575966214,162.4247980978916
5982875.450793246,0.20629007660505724,5.041750038388391,-341.1027245527823,24.657516329087994,171.39411429344202
5982562.472487405,0.2063233360839267,5.042508813502119,18.901585755228385,24.65977364581009,-179.74598315800617
5982427.9087867085,0.206334627865711,5.043814126261219,18.899401456640955,24.666241602117303,-170.8807330799502
5981999.4092920665,0.20636419559515576,5.045293913095427,18.899547501762637,24.67694089128844,-161.90800539895886
5982393.622544991,0.20632699957438885,5.045240681604805,18.896931300176192,24.676384645634986,-152.69107562684962
5983476.1844198555,0.20631717160468624,5.045337986438952,18.86041494914729,24.67772054768916,-143.0852182184374
5984577.011946278,0.20635478306505595,5.0454312652930735,18.821386554888765,24.679570605872925,-132.97821419426592
5985652.868583869,0.20642355888093478,5.0452225742574885,18.796136655114307,24.672552919808986,-122.21400377301748
5986975.5548160225,0.2065380181580671,5.0451206174426355,18.772913537882197,24.663795345133497,-110.59998598665241
5988566.126499314,0.20669459334102336,5.045159832250222,18.750727831701834,24.658391676687202,-97.92718411249571
5990856.79846311,0.20689358344509845,5.044997318373829,18.71661120589887,24.66431759326117,-83.9621664558523
5993719.730562132,0.20714688727527833,5.046304638101933,18.72094226446551,24.64081274099504,-68.5015949954403
5997018.135759931,0.20742781745444802,5.046992672064376,18.72204543634996,24.633846244209114,-51.41756675209864
6000081.454144046,0.20771666295110564,5.048178147313682,18.758626446522616,24.62782469814064,-32.788943867773305
6002286.129185798,0.20792755029130647,5.049675740099517,18.825319746272836,24.626349363250043,-12.970476527816261
6003512.357577257,0.20801515512429453,5.048578142455337,18.909486526990534,24.622519730074373,7.375264822222862
6003727.45046133,0.20799720123637916,5.0486209639387996,18.95310840567962,24.622691079634695,27.445222827652202
6005649.951872408,0.20804858742479673,5.04952791410799,18.99007488462056,24.637952043745862,46.44056333697828
6007264.514093533,0.20802388111087178,5.050111237387808,19.023916216953562,24.661848297057944,63.91265586715644
6008629.86926336,0.20797974650227002,5.05006882418357,19.04638019247256,24.683394976785245,79.75067647176772
6010341.310707275,0.20796524998471894,5.049200006221358,19.053163650467933,24.717260244039057,94.03567678905497
6011155.310865782,0.2079432900201926,5.04789942501356,19.046695741082875,24.743030322009435,106.98371427141535
6011783.784035295,0.20792220220058644,5.046102544938883,19.038265884574795,24.76559315990331,118.80644836150155
6012123.214838708,0.20791767388283944,5.044788573910986,19.035094363470076,24.77664417031134,129.72364753378866
6012271.840563418,0.2079270063002628,5.044421878490643,19.038325383641997,24.7786542536305,139.92669268041146
6012194.604045106,0.20795294832349778,5.044827424083113,19.042903427742228,24.77729810876442,149.58432019506364
6012015.20276989,0.20798659624725702,5.044415390525459,19.04663237571849,24.777832394588504,158.84049658322866
6011721.615240065,0.20802730402885664,5.0453690590566795,-340.9481200298388,24.778274767164174,167.82457947470945
6011135.23164366,0.20809059182355974,5.04694967906844,-340.94483137234135,24.781854623049266,176.6545915255884
6010725.429662436,0.2081295190758461,5.048388357377492,19.058997058071064,24.787826497594537,-174.5601567167205
6009987.240702629,0.2081909914213254,5.04931980587827,19.066074526053267,24.793657774077595,-165.71062868551377
6009357.908209976,0.20823795634860512,5.050193965262481,19.069267930255286,24.80135572385549,-156.67944375003074
6010376.507223092,0.20821010254547967,5.049321957054188,19.049225711903606,24.790700830769588,-147.30626204939836
6011213.413132805,0.20824606999823278,5.049804102587854,19.008624899349208,24.79896253620656,-137.49658621053396
6012310.597080357,0.20830755396641942,5.049399543708646,18.984152342685324,24.78827492013114,-127.09657912947664
6013776.3977055475,0.20839480016657108,5.049044634160207,18.964432081862753,24.77017688192507,-115.92969053735081
6015164.916317664,0.20851684797624634,5.049029883115616,18.94722066642439,24.75928615322698,-103.80542042031816
6016822.892339127,0.20867832195846225,5.04924640719199,18.936397470458814,24.74748215412044,-90.4947271791585
6019162.183619358,0.20888829972750367,5.050556213691958,18.946833605188345,24.71649369898935,-75.76651707979035
6021758.7779701,0.2091450544091757,5.052006327096093,18.96369945471241,24.69761033055408,-59.45466490763984
6025200.422580102,0.20944829833261208,5.053209671667271,18.98283891481108,24.689066768568754,-41.50547672420124
6028170.477653515,0.20971796689658528,5.054131939989677,19.030746615715472,24.686473518022808,-22.14839407474349
6029722.102578204,0.20985771636663947,5.05531962650916,19.108571462870962,24.687882446894257,-1.9274649471979552
6030164.297754683,0.20985832849712507,5.0548467461170095,19.19174775853197,24.68486803212825,18.375900521652785
6030511.467302611,0.20983204878802078,5.055365266017458,19.22616301873558,24.691158941990683,37.960091049731815
6032186.42214261,0.209827547663806,5.056324095501123,19.2606676708367,24.716228820849373,56.158983549065084
6033671.581583304,0.20976964411754373,5.056604199553763,19.285629461283623,24.74678448600092,72.72658992263403
6035350.172839684,0.2097266702295959,5.056107762238518,19.299481995793432,24.77929318915305,87.67589324015545
6036910.442288421,0.20968724862058397,5.05481606340388,19.304395332834698,24.812209982506054,101.17064942220334
6037647.575317437,0.2096622235439877,5.052808340755666,19.29085899105807,24.84264622686366,113.44647481136934
6037842.2106893305,0.20966247055029857,5.051220264981162,19.279472093471586,24.85855860821631,124.7217385348385
6037944.6970966235,0.2096606979649012,5.05035212209133,19.276102551173413,24.864374069514753,135.1934854725223
6037541.568447936,0.20970782612387107,5.049617652593766,19.269491619817,24.867476777773707,145.04676643902133
6037333.237884488,0.20974009396810447,5.050192873070628,19.272197533794458,24.866195824746697,154.42732963757427
6036846.997435579,0.2097926533324,5.050984471220941,-340.7281980956323,24.865908306314555,163.47903034422046
6036183.525947321,0.20986430525618874,5.051941483030706,-340.72606732855036,24.867266960579578,172.31771663178387
6035617.808713514,0.20992219482953006,5.052521051345381,19.280283512836476,24.86913808948234,-178.94425173215154
6034991.500542,0.20997961958735853,5.054388614772801,19.27820897543855,24.878877876607937,-170.19285928525883
6034519.303173309,0.2100134558112226,5.0551741224375135,19.282691650160594,24.884763621933047,-161.32206644474144
6034823.735004807,0.21003831295837305,5.054324862391574,19.268143373225175,24.875915489167,-152.18037551172742
6035742.181786718,0.2100473988226922,5.054633755711219,19.230708130756014,24.880338499825914,-142.66575905838903
6036861.582595207,0.21007523237736264,5.054151625628441,19.205837001499457,24.87021920193079,-132.64386984375088
6037628.166806053,0.2101558542613101,5.053456364289567,19.205240350108152,24.84612120893809,-121.96371667693361
6038854.703751951,0.21025354553913975,5.053204860528513,19.199848984010526,24.82298187621701,-110.42209019264813
6040051.774834944,0.21038867036191844,5.053438054881635,19.21092361158536,24.79272983111714,-97.81702764958251
6042197.075845297,0.21056471346833702,5.05368803446877,19.192995518146734,24.784175409710357,-83.89997888876566
6044591.334812822,0.2107898381567954,5.0555271772807595,19.212930675915455,24.75181453326174,-68.47477841737934
6048050.933851395,0.21108974376090633,5.058056546191775,19.234530775012576,24.726874709812385,-51.3994103454332
6051203.697418919,0.21137902168516365,5.059795043428534,19.271435249091894,24.718356352905815,-32.74955950973451
6052544.107599027,0.21153896437975575,5.061615572076406,19.345296132982735,24.71682302575601,-12.89881122245809
6052317.842959128,0.21153387723133063,5.061689935611947,19.426177895079356,24.71683060315969,7.492184417937713
6051887.5169749055,0.21147768090797728,5.060894573523701,19.471139442965427,24.709827885469384,27.602566195413516
6052862.070762185,0.21147326806680117,5.061862619010145,19.498285875243276,24.726521359078433,46.617147297577574
6054676.331387131,0.21147464662834176,5.062512185380786,19.523906206141895,24.75432088009087,64.0777477894708
6056145.7577647455,0.2114448182679728,5.062436118991522,19.540386085246926,24.78045210859494,79.87873650836414
6057772.739253031,0.21142806625499955,5.061471510401846,19.542572885157146,24.81658021472782,94.11111679758953
6058730.0254268795,0.21140427777676868,5.059797044563596,19.53228344006885,24.849015763486204,106.99040109608849
6059312.482868362,0.21138912589277595,5.058091690445595,19.524108343977463,24.870036428757793,118.74131069953324
6059213.809324531,0.2114007620096135,5.056342325637691,19.508099540804164,24.884527542369923,129.58969611941242
6058684.552898804,0.2114499515844342,5.05579693879402,19.497537429031574,24.887485953961498,139.72315877003038
6058188.489512887,0.21150371922265973,5.055702988845335,19.49315191736731,24.887770236310526,149.30177528256493
6057399.091697421,0.2115861411731672,5.056758437050687,19.49034093997938,24.886373968687604,158.4759340119659
6056773.864125874,0.2116577999204567,5.0567023840867265,-340.50669575986456,24.88633388069677,167.36752970577237
6056184.711508647,0.21171980104684604,5.058031784489186,-340.50542478503587,24.88931898543136,176.0993045429998
6055430.231951918,0.21179278958779776,5.0594201602840325,19.498891824084847,24.89501725880296,-175.223392296162
6054712.422139853,0.2118526200983301,5.060395860076678,19.505707024113573,24.901043290344028,-166.49003262202046
6053930.496621804,0.21190734736015784,5.061002799445495,19.5158322095589,24.906295554933244,-157.59000540959113
6054560.93646897,0.2119137646124895,5.059953523934608,19.50185739546625,24.89374283335301,-148.36058373542198
6055656.4783117715,0.21192424940449697,5.059468623879864,19.47468562943252,24.885591389130095,-138.70309985551103
6056527.945988858,0.21199400694505638,5.058689407079448,19.463915403589713,24.86587979271257,-128.48139155577653
6057667.510714699,0.21206391112299466,5.058150391482458,19.459616901244107,24.840579550749776,-117.51789936799211
6059101.299942762,0.21218666595313235,5.058047505538033,19.460842985499315,24.80989927211474,-105.61112738979148
6060915.426907962,0.2123557246326599,5.058578220239875,19.467986010623292,24.776719186678967,-92.53881246275313
6063284.344547804,0.2125537843073584,5.059841045510765,19.476348859092752,24.74458197531711,-78.06544972092657
6066223.533688523,0.2128132074499294,5.062464068964448,19.501111066072003,24.70817409925902,-62.001127840265056
6069754.67364439,0.21312167805671509,5.064742028641452,19.525597724558892,24.69079109977903,-44.272054979574385
6073162.984333716,0.21342230863447897,5.06685406504903,19.572203175427514,24.684083609906065,-25.05399855113654
6074905.020877169,0.21358179748751135,5.068617814100968,19.645722026278353,24.6854424554843,-4.852646331236353
6074865.535513122,0.21356717911806047,5.068024327776618,19.70304455238468,24.68206482053235,15.582345306577087
6075234.172410404,0.21354717302804171,5.068851259744714,19.73392602340442,24.691382024391622,35.3670211101562
6076925.15819218,0.2135497199634477,5.069887388799285,19.767930276524677,24.716016046673886,53.804713357103225
6078246.813966444,0.21349630490961166,5.070159241425608,19.795944535499782,24.73897225726021,70.6038074390528
6079971.241859723,0.21346600686722036,5.069775795461114,19.811609553003517,24.76859033348178,85.74320674648229
6081190.325450139,0.21343789360106422,5.068759841891322,19.813277162819332,24.796089558027568,99.38905424002313
6081709.1196532175,0.2134228392463454,5.0669301143362935,19.796103309256935,24.825003512948353,111.76742420904704
6081675.411546316,0.21342974564664727,5.065934521686196,19.78525748352277,24.835335464149658,123.10548587580523
6081392.067236118,0.2134589322014215,5.064809928126307,19.773071592052034,24.843189364644758,133.6079822810268
6081176.118230663,0.2134932073801292,5.065029793905747,19.773425886274612,24.842178473955073,143.45354855535666
6080626.801871495,0.21354526092597767,5.064634529157628,19.766992298232246,24.843116480479818,152.81101370509703
6079764.1925031375,0.21363781449669556,5.065510597058748,-340.23480403553015,24.84260235316676,161.81128065617415
6079340.041273946,0.21368551402374666,5.06615894271244,-340.23276653652226,24.843359659641767,170.57580042939503
6078618.7511006985,0.21376016802535747,5.067197769094345,-340.2281572346479,24.846428441946472,179.21780561562986
6078068.15395998,0.21381029332216567,5.067964740840002,19.778404728380117,24.850156242488033,-172.15281501163716
6077435.5514016915,0.2138592391011066,5.068577035369949,19.786339816008063,24.85446864384722,-163.42814102654728
6077404.6436727885,0.21386600946995502,5.0682673734341215,19.787970020093628,24.85142550709283,-154.48075768095447
6077758.916379906,0.21389779791472013,5.066879667701791,19.785775222772184,24.832740814020436,-145.18336750524563
6078464.286775678,0.21395696983162835,5.066023690627883,19.77252775895687,24.816304034208525,-135.4100227491728
6079170.646789063,0.21402719242637103,5.064886864573583,19.78335211553365,24.78184628095557,-125.01852684565706
6080402.464173144,0.21412708524439314,5.064516313984088,19.777943200749842,24.757249874202053,-113.81362088592749
6081969.677282149,0.21425363706297215,5.064597745278675,19.775380483359587,24.73084797109023,-101.59204831761838
6083669.013893865,0.21442640670716098,5.065376472401629,19.789292431333344,24.69746352717693,-88.12919415666158
6085814.821691692,0.21462926471198382,5.067258408579037,19.814007543076666,24.658958877113356,-73.18854354165104
6088826.708227944,0.21490670946950774,5.069725803745407,19.839525103989263,24.630714804859068,-56.59848146858611
6091798.4797072,0.215188693129858,5.07195100302691,19.876078130186283,24.617305892650524,-38.353408198024304
6094392.356490431,0.2154299785734369,5.073941499831478,19.932704800886516,24.61362398355788,-18.721630891334918
6095708.661830269,0.2155423467625534,5.074770268376592,20.012032722107644,24.61527699356985,1.6787791175352424
6094367.200258726,0.21543811366435223,5.073114233638657,20.06198464464587,24.603390715764416,22.047138977887936
6094777.909837592,0.21541165562208162,5.073817422104573,20.09028597507441,24.61347348509924,41.493614987286925
6096462.675066644,0.21540158049514263,5.0743021023818295,20.131437416195634,24.62929960945568,59.436755333211266
6097485.301165149,0.215326824176507,5.074395167116569,20.14477250906216,24.660331389630983,75.69752027687224
6099169.730005927,0.21528070900378876,5.0737133918678765,20.157108935839993,24.692469778590432,90.31720997383752
6100393.516779622,0.2152600034016914,5.072513505112301,20.15839882628281,24.718692374716394,103.50396082155603
6100406.939207057,0.21525121090460014,5.070821591780193,20.136144053888,24.741597428532884,115.50228184744253
6100720.799419016,0.21523772657316967,5.069132000827368,20.127411312451166,24.756897339910562,126.50933637710561
6100244.37887533,0.2152769373102158,5.068733110385711,20.11732837797843,24.759283962855427,136.7511580496327
6099965.793311376,0.21531883359769227,5.06842145941076,20.115623360390295,24.76042597090256,146.3843083648692
6099430.029732067,0.21537944073316356,5.068448602379364,20.113524445559058,24.76036199880093,155.5706028757462
6098686.7253604755,0.21546301174979945,5.069205428665709,-339.88568383469044,24.760371280952945,164.43868955778015
6097624.864009323,0.21557389400846144,5.071025193268398,-339.88582499003826,24.763585936405075,173.10824962876788
6096431.497619584,0.21569167452020507,5.072133202012168,20.115650114231805,24.76753055800118,-178.31065681150963
6095755.5954064075,0.2157511407219304,5.073006733754693,20.1223173344669,24.772357303090395,-169.7152257004422
6095345.0141026005,0.21577667759288122,5.073536117384049,20.129202465345525,24.776495332660872,-160.99131146509183
6096053.37509628,0.21577268713227576,5.0726438085756165,20.109975264539912,24.76686881090405,-151.98592310732766
6096742.471256128,0.21579075906032852,5.071333571379115,20.10303702493081,24.747350762315175,-142.6164490661594
6097888.706815982,0.21581831927302675,5.070476427278196,20.0872058773295,24.72879874592033,-132.73115166756804
6098995.37328586,0.21588400135447736,5.069395648611143,20.095569357184264,24.68983074124033,-122.17820216333716
6100423.710114352,0.21598499678868247,5.068988913954793,20.104412356265545,24.649115574944048,-110.76190823274226
6102178.620725157,0.21613446694438435,5.069272202117523,20.108508252703047,24.615796332949945,-98.26733616313133
6104245.317080848,0.21632577101276035,5.070314825638377,20.121493137444663,24.58076708446808,-84.4605888936974
6106965.816696124,0.2165633414727911,5.072152252940818,20.136713194276098,24.548940063873868,-69.1113757574848
6110071.723161435,0.21683799272097062,5.074294625747243,20.15709668546207,24.528069368757873,-52.078874471682056
6113293.908402232,0.2171349953990001,5.076825539948836,20.199069061172114,24.515917919366313,-33.41634099264849
6115514.284150096,0.21734441995845555,5.079298641094688,20.263377814319096,24.514059993566516,-13.482777637083462
6116690.295781765,0.21742862399332075,5.079818260378524,20.339869218970524,24.515611192278946,7.027556596324161
6115579.146232948,0.21733049685319625,5.078707831548231,20.38643903741592,24.505754461991668,27.265278700400394
6117246.760839289,0.21736398540709373,5.079888617236508,20.41493841315718,24.526563321726474,46.375853869198835
6118900.54660368,0.21734087607440247,5.080326961877574,20.45102269665027,24.54635524476148,63.892051596868654
6120634.699839089,0.21731107266740562,5.0801964951014815,20.466651502553212,24.578551567375612,79.70046429834677
6122357.1867759805,0.2172983557298507,5.079307085122794,20.473670394825987,24.610223844086686,93.90669039125731
6123308.337163767,0.21727769333348404,5.077272673400762,20.45666927052897,24.64844143535436,106.73180497636056
6123679.256877586,0.21726685460392187,5.07576724826129,20.446579142265815,24.66652322271958,118.4107589080218
6123344.760230346,0.2172884192734212,5.074102244331087,20.42683070595733,24.679993234319934,129.1709040901818
6123104.220690472,0.21732252979526667,5.0733204100867475,20.42063792376109,24.684148487412585,139.19321004979284
6122776.161596952,0.2173687204879069,5.0730099500078625,20.418995002350478,24.685109889512308,148.65215605358003
6122152.671984393,0.21743989824213109,5.0734294342676565,20.417943715801474,24.684566559595904,157.69738834616737
6121363.886124153,0.21752750358862888,5.074694238334426,-339.5812070225465,24.68518455447613,166.4537040087038
6120445.212270606,0.21762436982435654,5.076471462088442,-339.57982148553424,24.68914353727436,175.03610494518497
6119649.709536258,0.21770248238063067,5.078375322644698,20.422329200140474,24.696841999970367,-176.44787576966888
6118992.24794797,0.21775749986037168,5.080722342506924,20.420595053593964,24.71106734907896,-167.89091475992453
6118286.630371988,0.21780772794993405,5.0811797645733865,20.430346982138563,24.714925148024204,-159.18411387047857
6118721.568894746,0.21781416262236586,5.079971067421775,20.425005069164136,24.700916264490004,-150.17875324420584
6118680.868715577,0.21788329261800127,5.079398234288629,20.421030097235437,24.691687835354912,-140.78687071686124
6119588.180349601,0.21792184164361178,5.078126258636744,20.423227617267727,24.661474797221256,-130.8427003836573
6120412.84444209,0.2179882901457955,5.077243706954144,20.437430802669184,24.624649649898387,-120.19775214498462
6121522.390254876,0.21811807614500503,5.077015939256245,20.4503976347376,24.588364694216175,-108.6493676499992
6123585.008828411,0.21826267133360797,5.077439011908913,20.450570123628825,24.554544778091262,-95.96261856010229
6125759.704218131,0.21845451336934874,5.078727361097121,20.465994804080772,24.517352325982596,-81.91709539029705
6128721.812984744,0.21870685545179117,5.0815466190089404,20.49343384778304,24.473804514351553,-66.28174409961734
6132285.071983049,0.21900947731268927,5.0841587622621995,20.515986770329803,24.451249186815364,-48.93556651921059
6135795.776086405,0.21931891623318592,5.086768112697671,20.558612104454653,24.44088545436388,-29.97957720999709
6137798.522463219,0.21950617779459258,5.088991933941725,20.62593122279362,24.440902969738246,-9.841848252529852
6138763.0900762845,0.21956466326048812,5.089177067477649,20.70486735464408,24.441463551335808,10.72632970451906
6138230.652278038,0.2194974990242031,5.089279712186448,20.740376285137,24.442315167747417,30.856801888413276
6140106.054102588,0.21952991199577568,5.090332188903062,20.772385559715154,24.463915562274867,49.72668055843201
6141722.986652279,0.21949786002140542,5.090713177679915,20.803635831558072,24.487089790537514,66.94264629038722
6143406.549359299,0.2194569401434426,5.090448605235565,20.821591794699597,24.516038488762295,82.43929831263485
6145033.475079237,0.21942954062780123,5.089310107325115,20.824825690303083,24.550316106070223,96.35517119005519
6145790.3456003815,0.21941217074954472,5.088125777112233,20.821389327169626,24.5702909735402,108.92779702423275
6146060.392689826,0.2194068164357111,5.086763985707366,20.81215276101988,24.58526816682454,120.38870484252215
6145749.570357904,0.21942473791561068,5.085269874055104,20.795261805744133,24.596352383533056,130.96235538572017
6145095.946884433,0.21948553211596097,5.085077140517996,20.785460641785342,24.59726073428672,140.83545049139488
6144613.042955261,0.2195417145433201,5.0855363823413064,20.78379995418825,24.595983913396807,150.16621540400772
6143600.758450145,0.21964725705871735,5.086440341810283,20.779566010735792,24.59516019296601,159.10640330234233
6142972.541622881,0.21972026639714923,5.087390651818588,-339.2176754607472,24.59594421012573,167.7711878906426
6142238.311418587,0.2197979364472457,5.088504867606305,-339.21475647237304,24.598792968168972,176.2807226928344
6141258.628632337,0.21989279644814508,5.089751241865801,20.78849437163207,24.604259319916217,-175.2590994483417
6140389.464477306,0.21996656153318622,5.091393912380597,20.791485368797655,24.61483835657689,-166.74558178180476
6139713.31327633,0.2200158531372248,5.091368927422499,20.803515445311938,24.614600464910446,-158.06472813563812
6140034.399976816,0.22004211080544211,5.089549060600816,20.80550223093405,24.592435732051165,-149.07102775996916
6140601.006368769,0.22008470452987236,5.088126743553246,20.804710360187922,24.568291120234,-139.66299184990459
6141304.188647883,0.2201297373341138,5.086897005210369,20.81334802863934,24.537024523083545,-129.7003863455766
6142395.346102545,0.22020724778347447,5.086020150410936,20.826144531789247,24.496148531191178,-119.00358139524852
6143941.024418814,0.22031467500225926,5.0859010060783865,20.82658315033252,24.46460756218282,-107.3739067480187
6146112.28942091,0.22046637040433567,5.086429869862051,20.827469251781316,24.42984810165534,-94.58178468733104
6148055.61590834,0.2206689130710104,5.087801570309443,20.849732759535463,24.393734995579536,-80.40416121615688
6151292.244435009,0.22091396726678397,5.090796266452821,20.870855648723147,24.3507502701521,-64.58945002471616
6154413.931073412,0.2212027368890814,5.093967170755774,20.906615105361336,24.325515982646024,-47.05899626257844
6157829.669710124,0.22150286526282245,5.097059945121533,20.952598763601312,24.314876204832363,-27.919475100101412
6160532.9230263475,0.22172384227631953,5.100249781428462,21.014443235767057,24.316579305074413,-7.643372466460363
6161163.613414045,0.2217537171839207,5.100872320842611,21.091881642339192,24.31940388792384,12.966136364610437
6160424.226585332,0.22166931112917138,5.10112123704042,21.12555123266692,24.32196723273073,33.03491479209381
6161858.08944273,0.22166270657885234,5.1021475277625665,21.15647038215641,24.345380166874968,51.76178570563254
6163058.320031675,0.22158501678792478,5.102472216566815,21.18612383713799,24.370825870957056,68.79301688892062
6164336.4502023645,0.22151348879505897,5.102046043814421,21.194393043711887,24.40496477993909,84.10121564291028
6166163.964841906,0.22149317013679928,5.100930616531424,21.20408811390127,24.435281097432643,97.83216571945165
6166666.054960245,0.22146779564256117,5.099486420690062,21.192891768663632,24.458051488855425,110.24611903370294
6166485.655429339,0.22148008388327364,5.098279602654155,21.17682429553502,24.47056186998476,121.57302687381885
6165965.932203015,0.22151565002860182,5.097962413961646,21.165349696528207,24.472751510490497,132.02592915944996
6165245.907846237,0.22158259452582316,5.09832698420331,21.157487804559594,24.47108258535468,141.7923434718087
6164471.4299400635,0.2216640045479849,5.099340783740503,21.153785486511396,24.468562728818124,151.03350582988116
6163458.623651439,0.22176804445936452,5.099741367229604,-338.85116099789707,24.46828599734645,159.89324572564036
6162652.807021486,0.22185717835213642,5.100497216587412,-338.8494564506515,24.469073266792726,168.48897389130966
6161641.579409294,0.22195894987933917,5.102091642927612,-338.8515836380514,24.473492256348592,176.9409284054348
6160879.985187924,0.22203185809619466,5.10302920213026,21.15431770328601,24.477803356791128,-174.6532984051588
6160144.364741286,0.22209533456777297,5.103996071762829,21.15773171834768,24.48425072120303,-166.18137920947618
6160023.050317967,0.22211237744189685,5.103556520279537,21.159892169071835,24.480194419469903,-157.52470220889478
6160572.67867619,0.22212325358399992,5.10127456007868,21.165193420436257,24.451599445178644,-148.558105334534
6161151.300363284,0.22216634970179025,5.099647453815806,21.169009398990514,24.42312406266107,-139.1724717392854
6162104.774167271,0.22221167676285736,5.098352624387122,21.175067052654022,24.38892082736392,-129.21733706660032
6163329.079153925,0.22228386821010776,5.097437512843853,21.190534019577107,24.34344068372557,-118.52072203318464
6164856.371660778,0.2223982767032027,5.097339477707851,21.200319135870643,24.303775988758943,-106.88123216858668
6166912.807756418,0.22253716443210764,5.098053800250815,21.21166060140011,24.2608714765728,-94.06428734766234
6168968.933832653,0.22273265122736186,5.099698782563857,21.236765648184445,24.219513178228304,-79.83798980490951
6171665.731786428,0.22297153386144203,5.102387466980488,21.264283365557635,24.18233274231648,-63.96865340883033
6174813.90226702,0.22325232014813837,5.105180794439511,21.294044901305348,24.160984062817686,-46.35163782369706
6178140.150453491,0.2235447877988192,5.108096064037874,21.339858178392817,24.151658965957484,-27.122265997906744
6180218.41312049,0.2237272382053978,5.1109194866165,21.40674097434961,24.15381276647455,-6.774595277841069
6180767.1114973035,0.2237495552919698,5.110926962269039,21.4818203313169,24.15361031960337,13.881538237593952
6179744.963184841,0.22364965815893492,5.1104669535951155,21.51917113932306,24.148197652697807,33.94917733783991
6181635.369044401,0.22368562863447009,5.111452022084892,21.543709576816575,24.171969562789805,52.63550541761203
6183213.145163795,0.22364079559277275,5.11176981703069,21.56845980816824,24.20118199785007,69.59494200881525
6184844.966975944,0.22358856520203835,5.111279187182063,21.579940817851124,24.23544155806346,84.81503251767057
6186249.738268718,0.2235682143620038,5.110180074043708,21.58252435193742,24.263760179497012,98.4682345643478
6187031.376882719,0.2235484328879297,5.108775168845544,21.577865767333712,24.285091465632867,110.79344927805379
6186988.379540738,0.2235568789275736,5.107063911802397,21.5599822754991,24.30227812934426,122.03935279252879
6186079.068572624,0.22361645670513272,5.1056740112739885,21.53437478019093,24.31167296894217,132.42672035911033
6185518.143855862,0.2236743031458471,5.105284462564813,21.526150103502452,24.313341113981284,142.12291426309412
6184895.326352958,0.22374145722666672,5.106174105466965,21.52369144257296,24.31125293744887,151.299753864999
6183834.733037425,0.22384856470500003,5.107357820103081,-338.4816321240408,24.310603788194495,160.10128620862582
6183080.260641595,0.22392651654728762,5.108675559065293,-338.4838725796435,24.31212607681073,168.64409328945763
6182158.02901176,0.22402289104088027,5.109082625184389,-338.47832160137926,24.313287038468086,177.037542473011
6181453.899273373,0.2240900541638743,5.110888929069796,21.523910201578314,24.321774271479818,-174.60998229524293
6180896.077884851,0.22413510189751598,5.111206635935697,21.53207481425064,24.323914692371808,-166.1907756738277
6180356.6749177985,0.22417361827633742,5.111179793258697,21.541784178174712,24.323650434281458,-157.59794690969795
6181111.126375342,0.22416250063886703,5.1087386658397556,21.548590515242715,24.292803103059878,-148.68413398367102
6181917.032751,0.2241869362286208,5.10711927656111,21.549704632717013,24.264254077481933,-139.35073856102989
6182940.120254256,0.22423125601474678,5.105614070495348,21.560261497709806,24.22421974093107,-129.45137416995973
6184233.238312244,0.2243072696368975,5.105041488851111,21.5576423557693,24.195503069455672,-118.81286917622666
6185913.694979684,0.22440939696203904,5.104956638846533,21.560113370956078,24.16021456135633,-107.23214011315783
6187605.968352644,0.2245659827311218,5.1056473206556605,21.578747002884597,24.118700830878762,-94.48687401016713
6189959.04833132,0.22475979162852058,5.1076043830544275,21.605588227860256,24.06937217403338,-80.31582799714245
6193218.957959857,0.2250187449673724,5.110395613975497,21.626258739560814,24.030654552925597,-64.49229459839529
6196591.399561692,0.22530008717878336,5.113571775678672,21.652915939422602,24.006276226456063,-46.90740398030895
6199644.975450227,0.22557901596370994,5.11669361445492,21.701877447584287,23.996190311752574,-27.692757577601466
6201717.365114979,0.2257630774746768,5.119734461456309,21.76918417763216,23.998403263426827,-7.325414753482362
6201672.275115607,0.2257504815472872,5.120304106460879,21.841738542895513,24.001109767807524,13.379434358828165
6201658.772882251,0.22570921688793733,5.120966980009189,21.87313508221232,24.00848905772447,33.50433250200515
6203034.733105797,0.22570695899262375,5.121940330434934,21.898503240271634,24.03186361533129,52.25223827932133
6204481.393786268,0.22565976455952874,5.122257466865929,21.920563865475934,24.06096802222801,69.26289146940763
6206096.176179109,0.22561815033640145,5.121763752183208,21.929469890325482,24.095215669655786,84.51664529429588
6207393.452838244,0.22560153815553086,5.120559452647112,21.92666021036163,24.126109879863144,98.18733343347189
6207809.504349627,0.22558899102225421,5.118586440992818,21.90580463786674,24.15597980173033,110.52115823713387
6207756.064983189,0.22559468297646695,5.1169752803183,21.888751247190964,24.17209789693024,121.75736448251848
6207203.753549065,0.22563452911227688,5.115639803090593,21.870220384926345,24.18109287531143,132.11975304037196
6206446.642064415,0.22569871534883448,5.115554054418046,21.85923168398971,24.18144174296693,141.79489077972912
6205626.803348849,0.22577952638412777,5.1161743155652175,21.853050125455592,24.17998284318424,150.9437095091515
6204820.7419971675,0.22586693702420058,5.1168360245717155,-338.1492553496591,24.17960951214011,159.70547559496842
6204025.364797916,0.22595580197887094,5.118486077429358,-338.1484612672945,24.181487796988336,168.20320486725697
6203303.681488108,0.22603327935044423,5.119167008124348,-338.1432576959619,24.183414940219787,176.54908737743898
6202612.227149809,0.22609979029168858,5.119622367377651,21.864997010005748,24.185524576704626,-175.1512001189677
6201857.1161544565,0.22616731044994035,5.119525889753713,21.873530666380685,24.184866258644856,-166.78949092100817
6201306.0131287165,0.22620566435242656,5.118912214388787,21.889365226486174,24.17921727078735,-158.26522707063114
6201756.964279927,0.22621538128247984,5.116973896405124,21.894130127233822,24.155065649685724,-149.43316456238142
6202470.435490195,0.22624490740530787,5.115496305870524,21.893732966861204,24.12949936421954,-140.18946180834678
6203696.49249406,0.22626865188365758,5.114603298968776,21.884695182005984,24.106391325275077,-130.38865109729548
6204699.89229745,0.22633655908095165,5.113668740585752,21.904018498543202,24.062069561973114,-119.87322536861703
6206260.959124109,0.2264417219965468,5.113504960099083,21.91845662101563,24.016966138249252,-108.42900682952687
6207978.948646497,0.22657223556716263,5.114094109742935,21.931742881980767,23.97820952172294,-95.8339705445859
6210282.273593875,0.2267751660962619,5.115890684792709,21.95843093929264,23.930612958851714,-81.83371115583155
6213048.95481739,0.22701037594344356,5.118712398737396,21.986394844874642,23.889739303368515,-66.19225407215478
6216698.015180398,0.22730857060702594,5.122206193726653,22.013442841473605,23.861523533040963,-48.76868406531894
6220149.973199211,0.22760366296835727,5.126308916784165,22.05738188018821,23.846981136013557,-29.66458986212062
6222701.243230507,0.2278185815488782,5.129558891461224,22.118538177638587,23.84832176877585,-9.330022563995717
6223806.193735432,0.22788262892861527,5.13062909277678,22.188414795192216,23.853214477484066,11.433019142802372
6222278.398111863,0.22775591015994964,5.130216547256119,22.22419631050577,23.84860928161166,31.703058840716654
6223749.968850262,0.22775663064769802,5.131159451424357,22.254945497236317,23.869860044328366,50.624090812893435
6225076.145189773,0.22767921255698764,5.131527342491964,22.284433201602955,23.898590491918664,67.80396626827923
6226589.077299694,0.22761368008257307,5.131093801720509,22.296600741819525,23.932407000643202,83.20771467942595
6228059.043838304,0.22756232136001509,5.129776881297471,22.297043828832155,23.96761680703678,96.9920498738105
6228976.329304295,0.22754668599764688,5.127823330733437,22.285583006769865,23.99799010666219,109.40605223752394
6228616.877325436,0.22756487553643204,5.125659925254851,22.25637552703532,24.02015294943653,120.71081727762072
6227949.939981436,0.22761339028090982,5.125387568577883,22.242937175183783,24.022003906402436,131.11414709669933
6227132.26719673,0.2276833351474752,5.124922557664846,22.22936785175166,24.024054837335456,140.80943748201983
6226437.877955005,0.22775982391363006,5.124502454667862,22.223265718719155,24.025066410256482,149.95830710690421
6225607.670939475,0.22784761916097848,5.126041308549826,-337.77953127877765,24.024029272901195,158.70916948910246
6224551.373138964,0.22795643894764248,5.127517528029055,-337.78298863016045,24.025519895450618,167.18597673981427
6223921.912817171,0.2280253641257676,5.128052270472564,-337.77800193332007,24.02695435078662,175.49407964220907
6223191.424385283,0.22809684072536118,5.1290638818771574,22.226611138442014,24.031480612312023,-176.25644387605954
6222575.751623664,0.22814709268590708,5.1288105195934754,22.240574945814288,24.02982568015828,-167.96435477067658
6222206.948089244,0.2281847407115623,5.128009104716513,22.248456058624154,24.022685057982955,-159.5109084695533
6222661.605843464,0.2281974296952942,5.125999046266149,22.251498018614168,23.9984889677047,-150.77445252642488
6223293.190810028,0.22822173682890104,5.12402796008358,22.260934546095022,23.96576444379294,-141.65076279589263
6224280.84574437,0.2282586756633815,5.122991700083855,22.25779286370844,23.940420195671948,-131.9945241888427
6225263.079589497,0.2283252595265409,5.12220269102897,22.266635466944322,23.906542891949748,-121.6477619800753
6226275.117337428,0.22842650335201053,5.121889533188422,22.298340308288786,23.854331018895937,-110.41482248239103
6228244.590661844,0.22856032217211014,5.1223276153277935,22.30244053527638,23.819246576616834,-98.05105696537434
6230451.526499033,0.22874598816400707,5.1237808976975465,22.322527975420364,23.776788509199292,-84.32103566845173
6233362.561288174,0.2289745275348864,5.126651167207592,22.348537313010898,23.731709861283264,-68.96992046541877
6236668.915420337,0.2292666257358761,5.130493761906789,22.385397326712866,23.69773462219539,-51.843979985079486
6240338.111839874,0.22958050391675108,5.1344488062321565,22.427883273035,23.681303696726122,-32.97605019429634
6243151.743210701,0.2298181164802681,5.137777059564827,22.485849615145955,23.68071605561481,-12.757086727213494
6243959.267775957,0.22987516375690456,5.139274559759691,22.556636438488987,23.686588483811253,8.045884610797657
6242267.45278769,0.22974370904985827,5.13858980411749,22.59537344836154,23.679763492384073,28.50815468114543
6244131.659953553,0.229769665025233,5.139544277239415,22.632435453525375,23.69892220465924,47.70853413847303
6245374.0481555145,0.22971736335249726,5.139848066549673,22.664450420353496,23.717338692027525,65.20076381128536
6246808.080362907,0.2296503237921297,5.139556083249355,22.679811201000234,23.747807074240274,80.88298601860292
6248683.570667367,0.22962198975319503,5.138501890242197,22.690220009280967,23.778620987860066,94.89348939997396
6249726.172231348,0.22960343158420204,5.136481746828163,22.67842604646196,23.81191477411183,107.4867688645664
6249913.240988495,0.22960410705278883,5.1343628724004695,22.659426104397724,23.834713428144337,118.9171007714873
6249287.559392583,0.22964680505656002,5.133066331555833,22.638922448707365,23.844115758300067,129.41745965194465
6248729.3536068,0.22969538574882384,5.1323237655710585,22.627501870148677,23.847613830428898,139.17387590335764
6247737.285287291,0.22977998639069147,5.1328475751023515,22.616685015066455,23.84618655643025,148.36680937742463
6247207.553209553,0.22984344074468838,5.134329313972468,22.617285601026996,23.844844001350236,157.1274405342631
6245962.876994111,0.22997190560727923,5.13541466143702,-337.3866730648078,23.845682956452602,165.59666032761095
6245395.25915187,0.23003730871309777,5.1363714606124535,-337.38191245168673,23.84801703908113,173.8750132871933
6244816.080123533,0.23009597693218892,5.137713604479396,22.62238151357334,23.853641197679174,-177.92529857619346
6244207.077418253,0.23014750818709298,5.138364310477972,22.63055179330355,23.85762566326936,-169.70263282849743
6243491.756725125,0.2301976487488109,5.138150951439761,22.646708274031376,23.855812005651952,-161.3546858648258
6243687.404598383,0.23021551604645105,5.137163705095484,22.644002892688306,23.84455278745834,-152.74240148025265
6244299.188990844,0.2302323581531042,5.135488532812973,22.6479217569775,23.818450592569764,-143.7657130586119
6245151.850317717,0.2302773221037091,5.134068782129346,22.652529727086876,23.78652264625167,-134.29048483223386
6246306.442703335,0.23033226083990332,5.133044693360233,22.661806012567308,23.748200780250173,-124.1595728749395
6247824.494119752,0.2304132651876136,5.132726220908405,22.663739102455505,23.7147799115342,-113.18218744259609
6249588.801880591,0.2305226329114318,5.133190389445012,22.689096996839474,23.65989579628601,-101.13967808421738
6251797.108963236,0.2307048400663387,5.134590963726913,22.712279835155854,23.611989754275616,-87.78251190404389
6254724.7039832715,0.23092549683467153,5.137171261371547,22.73486900535771,23.56623508509611,-72.84878950056205
6258427.400012251,0.2312190830640949,5.1403348175509,22.75632656013649,23.5344050885382,-56.14524318113478
6262069.68130553,0.23152218485254034,5.14372546195688,22.789146267859316,23.51715416861298,-37.65082099461417
6264903.705504421,0.23177124632420104,5.146620779692727,22.844553171896735,23.514112643697697,-17.66579582095007
6266564.481027095,0.23189575277935814,5.148529507169712,22.912144794874525,23.51977488475073,3.126381094065166
6265496.597930685,0.2318063624315704,5.146764059358717,22.966974041502922,23.50500324693596,23.799260588928284
6267004.127104996,0.2318369841901951,5.147610124150746,22.99687950786337,23.51932845909938,43.38985058140916
6268487.682968738,0.23178826467560845,5.148060667847787,23.036690830308654,23.539119251902626,61.30829502590038
6269965.484304722,0.23171938475055714,5.147922582733279,23.05467096176613,23.570655852470033,77.40213507360521
6271700.796479864,0.23167266665794056,5.14688193796847,23.06075758705371,23.60640405155887,91.7688071344319
6273111.585504301,0.23165231729544003,5.145178720092774,23.058584098616826,23.637341005137298,104.6428909530684
6273027.672091667,0.23165374474760272,5.143431125205307,23.036732241772455,23.657696387847515,116.30149709914403
6272398.7581832,0.2316773330407598,5.1419558674967725,23.01323183659585,23.669277772957635,126.96897154806305
6271904.2192747295,0.23172186752485582,5.142111637816359,23.006911256199803,23.66844125470847,136.84311352108108
6271136.649455851,0.23179456191539272,5.142630812140273,22.999883662849392,23.66682195649444,146.11065686017832
6270246.938450454,0.2318818522364392,5.1435832153007786,22.993990210980844,23.665609645870372,154.92111292552156
6269575.224580232,0.2319576331768359,5.145229732591163,-337.00653038719713,23.666300256044675,163.39981760884942
6268701.5556057,0.23205333597954667,5.1456053151608945,-337.00292704300335,23.66707052967551,171.6653766215497
6268019.242145248,0.2321242549982757,5.147041943723113,-336.99973072937746,23.6724979064789,179.82337271854087
6267491.772899635,0.23217082571797942,5.147348344495186,23.009850090333998,23.67422063375977,-172.02380634054862
6266703.432354424,0.23223120688059687,5.1480431564368505,23.0185915878567,23.679650720637444,-163.7756703443459
6266230.576518569,0.23228800227337598,5.146946911432305,23.02860511196046,23.66806141943198,-155.3083103019788
6266822.197278282,0.23229735316930855,5.144997948872247,23.03522009693577,23.640149233732146,-146.50214265859728
6267541.840659115,0.23231822999353433,5.143450677601027,23.044617377535292,23.60885515807581,-137.24513663526037
6268564.015079513,0.23236299640263128,5.141997251548112,23.064098957700672,23.562609331034228,-127.38054586978159
6269933.179861501,0.23242922072641045,5.141516363499644,23.06811995468428,23.528955260212893,-116.72966354116934
6271343.630438877,0.23253169015013508,5.14168849877387,23.09677230769944,23.4756879764096,-105.08692431420967
6272731.027803052,0.23267854821824402,5.142572526418548,23.120761181455663,23.437076474221854,-92.21110181912806
6275361.497090407,0.23288006407675232,5.144640074108484,23.141115851913,23.393583270245784,-77.81980875662532
6278829.934568053,0.23314003306698813,5.147741240468128,23.160306002130078,23.356705221533467,-61.69147353682494
6282547.311489722,0.23344374519838906,5.151234923630737,23.189063497050878,23.334346519438014,-43.73678946203209
6286108.647258343,0.2337374452897972,5.154794263620823,23.233098457653433,23.32651826925698,-24.13163600213325
6288631.9796927385,0.2339339796086452,5.15746956419061,23.29689834541103,23.33117221876,-3.4547881376013607
6287520.063013408,0.23384820126772035,5.157028271710454,23.360190461453616,23.328047851544397,17.400605118943744
6287443.320485953,0.23379863094182562,5.157993020628077,23.382684638963987,23.341164120738,37.455391006489144
6288891.517703295,0.23375460262064413,5.158765136941701,23.421910788166407,23.36530753114268,55.94456975340806
6290049.717771443,0.2336455200919423,5.158853426683619,23.44855672922709,23.395148054125652,72.60728282085469
