Episode: 525
11880.144078406875,0.1531374348939376,0.1287782369105058,0.04100563417004375,0.014893276388607504,1.2375086657549752,3193.8235592014184,9170.00539522221,658.1634430054531
11881.67892108671,0.15300319773467083,0.12894774357831487,0.04100839177716163,0.014910479626049676,1.5807778052514336,-88.58743388426763,10082.338730868616,831.1452650609742
11883.172160344888,0.15287760510087794,0.1290740749575952,0.04100502137355618,0.014929678053080845,1.8949071735761644,-3369.8148617020483,10033.643569994696,925.241984900275
11884.83977771228,0.15274889507488967,0.12918669409021002,0.040994628295389544,0.014949991711159103,2.178466565298966,-6379.550270877972,9154.792186950855,943.138847645338
11886.20166668039,0.15263378969680985,0.12925950199942846,0.04097625223602545,0.014970069234131864,2.433906928009888,-8943.431837527683,7626.023044031126,894.4415371920803
11887.822613228549,0.15250294706699485,0.1293332564629231,0.04095738513494827,0.014982616142824395,2.6653545691239504,-10967.835280787087,5631.334363845399,791.448516730722
11889.42391914574,0.15236734478625866,0.12939034178931108,0.040935233602495104,0.01499111673074386,2.877251878145498,-12415.571206688985,3336.736509585031,646.6556532748675
11890.939795827742,0.15223190812280696,0.12942760599930075,0.040926905155177454,0.014992468460231353,3.0737313583149035,-13284.997372988664,884.1024928499477,471.6129294502682
11892.601163540612,0.15207566579518694,0.1294444666064889,0.04095793300712791,0.014993245470460471,3.2584320070577295,-13595.602314142625,-1607.581998078654,276.5239793731803
11894.115031669906,0.15192930204353725,0.1294306731640073,0.04100518521503564,0.015003090716368005,3.434513167852187,-13379.115098282751,-4038.295386000814,70.40828920343833
11895.712283684054,0.151774744912609,0.1293988280597656,0.04104348800852608,0.015018311934892238,3.6047431675248287,-12674.568385579807,-6322.683753394758,-138.57343788156624
11897.265401214781,0.15163632479548436,0.12932763722953755,0.041084066126176516,0.015043000422465858,3.771613668393835,-11525.895160537531,-8386.218511321013,-342.96832754611205
11898.627911808371,0.15151635196056254,0.12925665591683794,0.041114790509243,0.015069549314354091,3.93745294840447,-9981.273941721225,-10162.065028919558,-535.8232001050374
11900.155149629345,0.15140118625741192,0.12915075624096525,0.041143923888865744,0.015104706519343094,4.10453894828794,-8093.629921597579,-11588.744291172392,-710.4738190663707
11901.683865293717,0.15130990068903102,0.1290245295889726,0.04116407165663027,0.015139614000058763,4.2752070929857675,-5922.056591657994,-12608.484835502137,-860.3729344300164
11903.2378817259,0.1512494290920356,0.12888169953229928,0.04117861701149371,0.015179446084585364,4.451960313104281,-3534.201328082346,-13166.434393134547,-978.9422163502376
11904.888363167836,0.15123886906818212,0.12872625793792544,0.04118440787433366,0.015213284503325143,4.63758087899254,-1009.5235283830708,-13210.962913584404,-1059.4973192701934
11906.653722245474,0.15129349441486536,0.12857914564271314,0.04118373234702373,0.015244635908127973,4.83524226554095,1556.460944884455,-12695.581262670436,-1095.2704298808019
11909.083418890461,0.15149110599136653,0.12846542382728024,0.0411763736908377,0.015276570692282417,5.04859389247596,4047.1035111983383,-11583.341590264632,-1079.6542394194694
11911.703469207696,0.1517178670004563,0.12840203899050884,0.041162617540567055,0.015305112926480728,5.281761163645606,6319.489697859561,-9855.551997051121,-1006.7432545948228
11914.663513892421,0.1519861763381085,0.12842207187601767,0.04114546971884587,0.015325726965624117,5.539119326168551,8201.3741956343,-7526.378349156618,-872.4186610067289
11917.595666565976,0.15223967876981653,0.1285475282170671,0.04112348761037897,0.015340930982734398,5.824618747170373,9495.018648664663,-4664.666392191047,-676.2824008788303
11920.935276703489,0.15247609483279542,0.12877020173390435,0.041101517203596866,0.015347781715690925,6.140362045906917,9996.686261932417,-1421.0371448222531,-424.4845682936231
11924.18297791013,0.15262558997274195,0.12909194986965783,0.0410744166445717,0.015346939471684718,6.484392028499367,9541.329576187614,1951.9817666179197,-132.76264451444902
11927.002324628402,0.15264125036322185,0.1294660503998785,0.041043437168482,0.015334283508677563,6.848603248486081,8070.500536706208,5112.160798345864,172.46168986394395
11929.20025362763,0.15262300107065555,0.12970531774059904,0.041014288082510425,0.015306807900244844,7.218925717752355,5691.542025520367,7695.4723560649445,457.8874871254083
11930.962183812777,0.15253470554315465,0.12990777176435692,0.04101701895728551,0.015312174750888348,7.579184726740078,2674.7445237111533,9421.291379470342,692.2812683667712
11932.538597199351,0.15242210295621592,0.1300645070328303,0.04101896718414312,0.015331065665184546,7.91654942377127,-626.151148527809,10168.669800987635,855.0554464620095
11934.219522018371,0.15230311200598368,0.13019819366802937,0.041014281375391155,0.015351706972839906,8.224545527292012,-3876.3500632660975,9976.01727638094,939.1366594075599
11935.753233713607,0.15218545564304672,0.13029807983872752,0.04100251452965743,0.015372435995505297,8.502453767815888,-6823.304989433891,8984.493373837327,948.3738024844164
11937.436117625854,0.15204329034059733,0.1303840352169959,0.040985742268767916,0.01538940109624489,8.753023033172656,-9308.167451164918,7375.392947129321,892.777308461553
11939.121938656584,0.15190981399609255,0.13045989046326362,0.04096257712823478,0.015403717986004754,8.980414208090957,-11248.261999325761,5329.164216939086,784.6254321898535
11940.879193717636,0.1517620964857953,0.13052114727493447,0.04094293713231436,0.015410581385649337,9.188979205323804,-12613.226983745268,3006.8680212941745,636.191889134852
11942.60082693733,0.15160744856736927,0.1305590054177641,0.040955957405547264,0.015408754615517058,9.38272869314559,-13405.344041695069,545.5289289070183,458.6829282224167
11944.291609592647,0.1514489589941797,0.13057484930254223,0.04098765362499828,0.015410332383305952,9.565184625869014,-13646.208168883668,-1940.021219672942,262.0538511286631
11945.942197789143,0.15129008139536254,0.13056555736875783,0.04102848959267641,0.015419806904920496,9.739404125277872,-13368.60515985495,-4353.165828606826,55.18099112836967
11947.220612030182,0.15116605474122333,0.13054211657351414,0.04107278759836764,0.015438494670961466,9.908071355114798,-12612.029609217932,-6611.273411029554,-153.96177915448575
11948.744311397935,0.1510266602504811,0.13047998784722795,0.04110913028922898,0.015461585733296411,10.073611782567738,-11420.562965126725,-8642.047312199327,-358.06478560203055
11950.10825925597,0.15091420133102776,0.13040045323416583,0.041143999857666695,0.015492846956765454,10.238303085532667,-9842.348403657888,-10380.53748659723,-550.2852935147358
11951.557994749408,0.15080589867923125,0.1302991775876137,0.04117257912444849,0.015528565004133705,10.40437983864344,-7930.208666630202,-11766.880074416424,-724.0580866901314
11952.830735013249,0.15072878198173403,0.13019446790661537,0.04119367182170211,0.015566518501168133,10.574139599247868,-5743.126750022153,-12744.790578831646,-872.9012241534466
11954.297505344191,0.1506756440495058,0.1300592784335759,0.041207526984224294,0.015606343873853465,10.750050925171104,-3348.569861548023,-13260.854717674027,-990.2989742957006
11955.752663004843,0.15066759459293247,0.12992285493475977,0.041213737923523903,0.015646118373920603,10.934863227918397,-825.7335653349402,-13264.920860176575,-1069.633590867177
11957.738805492068,0.15076198392644613,0.12977170580648398,0.04121264955070735,0.01567699599979332,11.13171304667397,1730.2929836166675,-12712.017132761932,-1104.1902293269372
11960.230889339848,0.150972779311612,0.1296641832312994,0.041204401470525766,0.01571078845255129,11.344209726369339,4203.562030207013,-11566.871732524918,-1087.4092111438083
11962.957483681173,0.1512179077578499,0.1296127717421708,0.04119126009296898,0.015737243915965458,11.576424822057483,6452.30356869225,-9812.616169954676,-1013.4415160380886
11965.917314573397,0.15148330548538846,0.12963345650113053,0.04117249742537457,0.015759298489530154,11.83266938761645,8306.14510338134,-7465.183019484683,-878.2253546149835
11969.098511227166,0.15174935632270048,0.1297448621189321,0.04115428438432593,0.015771631369001532,12.116821399097317,9570.181774257473,-4594.748467116088,-681.3854647356978
11972.374337914469,0.15197825012905022,0.1299683965231825,0.04112875703338419,0.01577936213367403,12.430926699940763,10044.40010676591,-1352.110196179949,-429.04226038597005
11975.611446992589,0.15212480395068523,0.13028711923184358,0.041099746399736105,0.015778280767516317,12.773032260345198,9567.744646319592,2011.9997300389862,-136.80491288624148
11978.0321840878,0.15211787291683304,0.13064157160342582,0.0410683759939083,0.01576532097143985,13.135152756127296,8084.554926124019,5159.411738795243,169.19353177163435
11980.335646306885,0.15209012636601982,0.1308995350596015,0.04103928705627691,0.015737794663140327,13.503447990948803,5702.0407435621,7731.234770531703,455.9745311010644
11981.863549073509,0.15198971319868423,0.13108988277846775,0.04103592171747681,0.0157306307759142,13.86197465267668,2687.3848303613927,9450.719795204302,692.4268312570757
11983.517999213349,0.1518752700063234,0.1312521961033684,0.04103752042453067,0.01574594030898106,14.198009863499355,-609.881461759296,10198.031012125328,857.8675370776991
11985.153330952266,0.15174886425903858,0.1313828430972345,0.04103281231697972,0.015766924334583498,14.505045503491893,-3858.296740270022,10010.392262128435,945.0020550941566
11986.807163490774,0.1516206180203466,0.13148986206250762,0.04102035413217047,0.01578904761557521,14.782256186783231,-6807.0509785844615,9026.918405922901,957.378103040825
11988.502899352237,0.15148885186318453,0.13158054397692048,0.04100189570184237,0.015807869464524,15.032278717793389,-9297.834934642666,7427.034798666416,904.7500465960027
11990.12886152169,0.15136252301706618,0.13165487700229012,0.04097351440328751,0.01582558918461119,15.25918399552305,-11247.879566472677,5389.764316127131,799.2257428753986
11991.891433681172,0.15121760726343808,0.13171897522078435,0.04095471162190721,0.015832256848839377,15.467261392385454,-12626.496755503566,3075.105305995014,652.9508372540364
11993.637882509855,0.15106407002806968,0.13176232452444167,0.04095579064402968,0.015832074018868877,15.66048022797114,-13435.59875744432,619.2630383024903,477.071411371674
11995.23233599009,0.1509148699203782,0.13177528378929995,0.040984292944565084,0.015833326768812214,15.842329453316438,-13696.391031831323,-1863.627406802681,281.50338232132407
11996.881279749245,0.15075691408108993,0.13175686255656383,0.04101285046756262,0.015839755408674917,16.01584067310022,-13441.241554201144,-4277.620419747251,75.0822743647482
11998.416576529948,0.15061269793321788,0.13171308069377638,0.041050779907658694,0.015855435689536776,16.183674479601983,-12709.174711822832,-6540.800105911164,-134.2508715667362
12000.02227411466,0.15046342463058443,0.13165421916423647,0.0410913127956281,0.015880734700479102,16.348228678440965,-11543.740632250267,-8581.629033984374,-339.2730661085816
12001.53991184957,0.15033706116151066,0.13156846345859735,0.041124506323328876,0.015909950342308934,16.51174530006177,-9992.388620900829,-10335.980986296609,-533.2041536557728
12003.099943066703,0.15022006660278536,0.13146110603251274,0.04115063100382173,0.015941911038084962,16.67641587435895,-8106.971590776719,-11744.887142891756,-709.5195970879556
12004.65692516355,0.15012709617110492,0.13133367711735328,0.04117275700180784,0.015980628067519983,16.844484243934595,-5945.151309594444,-12753.01251197295,-861.8199122008174
12006.229785557265,0.15006345929830767,0.13119044124462292,0.0411870481909193,0.01601994954998426,17.018348755642542,-3572.5938032405325,-13307.887195817524,-983.6807776155592
12007.880015516923,0.15004592953077506,0.13103523215348184,0.041193968378800495,0.01606003628340934,17.200669942396214,-1066.022050790115,-13360.164893067735,-1068.5646172103404
12009.984950426615,0.15018324524306678,0.1308881864220949,0.04119333544285841,0.016098197190540803,17.394475664814255,1482.8400229282906,-12865.212548863394,-1109.835019160504
12012.442232211932,0.150384276248568,0.13077373299856498,0.041185717826910925,0.016132707604717442,17.603250255436464,3962.518188045561,-11787.320098895465,-1100.9448025700433
12014.865236813836,0.15061332850507506,0.13073562747854925,0.04117209396797083,0.016162039691536515,17.83094030996695,6236.922366047573,-10107.595104456095,-1035.9311313477895
12017.783117005256,0.15087429841533237,0.1307453782821286,0.04115372143273807,0.016185059347300527,18.08177845648139,8142.212044759444,-7836.967586551946,-910.3854682999798
12020.815523959081,0.1511340240796626,0.1308534754003818,0.041133867174671074,0.01619961484770775,18.359712318227203,9489.467481381174,-5036.162547018828,-723.1785155731769
12023.962571401213,0.15136061220155253,0.13104760144865957,0.0411088164571148,0.016208424476262546,18.667161371977915,10080.890707903878,-1841.101531717748,-479.0972294356234
12026.90925252492,0.15150024309036692,0.1313489556791976,0.04108769395258096,0.016208676021820422,19.002996505607356,9748.80581602901,1516.0759308235567,-191.82056897502852
12029.859580392416,0.1515418528953076,0.13170969749868008,0.04105657619093717,0.016197807567351293,19.360428577094293,8418.126217184257,4712.66185375999,114.48416028626588
12032.241310134164,0.15146035514910244,0.13205043641384573,0.041026502034239826,0.016172524484552635,19.72666421131455,6167.040551967531,7391.609023911205,407.8236011789412
12034.238655531954,0.15138626218393328,0.13226846052466676,0.04102104141838253,0.01616256557849893,20.085997930512445,3236.7947592019013,9259.809875249464,656.3401690550704
12035.680820087788,0.15127623489107153,0.132419255389667,0.04102414231657985,0.016181521952884897,20.42499628394306,-33.84520623656836,10170.590109227925,837.2030168310682
12037.41448482552,0.15115544598086045,0.13256043480833712,0.04102064917420586,0.01620231440136033,20.73604451049404,-3308.191732777424,10136.784312262458,940.6654617582701
12039.150694041899,0.15103297884054923,0.13267721091762305,0.041009548021071554,0.016224561744205914,21.01739809861715,-6321.923999762667,9282.96138202097,968.4045593868441
12040.767527216436,0.15090664491641667,0.13276562881565512,0.040991207958636,0.016245076875797026,21.271152691800374,-8902.60058962581,7783.271973797526,929.1447282323373
12042.321356782299,0.15077282684611942,0.13282941489910624,0.04096754744829187,0.016261282206629295,21.501148143673504,-10956.337232846827,5817.034946247336,834.5688684549062
12044.050500021578,0.15062573804506688,0.13288766859362683,0.040945964270488064,0.016269926597681887,21.71162313379845,-12444.871612821144,3546.9074642431924,696.7700153580164
12045.743144283755,0.15047894954634122,0.13293272859245636,0.04093264755673047,0.016272326024726783,21.906572274335765,-13365.33718443909,1112.2474399126659,527.0473273380065
12047.217756220438,0.15034102906288171,0.13294403115963707,0.040929755841596346,0.016272281208059895,22.089531764066148,-13735.9798462625,-1370.038723702879,335.53169478519874
12048.747612431522,0.15019605458596025,0.13294613195665456,0.04093556672795472,0.016273359965766582,22.26357612414711,-13587.300372275418,-3801.897829484422,131.21099582074459
12050.370282571797,0.15004254312607226,0.13290970000206953,0.040970718039170385,0.01628645461579101,22.431395354990514,-12956.9802058493,-6100.008983776783,-77.9484760767894
12051.92812509913,0.14989630027230824,0.13285989509230162,0.04100591379837631,0.016306713364699448,22.59539647519704,-11887.347402417245,-8192.03898287234,-284.71140044871316
12053.505296437179,0.1497639727880858,0.13277456514156974,0.04103722660148737,0.016332307050648427,22.75780754138386,-10424.508702221126,-10013.578620435004,-482.28728109337885
12054.800788955896,0.14965801424740607,0.13269443980381113,0.04106434964783994,0.01636303647415553,22.92078026258507,-8618.627069090107,-11505.777501776702,-664.1985862428886
12056.35609997231,0.14955675572702837,0.13257313062673454,0.04108627795278527,0.016398082558723485,23.086491162548246,-6525.058551550631,-12613.698385037022,-824.1157154980716
12057.949775324807,0.14949308908329487,0.1324298757858323,0.04110144449914845,0.016434850243266966,23.257242132192996,-4206.254966354362,-13285.341583149111,-955.7077639215403
12059.524264843267,0.14947060718581953,0.13228237193723935,0.0411088461174902,0.016468393829518275,23.43556030056039,-1734.5572246858526,-13471.595985996475,-1052.536967546175
12061.675429866782,0.14959748590871663,0.13212070422019426,0.041110183069791584,0.016507630125412957,23.62430585223258,804.2497717630247,-13127.349979505902,-1108.0626645579778
12064.090856159883,0.1497836525663237,0.13199106463989652,0.04110503931111265,0.01653933402291804,23.826764634144148,3306.5084993557116,-12214.818722188067,-1115.7465088917104
12066.571182742928,0.15000773102594042,0.13192661711773868,0.04109301017577224,0.01657021408072141,24.046686720433225,5645.883727217679,-10710.015884369854,-1069.4200810101893
12069.184460381697,0.1502521827013967,0.13193231557099763,0.04107854370747906,0.016591294199093616,24.288184326720042,7669.540923470275,-8613.644722744251,-964.0593585742496
12072.295448878429,0.1505217728550585,0.13200598464028804,0.04105977187002089,0.016607591311211867,24.555331340810984,9198.438285196364,-5968.424281025287,-797.2159984297341
12075.30045526423,0.15075303401037704,0.132179966079556,0.04103556375509282,0.016618758929807208,24.851186883169216,10038.002768955002,-2882.672302989094,-571.3423509650937
12078.530107104338,0.1509375349498389,0.13245417271688206,0.0410125260548185,0.016621505282719516,25.176053532145275,10008.268928352025,446.1342555787392,-296.6918162626595
12081.148727731024,0.15098940459030682,0.13279441381873228,0.04098404898449869,0.01661510376419003,25.525295107839046,8998.544872170256,3725.4842277682405,6.359780774337876
12083.629251238248,0.1509328701323981,0.13315329339320156,0.04095325079302435,0.01659498002750533,25.88816801966107,7031.848627661438,6605.047609978002,308.2113693200417
12085.73934526738,0.15088689030863664,0.13337566600597187,0.04093768174246608,0.016573516017385256,26.249649624766796,4296.322254343947,8763.31491829342,576.2132100805703
12087.327968836933,0.15078781351444162,0.13354498825597574,0.040943132006103826,0.016592398758164668,26.595156038879377,1104.6983015699286,10001.121021757841,783.8249972476779
12088.777125211265,0.15067515175304144,0.133673982944435,0.04094217216909455,0.01660927253952686,26.91496066463594,-2199.289525724864,10280.261662233866,916.6390821872826
12090.477807956217,0.15054519802567282,0.1337950312653503,0.04093392840080215,0.016630965548763893,27.205431383586742,-5324.799100531433,9692.921493092563,972.550398645648
12092.263452587797,0.15042156602340404,0.1339025489115393,0.040918360476035365,0.01665192047875219,27.46751603380772,-8069.805777084966,8400.582204634622,958.1014594167974
12094.075165708118,0.15029012001229702,0.13399523577194505,0.040894792436228296,0.01667111672350231,27.704557113547995,-10316.494791297397,6582.587953032008,884.0863563730708
12095.891182849418,0.15014896155057156,0.13407155027875908,0.0408668351326276,0.016684897267748005,27.920684089943713,-12010.071271690085,4407.295998198817,762.4837760170277
12097.608345968933,0.15000546008223697,0.13412588660410435,0.040851449048887274,0.01668882824217883,28.11995968645218,-13137.195664397514,2021.173070955017,604.8022679691105
12099.36016921764,0.14984946915069491,0.1341601449738967,0.04085870944357897,0.016688369329734127,28.30604653022312,-13709.800527556361,-452.3626378719546,421.44346693421346
12101.040874168033,0.14969037465866383,0.13415486017689268,0.040865344191588146,0.01668915688840552,28.48214268351623,-13754.544387290554,-2910.0236029585253,221.69724417153688
12102.519654905629,0.14954917491024486,0.13414401777834759,0.04089891301735158,0.016699268854627438,28.651030348921417,-13306.642849291087,-5264.594061717239,13.817028911348045
12104.161173344472,0.1493938494673273,0.13410250272853116,0.04092057744291561,0.016709967755148998,28.815173535582947,-12406.55097971107,-7441.098263783091,-194.74241338124418
12105.766664473898,0.14924836609108777,0.1340355566661877,0.0409538714846043,0.016733815583014778,28.976820073053883,-11098.502780878294,-9373.519737180945,-397.1004687746514
12107.04163792199,0.14913875502553572,0.1339658015748735,0.04098369701135894,0.016763485313769068,29.138098891296714,-9430.415619071824,-11002.169049236376,-586.7963767617994
12108.360465144115,0.14904397601830074,0.13387111491586554,0.041009559482090514,0.016799245908845798,29.30112079569237,-7454.6470607680585,-12271.808117425422,-757.5458105493358
12109.922365010945,0.14895831663776252,0.1337393507517095,0.04102849770967893,0.016837329396113647,29.468077153062122,-5229.530076102662,-13130.44258994923,-903.1183096533343
12111.498798738497,0.1489178944713485,0.13359331308157155,0.04104083750723483,0.016878422436686597,29.641335437747422,-2821.7138917929547,-13528.818991590902,-1017.219105567164
12113.305930915723,0.14898986696454988,0.13344097032993799,0.04104548848975799,0.016918887846200163,29.82353966944625,-309.27843983737927,-13420.911595989895,-1093.425571303928
12115.269228803232,0.1491298831187582,0.13331768120986276,0.0410428330281253,0.0169551030306552,30.017711845825517,2214.3142509133977,-12766.159697601623,-1125.2255073587155
12117.534934457206,0.14933324246183396,0.13323792679307253,0.041034096951445755,0.016986133168668465,30.22732163405571,4635.668754642834,-11534.132014250597,-1106.2514445329164
12119.655334193398,0.14954672202827776,0.1332362723111595,0.04102043297699586,0.017011563685364346,30.456268846575473,6817.062574842183,-9712.855905503828,-1030.8217494961086
12122.621695928201,0.14980296482199607,0.13325392420129642,0.04100345306501296,0.017030413649846178,30.70866469661483,8594.326336671673,-7322.578235983706,-894.9961733414403
12125.810377274509,0.1500633108941424,0.13337287785661817,0.04098032948766789,0.01704527374489186,30.9881898927484,9781.333295825434,-4435.964018183532,-698.4013422474223
12129.2459921368,0.15029566146249937,0.13359222772356324,0.04095486889908594,0.01705246721609651,31.296774006171162,10188.940151292492,-1202.4272325470317,-446.8631010057602
12131.986035983624,0.15040635026761368,0.13388718910288483,0.040934492993710776,0.017051410282229045,31.632580893196625,9666.674196725064,2134.6585612962094,-155.20371373552848
12134.736331661603,0.150413796927763,0.13424870113632603,0.04090356466514208,0.0170383870395861,31.98811213603832,8164.408218746158,5250.47453096949,151.6072215072616
12136.9913801413,0.1503122074205237,0.13457682405925356,0.04087662249556371,0.01701285333365652,32.350303602785516,5785.609490888774,7800.81922079035,441.7488093089274
12138.966499078164,0.15023818772365075,0.13478283141473252,0.04087840456984049,0.017016238255634066,32.70390252521617,2785.840438604607,9518.08935834388,684.7019899585202
12140.751752895761,0.15013317398613849,0.13494951707868696,0.04088034521464721,0.017033217883932188,33.036411594026276,-498.4669730029243,10282.757116603616,859.391868236741
12142.456292726349,0.1500106686757637,0.1350833131940678,0.040877491489250274,0.01704665213237009,33.34110171560442,-3744.793769435612,10126.070835459392,957.4071515133371
12144.169588163722,0.14989053680275352,0.1351945712228895,0.040865357839133115,0.01706894733809268,33.61674299071297,-6705.898517582636,9179.8007734556,981.1212433308963
12145.819290361444,0.14977255267813908,0.13528528490102154,0.04084809189174109,0.017087111985103744,33.86558934247642,-9223.521294027947,7617.40637913136,939.3613657804474
12147.64537844702,0.14963680903360288,0.13537057463784405,0.040825642026801334,0.017101646685784743,34.09143236625573,-11213.474687497539,5613.787428224534,843.5634252979007
12149.406453893946,0.14948662502303303,0.13542603237911088,0.040804658939639415,0.017109517747873837,34.298378501308434,-12643.329592801416,3326.1806104084444,705.4710148423245
12151.208439032458,0.14933285754702133,0.13547431073650024,0.04080430011320825,0.017109548722335933,34.49027538287426,-13513.408269355667,888.811590088181,536.0006473531217
12152.974386486372,0.14917304998310113,0.13549942574950974,0.040808392540533894,0.017109626992946197,34.6705276228236,-13843.541037416597,-1585.8778139297144,344.95684578238246
12154.69898355359,0.14901099125680417,0.13549950103437633,0.04082349319229268,0.01711266698995162,34.84209449830265,-13664.792563505403,-4003.615551620763,141.07536803244986
12156.375183027647,0.14885227349193816,0.13547034883000744,0.04083625934570267,0.01711757372301137,35.007566573691726,-13014.80058183262,-6284.295418859391,-67.82359387132689
12157.9497134321,0.14870694935113113,0.13541754456562574,0.04085664753958985,0.017129539582889593,35.16926231716873,-11935.452906462286,-8358.398194625592,-274.63365190122107
12159.561194432925,0.14856542237446593,0.1353403964615501,0.04089238623800245,0.017159132893258766,35.32932908958869,-10472.10421710731,-10164.077141357995,-472.8121238094795
12161.10058138984,0.14844574235360336,0.1352418151543356,0.040923384455590586,0.017194536105226935,35.48983764010423,-8673.829029860306,-11644.901661595115,-656.1054164574757
12162.646173564643,0.14834943114665708,0.13512059714201172,0.04094187808619228,0.017224181385308256,35.6528762543086,-6594.49566648229,-12748.250636049606,-818.3195383398117
12164.205863183817,0.14828112154051498,0.13498269962133058,0.04095880311407342,0.017265053078666527,35.820647493164294,-4294.578860578753,-13424.402140378577,-953.2860369985644
12165.946514544443,0.148331338676757,0.13482469298532979,0.040967475395287334,0.017303530853653906,35.99556131369216,-1843.6752239253271,-13626.323288244794,-1054.7539815364755
12167.865016119511,0.1484708091946506,0.13468823555023499,0.040969163894523576,0.017343449714770656,36.18034001871928,676.1326829206885,-13310.779987452283,-1116.325507063105
12169.688092128477,0.1486424207933238,0.13460775625660457,0.04096395405838918,0.01737829591490718,36.37810467924546,3166.1682971463665,-12441.36288173176,-1131.5806412323452
12171.745467817453,0.14884583858630726,0.1345687037826841,0.04095631123921242,0.017399011642121046,36.59242313673315,5506.738062343151,-10994.03893154187,-1094.3411139511027
12174.05148129864,0.14906775562672459,0.13457911576826137,0.040941119544268614,0.01742231236946807,36.82724780387557,7553.32148877872,-8966.87674109919,-999.3991206708404
12176.846118425165,0.14931359636235925,0.13464628175560225,0.040919902107003206,0.017441922069504352,37.086585563088484,9136.063218805803,-6395.596414370127,-843.7849264201556
12180.02749948945,0.14955971990999167,0.13479660427292606,0.0408994629946585,0.0174523546685936,37.37368378880384,10068.007774255722,-3375.179337324959,-628.7501894423413
12182.505086079507,0.14970438627294336,0.13502672578732422,0.04087221272303539,0.017456987551940542,37.6894965754909,10170.291832444651,-83.03413571541643,-362.5891100892795
12185.222831392046,0.14978137732691704,0.13534476998233075,0.0408483050799092,0.017453026036537363,38.030610699127266,9320.383194203438,3211.0380209044592,-63.13143015782577
12187.006089493183,0.14971702773669682,0.13565287675272142,0.040820566548162976,0.017437333726753806,38.38778117593636,7514.123525026902,6171.519019997087,242.27461946381013
12189.040991728247,0.14961479348418116,0.13592845248512445,0.04079389644675684,0.017405533608017075,38.74698081403244,4905.32304277928,8472.436999880503,521.5137720092623
12191.054976760517,0.14953105387337773,0.1361278033072479,0.040792690004259696,0.0174019745739656,39.093508515511694,1781.4635067948786,9890.73537938354,746.405523522839
12192.867157862747,0.1494211451558307,0.13628650305131715,0.04079286809856977,0.017418329840032658,39.41657268369028,-1519.8154473927373,10357.508068658404,899.7404144152523
12194.633934721345,0.14930421847508263,0.13641568829714634,0.04078666258121418,0.017438364366574678,39.71125859717819,-4698.116350670547,9940.764826483164,976.6779298353899
12196.311814349741,0.14916444908879728,0.13651401049716846,0.04077564458784559,0.01745513630305176,39.977555681674744,-7535.749221707688,8789.142546391626,981.7724402873846
12198.063131676705,0.149040479834891,0.1366060904427309,0.040755047333016825,0.017473858868837712,40.21827730455146,-9900.278648302381,7078.145310517377,924.7507844152848
12199.8633918992,0.14890519799369942,0.13668538347884532,0.04073336039348839,0.01748595146394525,40.43732932593791,-11725.987657376743,4977.19911870892,817.1618876215466
12201.637066558558,0.14876235419380657,0.1367473143385373,0.04070679685410063,0.01749415466575163,40.6387210215907,-12992.220191007476,2635.6022479808244,670.4658535188956
12203.436613881704,0.1486071125427951,0.13679002138917415,0.040702006714948426,0.01749464325882193,40.82613044107984,-13706.262320229549,179.74158254918802,495.175915247116
12204.924134908837,0.14847229572638448,0.13680928898210357,0.04070625118079913,0.01749494312266623,41.002788994355825,-13891.838650186206,-2284.6781011018,300.66271534098064
12206.491421603683,0.14832481010345408,0.13680614247998307,0.04072129607808649,0.017498725844909677,41.17150676420594,-13582.127443922562,-4668.847356967874,95.28399661121512
12208.130901223449,0.1481713505083696,0.13676871553822148,0.04073746287671242,0.017505796069116075,41.334756707476835,-12815.880082728132,-6896.999611368386,-113.45120928017982
12209.712009199875,0.14802529064769523,0.13671419748092997,0.04076468057825311,0.017523395397475487,41.494768316758304,-11635.62216952759,-8903.021601558808,-318.69390125065496
12211.181930014971,0.14790069177714454,0.13663698589064377,0.040794567295315255,0.01755031680241034,41.65362333945723,-10087.176471665149,-10627.745548640838,-514.0561032865352
12212.454614437138,0.14779882239105394,0.13655619259850074,0.040824127909473346,0.01758698561556965,41.81334926193692,-8220.126602549493,-12016.909829433704,-693.3953190453097
12214.056943224277,0.14770986955888657,0.136425020964626,0.04084680608936713,0.017626817185171773,41.97601240295153,-6089.004837396361,-13019.761970604442,-850.6554233750066
12215.733748868772,0.14767163054706373,0.13627092091066784,0.04086207788314969,0.01766830827102241,42.143810025214435,-3755.1988218623083,-13588.284250382829,-979.7367571078835
12217.787474937415,0.1477691000342486,0.13609276454443586,0.040869320744143456,0.017707768811496577,42.31916378716078,-1289.6050674007506,-13677.19773274183,-1074.4150011364866
12219.82254046268,0.14790778337934413,0.13595208671171083,0.04086937964095125,0.01774762244349105,42.504819387553646,1223.9382151241482,-13245.46020707487,-1128.3515687647716
12221.93537494361,0.1480911361461966,0.1358581849413707,0.04086450732647814,0.017772949210212267,42.7039244036366,3684.584421685974,-12259.572172174032,-1135.18885905675
12223.812452456777,0.1482848363438325,0.1358410940279956,0.04085375269811057,0.017798590071973812,42.920065666789085,5970.171902633537,-10699.568492396445,-1088.918730453274
12225.71051665321,0.14848579939270354,0.13589288722704854,0.04084062605568023,0.01781685914326782,43.157170936361375,7933.862575380103,-8569.479093523896,-984.6336952241179
12228.614877546783,0.14873292827093945,0.135966173502788,0.04082322098329131,0.01783146494187475,43.41914163227557,9404.782760440012,-5913.509268609885,-819.8460811654909
12231.299013051634,0.14893608646584652,0.13614222319751412,0.04080232075718324,0.01784082583826194,43.70894860624899,10198.194900839053,-2837.8719425235217,-596.6552022315892
12234.134289747768,0.14908937435647981,0.13640843061519975,0.04078244862018482,0.017843096643668142,44.02702660813235,10143.486990193936,467.50828239111104,-324.4931828959371
12236.771244704692,0.1491446577445749,0.13673298669202813,0.04075241825768042,0.01783643524361788,44.36924103330581,9134.666879577535,3723.3343026903253,-22.434430356124267
12238.644929573373,0.14905858534346086,0.13706084956140133,0.04072819033408632,0.017820874161202205,44.725680437939715,7190.443480155762,6594.1949620525975,281.41545898448953
12240.62064238831,0.14901650690238694,0.13726640801487208,0.04071354399308407,0.01780128199236828,45.08213517860308,4485.819579571476,8768.001669349303,555.3426768546144
12242.274960655925,0.148928876158206,0.13743409327142284,0.04071729965215672,0.0178133312441349,45.42436867365975,1318.0520956070868,10044.90716197542,772.5711854829608
12243.803578520823,0.14881566999480073,0.13756852220767254,0.04071657523269169,0.017834217380845296,45.74242697579691,-1979.562781312498,10378.229800671905,917.5528464201199
12245.457885938025,0.14869482845994791,0.13768586831826196,0.04070918995201413,0.017855067169975584,46.03214696217631,-5119.405348867576,9849.97458405152,986.7334517975077
12247.072998157055,0.14858067140278247,0.13778183198809413,0.04069322886440023,0.01787763474991211,46.29395432962859,-7897.84539002685,8613.806635793495,985.3834730753246
12248.830540785015,0.14843517816165133,0.13786142406454877,0.04067757031156434,0.017890985679264823,46.530814633735815,-10193.707775866094,6844.322591938844,923.3952633413248
12250.524943642531,0.14830631468815153,0.13793303586004663,0.040651033751463415,0.017904848249457463,46.74662801404609,-11948.911677392462,4707.395575522054,812.2104579466861
12252.370260265436,0.14815708509844566,0.1379945632583472,0.04063364718982192,0.017909740492196576,46.94532305901673,-13147.5100534946,2348.1838109313962,663.0750172312663
12254.182814037391,0.14800031968261546,0.13803465609037893,0.04063177897590092,0.017909875376065802,47.130483733763775,-13799.451721240046,-110.80844058570612,486.2469686651669
12255.953068645875,0.1478389612740641,0.13805054621758725,0.040630879635027976,0.017909771680419923,47.30525217641381,-13929.853461414596,-2567.195580708333,290.91974639809456
12257.535947583208,0.14769039302309683,0.13804483043432078,0.040646602820485475,0.017914036067491576,47.47236087950419,-13572.544012046234,-4934.883046952274,85.27387395403716
12259.063914470698,0.14754591270775724,0.13801636452575683,0.04067230228612259,0.01792580661585542,47.634217234240026,-12766.520318157018,-7140.297833233669,-123.36807737206392
12260.711072984233,0.14739547511853146,0.13795663113065332,0.04069722271525767,0.017942478356388212,47.79299845628975,-11554.297667610004,-9119.171512698957,-328.273826536802
12262.223205186725,0.14726676938385586,0.13787786861889464,0.04072316531848403,0.017966534940888942,47.95074345494363,-9981.543962677159,-10813.915961906834,-523.1226544293352
12263.731957162729,0.14715190720488694,0.13777794802981885,0.0407523135692397,0.01800370208301518,48.109443017187,-8097.605641228552,-12171.661852042105,-701.8661248925534
12265.069376535634,0.14706721104065473,0.13767238686990332,0.040767844522729864,0.018031778789852695,48.271126545071574,-5956.735264339438,-13142.932172543498,-858.502950178988
12266.509645026112,0.147072484861221,0.1375360460477285,0.04078268723266939,0.018073574734573404,48.43795631369714,-3619.9491622760797,-13680.872995378024,-986.9986960663127
12268.045801749195,0.14718675784970772,0.13740922155137164,0.040789898541676604,0.01811532807284074,48.61231836846037,-1157.6425621875906,-13741.397205749696,-1081.232039685121
12269.676883075672,0.14732852612762104,0.1373091723002701,0.04078961937282294,0.01815054693129645,48.796919430168415,1347.044301133258,-13284.742037413602,-1134.920487651985
12271.507205947948,0.14750720141641624,0.13724281608996197,0.040783696080244784,0.01817998367297301,48.994865983236465,3794.307052392236,-12278.648371886044,-1141.7747026228506
12273.040015724113,0.14768004122966738,0.13724604337086105,0.04077688266273437,0.018195930965799068,49.20969330296687,6063.460461389154,-10704.301659985718,-1095.8216211155316
12275.173586989862,0.14789117425900114,0.13728244662042202,0.04076845696817465,0.018207529590239104,49.445279085255294,8009.724670654821,-8566.552236850983,-992.142747514962
12277.67602226814,0.14811219015102464,0.13737537861056764,0.04076000428810953,0.018214571278979286,49.705477402532765,9464.84853263648,-5909.749144884965,-828.2098627516007
12280.514165087448,0.14832474131531337,0.13755051305592278,0.04074734487394775,0.01822020073183148,49.99324697091548,10247.092481655056,-2839.033503426188,-605.9816288394912
12282.948827628228,0.14844990463906224,0.13781372184035223,0.040751920407312826,0.018219587592512323,50.309088434162135,10188.494621487724,458.4610312493133,-334.5606752934968
12285.389858278872,0.14849133776947976,0.13813545549463943,0.04072819910581122,0.018214362428128586,50.64905178829682,9183.964212367882,3707.824001011858,-32.59900698433745
12287.076133506085,0.1483971270503691,0.13845304403966432,0.04070689339594493,0.018200793472548334,51.003508661959,7250.150835903949,6578.25738802879,272.185039404897
12288.73925315854,0.14834099713203283,0.1386435101003688,0.040683818809541514,0.018170464303175624,51.35850504396305,4557.377291561296,8760.142706356919,548.2612788740607
12290.69259333964,0.14825745656107595,0.13883109608807515,0.04069027099402831,0.01819076528697496,51.69989680385774,1397.8501729976826,10052.712710623116,768.7665131999329
12292.511325770905,0.1481536879540988,0.1389833853598017,0.04068971004695981,0.01821196454925003,52.017626059158076,-1898.2024608579843,10406.039881078117,917.8014555198113
12294.27673772168,0.14803888099356335,0.13910840109592024,0.040682170382330414,0.018233826976326844,52.30733040855589,-5043.730675997876,9898.626106637923,991.2984295275489
12295.781829434523,0.14793486835709074,0.13919820283909565,0.04066731887022582,0.01825517984377557,52.569248730182956,-7834.160097166948,8681.641860354204,994.1216002521282
12297.50749803087,0.14780652594789145,0.1392832350930899,0.04064632372095896,0.01827339127256923,52.806219632561145,-10146.968362644811,6928.34553212152,935.9213746585614
12299.411730209833,0.14766728581193053,0.139367268085879,0.04062402597894803,0.018285252423948146,53.02206919984374,-11922.894185232784,4804.000405557267,827.9852048839361
12301.286751943488,0.14751640046745743,0.13942951368402928,0.040610961215719193,0.018289029964197467,53.220689043257295,-13145.09441549406,2453.509643324567,681.4526452737894
12303.142651024573,0.1473579772471927,0.13947295352385655,0.040615973347036635,0.018288541976848427,53.405642376462595,-13822.894961838101,-0.7559855293349846,506.5448291344725
12304.94247395801,0.14719475240181645,0.13948853654888102,0.04062296018783483,0.01828913290655983,53.58005918072196,-13980.962736864592,-2456.589592799245,312.4315772092229
12306.45071789379,0.14705400079632983,0.13948671452888603,0.04064289797435158,0.01829436051326818,53.746660583725124,-13652.748138706987,-4828.167730537578,107.28826717286947
12307.813138402335,0.14692470214501444,0.13946664683295398,0.04066132525332787,0.018302592574358158,53.90783956290439,-12876.865831104758,-7042.304874889322,-101.54073653580897
12309.035709045205,0.14680909579839585,0.13943143061294122,0.04068738180837833,0.018319651605246644,54.065753476888716,-11695.372542904883,-9035.231315351888,-307.3414509146136
12310.16298344978,0.14670618253058215,0.13938177649329134,0.040701352013211685,0.018332318673160777,54.22241488801638,-10153.32419076689,-10749.985672616354,-503.8138895023093
12311.482550426064,0.14660129774151862,0.1392986907575655,0.04072140534177309,0.018357254153706978,54.37978255649629,-8299.19909687183,-12134.447863144522,-684.9291112603657
12312.751262733349,0.1465480899482269,0.13918901152799842,0.04073812069079138,0.018386525999814614,54.539844178611204,-6186.024971410987,-13139.902396126008,-844.7984605046663
12314.479842240251,0.1465857470929982,0.1390201964091669,0.04075374132193655,0.01842845515396084,54.70470742567867,-3873.13862968965,-13720.234454175481,-977.5053239040958
12316.030326914239,0.14668481873028053,0.13888787966142277,0.04076009036254195,0.018461707255888627,54.87668757189123,-1428.7200845938257,-13832.08465924734,-1076.9972022304498
12317.695785023361,0.1468180016790086,0.13877852606072053,0.04076039977508459,0.018486543061787878,55.058400358908116,1067.0590553708987,-13436.090901241298,-1137.0510374091311
12319.242509081236,0.14698684569996612,0.13872995218198045,0.04075574884936997,0.01851282743872988,55.252844597193956,3518.31176335878,-12499.6222398403,-1151.4379270146057
12320.779162025763,0.14716478523928275,0.13873201623109596,0.040752984627879164,0.018519856064734996,55.46344265997398,5809.319309320274,-11002.183606724544,-1114.1516805962394
12322.989028600372,0.14737707268995695,0.13875004325077853,0.0407502768774574,0.018523874549338248,55.693989589138866,7801.163507257167,-8944.700245430771,-1020.057480016533
12324.954620889352,0.1475681094485905,0.1388587480828654,0.04075854736262239,0.01851648406921467,55.948342622460544,9331.402551992047,-6364.0896628987975,-866.0873757671525
12327.135010065289,0.1477413106520239,0.1390347116751559,0.040754062042604663,0.01851871202984398,56.22967729548246,10221.915230337556,-3353.359178368765,-653.2283878359262
12329.717544641017,0.14788712273350646,0.13928262846563727,0.040762004794131196,0.01851730326455539,56.53907703338988,10302.314833356937,-83.01877186762363,-389.0901038279997
12332.1201237969,0.1479450703896687,0.1395818306923597,0.04075775573462064,0.018516502791625956,56.87359159306275,9454.516693516181,3189.122174254365,-90.3473053424153
12333.293903371294,0.14783952802979855,0.13987756700202464,0.04076009636368126,0.018517568752313654,57.22474185703551,7670.754005379998,6141.324400476703,216.98942820615164
12334.835367813943,0.147731696847124,0.14011358146693942,0.040734136418796175,0.01848755134164808,57.57928242716031,5092.8877456814735,8456.823751332819,501.65662207335043
12336.715292670944,0.14765451231110147,0.14029816193965308,0.04073452084636972,0.01848835101030264,57.9228772477589,1993.7113284262678,9912.435382003105,735.3071798395623
12338.534691115121,0.14755312958849512,0.1404543065173875,0.040735099471092565,0.018506256826247472,58.24453521250126,-1299.4637470169164,10431.351900648848,899.741864399207
12340.37875263828,0.14743790159551326,0.14058810702449434,0.04073009386476218,0.018523768538682057,58.53881706100703,-4489.552368234968,10071.664113175615,988.7460465693571
12342.242806234883,0.14732020706709628,0.1407037186810915,0.04071752903383452,0.018543879085545764,58.80517857429898,-7357.274559626081,8974.345129112333,1005.7043479180388
12344.105768796026,0.14719226857344583,0.14080205007082017,0.040694891409244864,0.018565393149232907,59.04604175677947,-9766.788334146197,7310.379226830005,959.5585428948118
12345.975528019033,0.1470549908499725,0.1408849423392586,0.04066600499944674,0.018582354930747436,59.26507729948884,-11649.054998681697,5246.954572327733,861.4010756908182
12347.693545476186,0.1469132246796568,0.14093824026403476,0.040643992532639776,0.01858968007116089,59.46616409526989,-12980.849980066476,2932.353016096368,722.4278215801885
12349.295780039409,0.14677265144911295,0.14096786767873448,0.040631132970658713,0.018591325764854096,59.652912005875834,-13767.607630513172,492.3514533262428,553.0298904140901
12350.823461596972,0.14663597666714062,0.14098555045136915,0.04063314334307624,0.018591411341516983,59.82851000807849,-14031.707835603695,-1968.0005271704438,362.5302709748821
12352.342014962647,0.1464957373864382,0.14098812948230585,0.040644732519688365,0.018594021523323487,59.99573332631837,-13805.214894092383,-4360.784131982767,159.2211977774609
12354.064313716157,0.14633528554975644,0.140958460222832,0.04067047578877564,0.018604491711945136,60.1570138912649,-13125.745009580001,-6611.433987909345,-49.48368136855215
12355.237455872855,0.14622272672126557,0.14093237860650937,0.040695872125344354,0.018619905362645885,60.31452558614567,-12034.47323893361,-8655.349048828703,-256.82683747194136
12355.901528014747,0.14615466024854548,0.14091440647249734,0.04071936767041481,0.018639772344421598,60.470273356479304,-10575.471887429532,-10435.172375686801,-456.4939668164077
12357.03499645217,0.14605679590163176,0.14085149286805623,0.040735265460052905,0.018658142181258327,60.626188854458626,-8795.889055550088,-11898.804892423708,-642.4617890927435
12358.340548442377,0.1460000059576402,0.1407397157620296,0.04074993224145225,0.018681711914474708,60.78421386184909,-6746.877464465719,-12997.829794609255,-808.8603807722418
12360.049807792973,0.14603193128922856,0.14056921111930468,0.04076399717562493,0.018715282502928875,60.94638198405911,-4485.193246578935,-13686.495199406072,-949.8602717990466
12361.604355371737,0.14613381304612993,0.140430259256763,0.04077148346055092,0.018746998332320353,61.11490544366568,-2075.4998845391483,-13921.643137582349,-1059.526937108607
12362.625947833818,0.14625611117985843,0.1403697838501653,0.04077292033317332,0.01877113418720208,61.292262806764086,406.72194396014936,-13663.608940272457,-1131.7599967199108
12364.153392324657,0.14640948907486623,0.140304744289934,0.04077029799240305,0.01879232972237289,61.481290924262865,2871.80444859901,-12878.36735126691,-1160.384143388242
12366.09129750102,0.14660054129936448,0.1402621858671064,0.04076792026180388,0.018799577827487916,61.6852450200522,5211.9296623884775,-11541.870364961696,-1139.336528961409
12367.60970048313,0.14678102858312447,0.14030980915520766,0.04077134265010291,0.018793824422797978,61.907776648324386,7297.29787931056,-9647.880273806897,-1063.1451150328246
12369.444594075092,0.14696893999099933,0.14040352556743907,0.04077961864913411,0.01878525211228928,62.15273849397034,8974.608377081933,-7220.515296828988,-927.9509043433451
12370.948455828315,0.1471086310668831,0.14057923554526644,0.04079327147513523,0.01877693715291994,62.423618891247685,10071.594067410464,-4332.347290053115,-733.1671680248165
12372.826809588743,0.14722470676168797,0.14081149766603207,0.04080218327598291,0.018774502228256666,62.722385473203545,10414.212963776907,-1125.8490628700665,-483.89368737760964
12374.356854643484,0.14724735233149203,0.14109595706319572,0.040809375937593206,0.01877475575926722,63.047689017394205,9863.536277638063,2171.2871011884386,-193.54377724253916
12375.396192344335,0.14715712505233428,0.14139218609796705,0.04081530509281409,0.018776983298696683,63.39306769214573,8370.625348919044,5256.085925344701,114.93931742240399
12376.534649906765,0.14699604522158483,0.14167329859588368,0.040795767596012986,0.01875897978040494,63.746752066385255,6025.971224748237,7803.677944815298,411.46150514501676
12378.033320033981,0.14691574835324095,0.1418435038943111,0.04079155693299044,0.01875065887625324,64.09438151544458,3063.1593166148828,9553.536339545397,665.8768324286897
12379.528314320323,0.14680144472901954,0.1419915085793702,0.04079329306656738,0.018762736332558226,64.42348392389317,-200.94090446807976,10379.119014357066,856.0632272203261
12381.177133070272,0.14669641180722315,0.1421181533400079,0.04078970654087036,0.01878268116148091,64.7266659200806,-3453.5941916123193,10297.762010972765,971.7805803273475
12383.079731084412,0.14658209600325353,0.1422419143479541,0.04077822083129336,0.01880542902521835,65.00184559645339,-6448.359829090696,9428.396004442695,1013.5185425950766
12385.007704691281,0.14645928751226966,0.14235060608417738,0.040765387676758844,0.018819775058065445,65.25058544593641,-9023.309883425136,7935.943838207727,988.6500982165937
12386.402320219686,0.14635895319161993,0.1424158858787656,0.04073755874769185,0.018839059357169022,65.47622422543576,-11089.694762506535,5990.680743218989,907.7588961407585
12387.997774860045,0.1462390697068489,0.14247929628585182,0.04071381428480817,0.018848832782952924,65.68260415072565,-12611.284765307415,3747.49892261341,782.1403106645847
12389.888373691181,0.14608555472909412,0.14253560484414293,0.04070447587215218,0.018850637749223492,65.87343093419173,-13585.621488279552,1339.1521565544792,622.4667600129292
12391.497553177465,0.14594569840758412,0.14256427951259892,0.04071027174961524,0.018850563664550523,66.05202225209182,-14030.472156888927,-1123.238123021818,438.3922978345205
12393.03459820697,0.1458063009579614,0.14257601838626052,0.04071822935931948,0.018851866799767494,66.2212711730375,-13975.236184807747,-3546.961365197787,238.54689176891296
12394.187031691983,0.14569777249450167,0.14257559873480405,0.04073797951107229,0.01885861318388163,66.38369862300324,-13455.928273794087,-5853.911554863247,30.62895913323817
12395.126979724446,0.14560557792801385,0.14256641227179073,0.04075589736192662,0.018868149653671246,66.54153790190786,-12512.522734033158,-7977.075680157681,-178.40931290386467
12395.818811809573,0.14553808991285413,0.1425473077406108,0.04078187103934402,0.01888771684129559,66.69682483920319,-11187.84258834485,-9857.62319074285,-382.17097947178576
12396.71048898001,0.14545295514194323,0.14250883130539235,0.040797010665253305,0.018903312673177818,66.8514853614279,-9527.49435864645,-11442.63970900251,-574.6102863934028
12397.572479949451,0.14538729357454236,0.14245091331522106,0.040803743026487864,0.018912825073991116,67.0074182423322,-7580.540004591874,-12683.400591054733,-749.838235799459
12398.647758785448,0.14542483857302785,0.14233333801343392,0.0408135077358168,0.01893262024183048,67.16657828573244,-5400.740004607937,-13534.082698279366,-902.0724215810757
12399.8208012981,0.14552106376704194,0.14221906886825542,0.04082295056891932,0.01896351652444084,67.33106273499408,-3048.5426624828233,-13951.374446148611,-1025.5282121402747
12401.31912922193,0.14564188461786337,0.1421036925816222,0.040826097748607945,0.01898780860957846,67.50319749743822,-593.6591593946586,-13894.971829663193,-1114.269349468602
12402.537160510781,0.14579062097343692,0.1420523460290635,0.04082525093998367,0.019005557091509934,67.68562347726746,1881.7922616398425,-13328.9795434692,-1162.2037370685514
12403.792747895643,0.14594603484127344,0.14203637520956833,0.0408228190221432,0.019015702181938755,67.8813709934534,4279.561535956735,-12225.154407899707,-1163.2474486454448
12405.348642191097,0.14612558947398344,0.14205392693799754,0.040825328165503175,0.01901044628226332,68.09389150337532,6481.421896311824,-10568.90122306505,-1111.6416926514291
12406.748632790519,0.14628865736824298,0.14213249655293636,0.04083316448201237,0.019000460293449494,68.32696287319102,8346.316506487588,-8369.339236308411,-1002.6947527947681
12408.264577327915,0.14644170124644107,0.14227294840164476,0.04085497258738453,0.018983461592820085,68.58432451149191,9711.452360026979,-5674.637818577644,-834.0810788661072
12409.813070365863,0.14655861460710418,0.14248124948798568,0.04087641866852472,0.018974579954525395,68.86883952093761,10402.596881387004,-2592.188869014675,-607.9232487040285
12411.543453812235,0.14662741562211717,0.14274534889777232,0.04090315398052655,0.01897199807417568,69.1809881382011,10260.858889790961,691.7399696444469,-333.42715618843584
12413.021456028348,0.14660230904409224,0.14304237163642686,0.04091269640015317,0.01897409507818157,69.51694602393496,9189.863873722765,3907.517035379078,-29.063697134026235
12414.06978589578,0.14646763844268618,0.14333362489232748,0.04090872907646109,0.01897130180453974,69.86738992548176,7211.520839090528,6733.6710303647815,277.8730076606879
12414.587612934623,0.14636818455414,0.14345971586326045,0.040887651216432244,0.01894286543897612,70.21874992496282,4495.708498983654,8871.044634951284,556.2386717631326
12416.213818744565,0.14628043028907894,0.1436215969420097,0.04089248429864227,0.018958520484912093,70.55715309073646,1329.2480684915904,10126.60118667822,779.3860234115083
12418.100880724915,0.14617564526150642,0.14377573170850824,0.040891784734342546,0.01897974397897632,70.87258476281536,-1964.7542515718562,10453.64879585954,931.4107479387528
12419.88003929888,0.14606792913475372,0.14389914026874906,0.0408851162653851,0.018998781509357823,71.16053805581159,-5105.254307925664,9930.444267635348,1008.0508693870842
12421.736009687034,0.145943972890962,0.14400815614580265,0.04087428204653538,0.019014233856819673,71.42104809269195,-7891.7421214787755,8706.296939425249,1013.8986273167882
12423.567335460388,0.1458170559062098,0.14410047905522982,0.040851995522104535,0.019033508326705986,71.65677365958655,-10204.186496910816,6952.246224958748,958.4158966244815
12425.511765547191,0.14567849006344363,0.1441864453994759,0.04082315617924497,0.01904884945930294,71.87140446716221,-11984.822474213577,4831.448774919855,852.7947861785333
12427.407256454044,0.14552744138402196,0.14424787582595108,0.04080474339108531,0.019054204021353757,72.06873887723658,-13217.72046998431,2486.821991244424,708.0906228400006
12428.925176111352,0.14540194080004698,0.1442878138084427,0.040804677690432646,0.01905418684917331,72.25227349293816,-13912.750866348219,38.86215474909734,534.4477293439096
12430.056471757145,0.1453019160760249,0.1443028570113076,0.040814524930104706,0.019054990384685798,72.42508461301321,-14094.836213972163,-2412.0625925118293,340.95132174103276
12430.802561572185,0.14523320693156389,0.14431512731169735,0.040826907253335556,0.019058160002954874,72.58984737248981,-13797.412108112227,-4782.031125859026,135.7109927263612
12431.72182257894,0.14514415288919943,0.14431480517468215,0.04085362425672019,0.01906986522164906,72.74890957627495,-13058.783283594948,-6999.885471474528,-74.03339350760359
12432.3334016155,0.14507937001486626,0.14431313981743066,0.04088054352661871,0.019087120462616618,72.90437692616882,-11920.342948806365,-9003.987174944565,-281.6991446313573
12432.608647563084,0.1450377082024334,0.1443215276346774,0.04089675463639817,0.019101462699552856,73.05819678732911,-10426.06632862132,-10739.598160822967,-481.10339265881385
12433.323010331658,0.14497086909655513,0.14428546430391936,0.040910012410015205,0.019117434585838346,73.21224870577134,-8622.784331273982,-12156.962191445618,-666.3506767152722
12434.335126855918,0.14497503975281253,0.14417817041115097,0.04091234588621288,0.019121329908041412,73.36842428060572,-6561.091580280196,-13209.775346586317,-831.6683448905378
12435.68785577289,0.145053914584482,0.14403508566047304,0.040918785966617834,0.019137446091692715,73.52871104592114,-4296.991629271843,-13854.318688592411,-971.3189736445835
12436.831824356343,0.14517299632174469,0.1439368123520994,0.04092343109810776,0.01915851649029711,73.69527168155489,-1894.158681848271,-14049.479733899729,-1079.531452401235
12437.824527894225,0.14530722844679989,0.14388432213307012,0.04092400199917666,0.019170627976822528,73.87053111164396,573.3471629258092,-13757.556470599524,-1150.3607540546745
12439.062067656107,0.14546337222601163,0.14385068914260243,0.04092457734989205,0.019166530092708203,74.05726540570812,3017.788479819583,-12946.324858011896,-1177.7319505129035
12440.037885227126,0.14561771331569576,0.14388222667500616,0.04092788827565525,0.01915688500608625,74.258662838177,5333.8854853369685,-11593.266312428677,-1155.6971024798236
12441.264814339474,0.14577437512684294,0.14393833305258752,0.04093443405513301,0.01914597456398694,74.47831404950144,7395.239339485801,-9693.036492854615,-1078.939460901431
12442.628368448579,0.1459310785956844,0.1440520802194361,0.04094427290411209,0.019135829677294172,74.7200348249559,9052.73801997947,-7269.432436531299,-943.6741182625092
12443.705276935067,0.1460397172332641,0.1442338271351889,0.04095676412321805,0.019128208560001213,74.98733865409734,10138.6147866636,-4392.788541598058,-749.2268133610926
12445.411380122154,0.14614328364494025,0.14445972837924276,0.04098094206219953,0.01912155975036586,75.28234743968832,10482.55182270325,-1200.7545327867235,-500.3247859466968
12446.864861225258,0.14616208362501756,0.1447367215601843,0.04100079125262936,0.019122293981397153,75.60405598400003,9946.534990399954,2086.1674097512378,-209.76142777484236
12447.893502886927,0.1460733616601113,0.14502866877140597,0.041011900674615,0.0191264970044578,75.94650195447015,8477.79062785991,5172.437389161101,100.16722513542052
12448.57757628866,0.14589009145010048,0.14529190591386237,0.041011289794900464,0.01912572271068642,76.2983742878169,6158.532168207212,7737.086629288883,399.8618515107155
12449.941804581313,0.14580206090468706,0.14545693739412704,0.041000459865195446,0.01910543766670934,76.64545791925335,3213.313097218764,9517.478862293263,659.0068786782459
12451.89165290795,0.14570069807180938,0.14563184848222133,0.04100290118504902,0.019120771357889938,76.97503695555355,-46.32651221480399,10380.521833889485,854.7842273932623
12453.76267083022,0.14558972401558828,0.145774137530329,0.040999499531172996,0.019141415263394815,77.27925566045106,-3307.9285476068567,10336.600743552193,976.2264625842664
12455.655129413582,0.1454758916560319,0.14589672106272356,0.04098845399515368,0.019164032963594094,77.55560413592887,-6322.25756093931,9500.158566130296,1023.208357577936
12457.57708429282,0.14535490215317348,0.146004823103346,0.04097444184871019,0.019180093849816695,77.80536837754238,-8924.070311199628,8034.355469755228,1002.787961388026
12459.432978424966,0.14522907033906338,0.14609483887714636,0.0409553791380509,0.01919360268138886,78.03175242586737,-11022.114814926226,6109.319038453617,925.4203069150662
12460.979057111628,0.14511562850124,0.14615754806392703,0.04093864738375743,0.01920068541948787,78.2385511263268,-12578.64750674423,3880.414186948795,802.3957335108252
12462.472217910772,0.14499657441216213,0.1462037315389041,0.04092474378704926,0.019203534567975775,78.42946099153502,-13590.433474514906,1480.8906331647302,644.4959561559117
12463.779312006796,0.1448871802015283,0.14623559032097133,0.04092424287262883,0.019203524139057883,78.60780739554572,-14074.930192162303,-977.9357803100648,461.47702075809224
12464.619128390832,0.14481363392783916,0.14625602100254223,0.04092662074994428,0.019203875959927872,78.77649186549792,-14061.411889674897,-3403.493204057714,262.01577016741373
12465.372367442893,0.14474325858515016,0.1462584558468453,0.04094189778360796,0.019208894934606695,78.938038898841,-13585.734380003585,-5718.151767971845,53.819991997414434
12465.577937825401,0.14471479613875418,0.1462822912440868,0.040961498756480134,0.019219013597959005,79.09467598911992,-12687.597344568776,-7855.661892982541,-156.19291840429108
12465.415752471163,0.14470896425561255,0.14632152028682877,0.04098221852938175,0.019234171676683197,79.24841879240473,-11409.344702926774,-9758.18269408118,-361.6665958631584
12465.269884551524,0.14470311576291908,0.14634740138716085,0.04099449755024679,0.019246427603661253,79.40116070427311,-9795.726654686408,-11373.973193380725,-556.6167510316185
12465.45160699808,0.14471299970935025,0.14632068905442228,0.04099951105085665,0.01925324641206971,79.55475608089188,-7894.442146680915,-12655.595137779053,-735.2676555178786
12466.50245605821,0.14478864645198644,0.14618989626970677,0.04100188660601819,0.019257807628958096,79.71110252304486,-5757.28646579219,-13558.62802308527,-891.9435110400857
12467.555940899125,0.14488622620745545,0.14608245334917647,0.041008057983032344,0.019276412343036835,79.87221988296176,-3442.055815308518,-14041.171305070253,-1020.9977139059482
12468.287706631407,0.145015643838949,0.14603331678166875,0.041009480358799644,0.019285401831540632,80.04032499975702,-1014.9184273219857,-14064.031202631137,-1116.66430151489
12469.305159120186,0.14515559714874618,0.14599142446484267,0.041009499443328976,0.019285295466115012,80.21792970743996,1446.8173156551416,-13591.79360486791,-1172.9988931620244
12470.252672505314,0.14530790776437508,0.14599720204254582,0.04101132706874602,0.019276410153608536,80.40792047671583,3851.174217723367,-12595.496268702413,-1184.0210595521426
12471.162534376414,0.14545753970089,0.14604846049514733,0.0410145640934428,0.019268772214497812,80.61360580951253,6087.649821455061,-11057.669394890463,-1144.0032435424039
12472.187754607536,0.145606023373715,0.14614375826381548,0.04102326141362614,0.019256446427405358,80.83867287616208,8024.042303842219,-8980.958030525415,-1048.037834477728
12472.982323259497,0.14571950120442306,0.14630294564649524,0.04103907047189754,0.019242555096331364,81.08693278437073,9506.0573821406,-6401.613184079364,-893.1090508228743
12474.60147528754,0.1458505481361877,0.14649052448764616,0.0410655747455454,0.019229397409093938,81.36165857750483,10364.212320964969,-3408.1278515224335,-679.9065638280241
12476.538553531918,0.14594910668589153,0.1467342938381379,0.0410857587606007,0.019225837994406185,81.66429491544375,10434.746079174101,-161.66927259201574,-415.3727858526361
12478.437191921754,0.14597164703566698,0.14702505603551272,0.04110884095768174,0.019229064520098853,81.99257611568831,9600.411141934344,3093.0805360515,-115.14510252917607
12479.278880652479,0.14585613571819567,0.1472948285695775,0.04111686213594228,0.01923307054134021,82.33890978533077,7845.700063762447,6046.766849140388,195.8579189458983
12479.889702224877,0.1456616576814261,0.14752971432416273,0.041102408436391395,0.019216907670369543,82.69071184545349,5298.050050250973,8387.658235462866,486.8839787798618
12481.296322436103,0.14557850042611878,0.14768126456660713,0.04109888907469442,0.019208065253401956,83.03367441472965,2216.4922826930524,9887.694333117292,729.0979819597966
12483.357822846343,0.1454830394651007,0.14785086065631875,0.04109969520416012,0.019222854946699907,83.35621403757058,-1078.3410116495052,10459.571268909103,903.087156263264
12485.226142813139,0.1453736471040051,0.1479846274325796,0.041096709147441554,0.019234106339327695,83.652077343042,-4288.668756101959,10151.694696786657,1001.4417692271369
12486.663250898338,0.14524656128560248,0.14806692586472495,0.04108401866335728,0.019255290720898394,83.92006022125496,-7190.9170386468695,9099.519370644277,1026.7297338796193
12488.495954098646,0.14512162254992914,0.14816212965368392,0.041068445177075245,0.019270583534414062,84.16219582289447,-9644.96554674693,7472.204983836817,987.504166467664
12490.441241068418,0.14498491309235245,0.14824984974011501,0.041052718901343245,0.019280137960054622,84.38198079949672,-11578.945418132525,5437.000573653992,894.7351570822269
12491.801448177617,0.14488289460040554,0.1483013562106531,0.04102797402300671,0.019288808578905192,84.58323831227341,-12968.177183687518,3142.6895140362126,759.7192331600556
12492.64544916324,0.14481816765273342,0.14833141853666296,0.04102767212720696,0.01928882750948727,84.76957004723515,-13817.561624282247,715.281735195672,592.9605434159989
12493.18828042129,0.14476804344845695,0.1483305210304107,0.04102369537146295,0.019288668986606167,84.94417796543868,-14149.328315786839,-1740.521927389223,403.8680852932946
12493.822826544261,0.1447118420655326,0.1483507930698721,0.0410375123310606,0.01929152666866523,85.10984600555034,-13995.475886103988,-4137.759214283262,200.79438456621406
12494.095811993462,0.14468232819702095,0.14837468207855603,0.0410561911527341,0.019298696705711882,85.26899886561866,-13393.41666134345,-6403.31894430882,-8.859033516534987
12493.76126946199,0.14469878177144588,0.14841873972273512,0.041076131609951085,0.01931020347256648,85.42378316974923,-12383.697529501023,-8474.49850262829,-218.38569705193794
12493.18235563419,0.14472599885755733,0.1484767328642766,0.04109234659163087,0.019323228071178113,85.57615871417664,-11009.181451673268,-10296.2652410911,-421.5988750650171
12492.985913727147,0.14472402324693562,0.14850383237334533,0.04110675224451261,0.019338935700721614,85.72798653630922,-9315.072008787381,-11819.128423974107,-612.6692124058152
12493.348420386244,0.14475855946211258,0.1484457430131197,0.04110750526240934,0.019340044735997233,85.88110784177384,-7349.586936294034,-12997.433125734244,-785.9234603372953
12494.141173892764,0.14484547037597045,0.14834471429425014,0.04110683314039704,0.019338574043838035,86.03742470231172,-5165.347544853009,-13788.27505365141,-935.7348567797643
12495.14693497924,0.14495647709261306,0.14824814435150616,0.04110883804744491,0.01934559854721952,86.19897900137788,-2821.3446164329325,-14151.184418184277,-1056.4971056662005
12496.066626037304,0.1450863309121555,0.14818965536310558,0.04110815305035851,0.019339345639691294,86.36803348226739,-385.3364162228767,-14048.461564021629,-1142.4662331574082
12496.590743044093,0.14521295240207766,0.14819656982496676,0.04110802028448098,0.019341747971821047,86.5471638556151,2063.138575946803,-13446.552181135517,-1187.7832443780803
12497.643032285572,0.14536830046366112,0.1482039560942366,0.04111165757397065,0.01932744387196042,86.73933519648995,4429.2395025332235,-12319.077486987457,-1186.5759049229414
12498.547615914904,0.14551242531478295,0.14826248178910764,0.04111899770602814,0.019312206681087858,86.94794769628962,6599.027293434896,-10652.493967359247,-1133.2620586317212
12499.612965192737,0.14565644974299483,0.14836338456094716,0.04112924264407695,0.019299198935418926,87.1767574363976,8436.569106640101,-8455.576342154374,-1023.2931055530034
12500.621988894345,0.14577486950180515,0.1485235261218051,0.04114448218295648,0.019287274375367876,87.42956240575776,9784.599034642075,-5773.911888476601,-854.3297998352544
12502.695067701503,0.14592512439564,0.14871368586368444,0.04116276475293919,0.019279561779838104,87.70943260184492,10473.609133157013,-2709.3152906304467,-628.1969063182861
12505.002328231663,0.1460325845793775,0.1489695996524406,0.041187576805599126,0.01927689328884681,88.01727107820636,10346.396587947835,560.4368165625606,-353.45765280871376
12506.931728361395,0.14603627216306475,0.1492707818137459,0.04120332452641478,0.01928021905769438,88.34986388877611,9302.793005646488,3774.956838143736,-47.73701957995141
12507.883050528108,0.14590199790432046,0.14955125965849772,0.041207948288753404,0.01928289789500603,88.69847571417934,7355.165758563917,6618.484605345046,262.35357435010417
12507.873183434831,0.14568025672001503,0.14973714739611874,0.04120052748633828,0.01927309970529009,89.04975051949557,4661.83211921174,8790.145850831595,545.7505037619495
12509.38900843366,0.1455918298610647,0.14989092043623384,0.041203850926285396,0.0192831119976804,89.38948451746631,1502.2180983290657,10088.977725875437,775.0786883122124
12511.287864691369,0.1454849695993247,0.15004562758025455,0.041203532769989504,0.01930243862497589,89.70697541511994,-1801.142572624736,10459.390915634349,933.3930184186822
12513.050360850308,0.1453692825651737,0.1501672552397738,0.04119694187345444,0.019322151838725102,89.99705370249798,-4963.397049439626,9973.843380352286,1015.6937428337301
12514.975230138585,0.1452450928558322,0.15028023738017404,0.0411861408736491,0.019337960555225193,90.25933446015713,-7779.492549311788,8779.817717181968,1026.2171899911805
12516.51414992073,0.14514217370025637,0.1503585378357772,0.041168555574772746,0.01935348133162357,90.49629060062912,-10126.212023722212,7048.9023221870575,974.3575071547926
12518.227678558049,0.14501447362562647,0.15042838475320633,0.04114607826846977,0.019365706587390334,90.71157430341215,-11944.243773028624,4945.440119351841,871.3904349440959
12519.47321074738,0.14492131566438882,0.15047471054963754,0.04113089114328783,0.019370270452808515,90.9090124360172,-13217.28515049119,2613.2730192019067,728.5230985381701
12520.244754190295,0.14486251883736798,0.15050318900629392,0.041133618448340195,0.019369962600998693,91.09214609396004,-13955.42234516571,173.23858458457605,556.0332928435422
12520.388628294464,0.14485157491516287,0.1505115176292793,0.04114622913958699,0.01937086950187924,91.26409299679884,-14183.928298643546,-2274.590157898532,363.079368797962
12520.782886052048,0.1448162837748417,0.1505328656214382,0.04116049109216696,0.01937435412704345,91.42755899216118,-13936.49178215967,-4647.1491196538855,157.78972825389684
12520.61707788652,0.14482503862415014,0.150567735300196,0.04118225477305951,0.019383561133382788,91.58490243785565,-13251.41196777177,-6874.512470457804,-52.605723342049345
12519.931194577679,0.14486725613883017,0.15063257117301426,0.04120412608698223,0.019397133232252745,91.73821802746266,-12169.712236190013,-8896.537096355458,-261.5755283995304
12519.165332931452,0.14490526839127105,0.15070394928923975,0.04122281257589215,0.019413111447543128,91.8894290321695,-10734.502921300664,-10660.273184687592,-463.07411337035353
12518.526454225776,0.14493850802409672,0.15075631722307758,0.041232945157451226,0.019424835231850637,92.04037121083697,-8991.158058434616,-12117.893230254222,-651.362518915983
12518.929285771363,0.1450016420719516,0.15068273127532847,0.04123627743041864,0.019430125019316645,92.19287587447297,-6988.07304601567,-13225.103582592174,-820.8555201104004
12519.70878124106,0.14510015316433564,0.15058511419087206,0.041234619033111236,0.019426248312000072,92.34884757665685,-4778.179299489571,-13940.219959324371,-966.0021599570816
12520.507022105363,0.14519205269090307,0.1505123755486874,0.04123557013488147,0.019429951859690393,92.51034070364209,-2421.0124753997775,-14223.959707034284,-1081.2325525033548
12521.068563451638,0.14532625017189477,0.15049268314529488,0.041235514295817205,0.01942910699689888,92.67964180264603,14.897812202754805,-14039.775223299146,-1160.8657201708884
12521.806846526337,0.14546924767362074,0.15049211017418626,0.04123726223785128,0.019410152761434207,92.85936442553901,2448.990476596587,-13355.402894845156,-1199.0417899934632
12522.698238919822,0.14561829675087817,0.15051817540676887,0.041241198923595575,0.01939638639433129,93.05253196045904,4785.045571691915,-12146.231032643156,-1189.9470329986075
12523.430643275406,0.14575596219851727,0.15059893398846197,0.041249660505302314,0.019380113282928928,93.26260111498593,6907.3976535893435,-10401.254072128299,-1128.172049072947
12524.841122490603,0.14591762256052904,0.1506913584190695,0.04126036560040445,0.019367390115428436,93.49338250926247,8678.339205295873,-8133.00618627854,-1009.3922052415697
12526.662243036539,0.1460775823956096,0.15080647074761322,0.04127772410214606,0.019354745836726233,93.74868541904557,9939.402139886417,-5392.680953691872,-831.6729938286015
12528.634715864593,0.14621340567754693,0.15100695422720664,0.04130714466970467,0.01934360865263755,94.03146687368552,10521.652154004196,-2290.002424045857,-597.4834037121037
12530.877124550723,0.1463058716585249,0.1512698727159136,0.04132820325133762,0.019342176217311224,94.34230990530484,10272.458451599008,987.6182673507222,-316.40923451175513
12533.036560388227,0.1463110146094176,0.15157939921707062,0.041354524727336875,0.019349014390893104,94.6774342767739,9102.537115359672,4171.176115443876,-7.271389461913227
12533.516148719706,0.14614040473671544,0.15184150152321682,0.0413625197645525,0.01935431507006817,95.02742049566756,7041.198429361295,6942.293045236341,302.3769120356717
12533.401352578227,0.14592836776665663,0.15199955000886328,0.04135300160895583,0.019340600244856357,95.37845319222377,4264.667023621137,9007.922933259013,581.2582805066058
12534.934997294693,0.14582823120986152,0.1521547349905976,0.04135531391157817,0.019348779786424845,95.71638617096541,1063.27753634912,10184.001872616122,802.8525992800652
12536.786970437824,0.14572275748670185,0.15230156699954234,0.04135453531085601,0.019361804758451694,96.03101359878399,-2240.5255348304604,10433.680037680122,951.7055945208588
12538.540834954722,0.14560864240768706,0.15241935193068631,0.04134599136793886,0.019384392886373742,96.31776984542535,-5370.278018435364,9843.153841393087,1024.2849513357512
12540.482487852918,0.14549044648292436,0.152532343812645,0.041336231540009157,0.019397620777882024,96.57672357202333,-8132.139857564343,8566.491729485942,1025.8401285211035
12542.285276307355,0.14537218836126825,0.15262331030734677,0.04131402938508456,0.019415982828983255,96.81059918529162,-10412.965127613455,6776.338796548944,966.2851980782524
12543.70877710754,0.14526764268840467,0.1526813158542965,0.041293825736974696,0.019426202817451492,97.02314155546695,-12160.918413548477,4635.109165087606,857.0686099419671
12544.773399646621,0.1451853917112035,0.15271711575188596,0.04128181872273705,0.019429453009748777,97.21818571320875,-13364.683298156788,2283.566786760907,709.3532075682499
12545.66469876043,0.14511222638464116,0.15273953049596836,0.041281538123007416,0.01942945305833454,97.39924659862018,-14037.451385322087,-160.73360860939908,533.3195390874063
12545.967000152394,0.14509088902368314,0.15276548428873113,0.041290313911183554,0.019430282560502214,97.56940117802822,-14206.35651860924,-2600.699962899255,338.0034740996515
12546.120655218429,0.1450769277605737,0.1527842383108341,0.04129860247838512,0.01943249047174364,97.73131090792378,-13906.098316389127,-4955.78848083477,131.39970055460174
12545.358653622681,0.14513631951794392,0.1528446268896958,0.04131537974928326,0.01943998177273678,97.88729396525709,-13175.47384960522,-7158.160799817374,-79.38783412599155
12544.585672487838,0.14518344996208932,0.152916298256686,0.04133108403933401,0.019450133048844954,98.03941519066959,-12055.712134705722,-9149.46303764217,-287.9448574121199
12543.984842363128,0.14520847598249714,0.15297730801782425,0.04134775244637632,0.019464896338864203,98.1895775035628,-10589.905847148442,-10878.270992473397,-488.34118272823264
12544.110179254974,0.14525541656314309,0.15292547185599215,0.04134925983498321,0.019466688100538445,98.33960261778257,-8823.224852306894,-12297.964261901943,-674.9152112658259
12544.017440014615,0.14536117793966388,0.15288651428907896,0.04134919115169049,0.019466556852487417,98.49130963169212,-6803.957021123332,-13365.265692153878,-842.1456110453379
12544.411932782657,0.14547357236721875,0.15282557720405218,0.041346394113722894,0.019459759426296908,98.64659186165493,-4585.021897025121,-14039.47462040869,-984.5724460733134
12544.879951188135,0.14557722333041775,0.15278528435089475,0.04134514437870549,0.01945446306558995,98.80750260756847,-2225.816114921735,-14282.194521749878,-1096.6844385513612
12545.677514974595,0.14570009954382607,0.15274377998227248,0.04134473434113186,0.019448353660756142,98.97633725282628,205.28828834757985,-14057.718699553654,-1172.8588186177897
12546.587110156897,0.14584649333640962,0.15273165712714487,0.04134600328832459,0.019436407210724035,99.15572437074297,2627.837756255521,-13334.602295231107,-1207.3365024501488
12547.592371709028,0.1459977708326921,0.1527507506253636,0.04135293198452562,0.019413272789245633,99.34870427559004,4945.630571117168,-12089.090838134909,-1194.3529963665014
12548.67075086396,0.14615228191233248,0.1528139731073784,0.04136084996084547,0.0193985193917161,99.55876536491081,7042.991528577687,-10311.192478048839,-1128.561919567803
12549.740998650226,0.14628551569073384,0.15291199843149952,0.04137580516223815,0.01938119597508916,99.78974884935013,8782.198724609805,-8014.767519511106,-1005.7535468091176
12551.374854891665,0.14643384682655047,0.1530495596444574,0.04139627103639798,0.019366700841452998,100.04549139797507,10004.898792842194,-5252.767439149724,-824.1351207481855
12553.773291513913,0.14659479420112545,0.1532468260276385,0.04142228717288294,0.019357261882141052,100.32895896555792,10542.81337344537,-2137.193560241423,-586.4408498269422
12556.072833322247,0.14668682273674036,0.15350970736934766,0.04144050683291329,0.019356279704125894,100.6406778826875,10245.125672661707,1141.7408436440674,-302.61947202033474
12557.965844541406,0.14667325141924592,0.15380869236641032,0.0414632557934355,0.019362547126066797,100.97670580092239,9026.225872599665,4312.436601832962,8.090819236029715
12558.258765953173,0.14648939712324408,0.1540617399294187,0.04146636084456272,0.019364541165039464,101.32737622706185,6921.077931021434,7055.760149809383,317.77195153359696
12557.601653316182,0.1463100685394044,0.1541477286102179,0.04145662937528894,0.019349994966237485,101.67864241156892,4112.139659058805,9081.38350691814,595.0728689183869
12558.63797912389,0.14620731381252286,0.15426710457031084,0.04146023325432956,0.019363778911185507,102.0162652360861,893.7981274764122,10211.175324465208,813.804834380795
12560.5975329808,0.14609802479932696,0.1544199487927592,0.04145922899143384,0.019376821140170773,102.33012685543267,-2411.3398821428027,10415.117660880469,959.0622912000355
12562.571288156336,0.14598562846164906,0.15455102177231617,0.04145253669848654,0.019393663117223413,102.61583512360413,-5529.773763648815,9784.763375062968,1027.844409805585
12564.036175018377,0.14588538789226665,0.15463289444413147,0.04143728451731021,0.019413775551861173,102.8736139766964,-8271.867007580533,8477.004262839058,1025.8524908249265
12565.1415971446,0.1457879468665907,0.15467575782415272,0.04142097193758647,0.019426891819818194,103.10628663013208,-10528.447725809976,6665.142126164646,963.239517573586
12566.930276227815,0.14565768393082743,0.1547484683409614,0.04140087656444185,0.019436758300060076,103.31766105593988,-12250.86807158737,4510.897324102583,851.5257687310902
12567.994000516965,0.14557879197751863,0.15478786032159664,0.041394212036040844,0.019438472635343432,103.5115957344112,-13430.066553385941,2153.753817913888,701.8937417563554
12568.268107833754,0.14556327671791075,0.15480939893718595,0.04140072697422188,0.019437998355908304,103.69160351570419,-14080.665527822082,-290.11986985514983,524.4746852199914
12568.6329742967,0.14553602584158384,0.15483467434783418,0.04141056064924149,0.019439016748326834,103.8607554085709,-14230.649597196147,-2725.0593834063443,328.254138667754
12568.415431570531,0.14555576600058132,0.15485064833062734,0.04142701683688698,0.019443550257387438,104.02170358119001,-13915.152115906605,-5071.8409708967665,121.15115715355346
12567.924380004808,0.14559095112925366,0.1549020239342847,0.04144699215898036,0.01945263446572725,104.17675582975248,-13173.136195516203,-7263.8059342394545,-89.80967310321371
12566.819841337983,0.14566783596385138,0.15498416747510269,0.041470284031589866,0.01946788945666805,104.32796459051055,-12045.807762642113,-9243.639394585049,-298.2858317651021
12565.937497024363,0.1457073214124158,0.15507006631027773,0.04148682721995177,0.019482688111273003,104.4772174319404,-10576.106282925333,-10960.819194254871,-498.40427771814626
12565.499253130134,0.145730397802099,0.15510559236113533,0.04149824832683695,0.01949646615480431,104.62632205913455,-8808.983944798438,-12369.633658294817,-684.5872947686136
12565.624066827459,0.14581797387128942,0.15505248402312094,0.041498387138865694,0.019496679662221423,104.77708281507043,-6792.265669739917,-13427.58691535675,-851.3829528704828
12566.04501120582,0.14591420066190253,0.1549925970054192,0.04149453869104948,0.0194872828511186,104.93138139018222,-4578.219945098538,-14094.622107493073,-993.3531329049997
12566.808712350334,0.14602087336325453,0.1549255407291788,0.041493302997365956,0.01948202208745995,105.09125662100169,-2225.520779653306,-14332.910353572848,-1105.0462654470778
12567.510939825292,0.14614289513733092,0.15489273526864666,0.041493039813690374,0.019478029753917086,105.25898840855794,198.34146815669027,-14107.194600261093,-1180.9085432372763
12568.001652324489,0.1462798401187498,0.1549157587197759,0.04149540636414618,0.019455358558267105,105.43718656378225,2613.9573266437633,-13386.339745068964,-1215.2065642223843
12569.133386139987,0.14642538923152162,0.1549170269946358,0.04149929383896245,0.019442299667509287,105.62888456835874,4926.456735058484,-12146.617405396346,-1202.2403243994129
12570.312551006276,0.14657120485461497,0.15495608904588626,0.041507970017372386,0.01942598733052061,105.83756871669979,7021.720297642245,-10377.619426760035,-1136.70292617312
12571.946495996648,0.14674252889341338,0.155036850722923,0.041523900194903596,0.019407344209976005,106.06710107429875,8763.596780622334,-8092.0767765328,-1014.3164117040733
12574.112102660336,0.1469257104062971,0.1551573544622759,0.04154801358141303,0.01939002724098798,106.32137892748251,9995.039387279476,-5340.9260375436,-833.1694046233646
12576.426525281646,0.14708116551355865,0.1553512467909792,0.041578421388760695,0.01937872338798264,106.6034875733354,10548.218662812118,-2233.2783795140804,-595.7881194556517
12578.839970335148,0.14718024602385288,0.155618324874321,0.041610288865981865,0.019376768847043403,106.91414682179754,10271.050435595731,1044.0877587890966,-311.80689196674274
12581.219056246237,0.14719322264545392,0.15593457218691484,0.04163204048295565,0.019382521512129356,107.24965461430999,9074.387619398814,4222.323682108051,-0.20155060533865543
12582.12113849668,0.1470418340181267,0.15620997211332666,0.04164284248031558,0.019389848570704908,107.60051012057909,6988.094151740776,6982.5431056481875,311.2063847972647
12580.543893185419,0.14685638551430663,0.15622965440032602,0.041628194610874934,0.01936852551099587,107.95261238308414,4190.317960643735,9031.383441730883,590.8453437762133
12582.033226392185,0.14675946577469076,0.156378305750552,0.04163071798739259,0.019377760792578285,108.29145718516523,973.9674125158452,10185.945228115423,812.0621372041065
12583.537423168811,0.1466547999161153,0.15650025943492538,0.041629623345992885,0.019393641797734555,108.6066032917941,-2336.9018858341283,10412.286227154089,959.5850820019642
12585.143879065598,0.14654101435963568,0.15660669813025538,0.041622346375920535,0.019412313762827888,108.89341686375101,-5466.059015838258,9800.193326641676,1030.204754961838
12586.872067007755,0.1464243214930364,0.15670337324205497,0.04161231397184736,0.019425650141775042,109.15201902678439,-8221.603769945592,8506.501731597595,1029.5416807994259
12588.88272070115,0.14629550056851082,0.15680483557375405,0.0415953822622087,0.01943939020169005,109.38522589140258,-10493.077143506276,6705.2047310160015,967.8093556071709
12590.38853454189,0.14618672395455856,0.15686682995032064,0.04156650259764698,0.01945373339657293,109.59686930107051,-12231.248955841973,4558.796511391169,856.6777200129753
12591.606099256,0.14609667504452667,0.15691184216852358,0.0415547002595225,0.019456840453657264,109.79084346619425,-13426.907520860097,2207.2718850165916,707.4248231516057
12591.745246835339,0.14608719436204795,0.15691932920297083,0.04156159426733041,0.019456311143887007,109.97069912569499,-14094.744934991542,-233.01098204765097,530.2114499073289
12591.76322495008,0.14609182199067758,0.1569458369371132,0.041571074938564524,0.019457251269141305,110.13953419971241,-14262.853694912825,-2666.4041063767395,334.0450321315129
12591.295313197184,0.146134509225943,0.15696779951185855,0.04159998051854735,0.01946508024443434,110.30001909250193,-13966.439304951371,-5013.904707364691,126.82658134723364
12590.245414019622,0.14621929791292596,0.15703835020806134,0.04162336171498053,0.01947556995945859,110.45447191900303,-13244.414862274203,-7209.204964101945,-84.4359473599225
12589.258633144551,0.14628427626879825,0.15712034505527153,0.04164635998721729,0.01949044191346601,110.60495025911275,-12137.788880622777,-9195.470374569157,-293.3943232987014
12588.36798387482,0.14632514098415103,0.15720661281307288,0.04166188599108499,0.019504146170627082,110.75334100809363,-10689.135528844728,-10922.717721837444,-494.20291216724615
12587.793036994199,0.14638941343442674,0.15722627305402742,0.041666537550692224,0.019509664785793794,110.90144146689387,-8942.846985172206,-12345.705912276702,-681.3038787130403
12588.101139480605,0.14646689709298455,0.15715692808522086,0.04166281874883367,0.019503590965201555,111.0510433904498,-6946.006004064075,-13422.476694694857,-849.289557515923
12588.253305515364,0.14658306852494044,0.157116849693662,0.04165648148661393,0.019488558604242416,111.20400633093037,-4749.937214911292,-14113.489049116904,-992.797563749238
12589.104981946715,0.14667698174566998,0.15703983457835344,0.04165446025593361,0.01948039944229988,111.36234058597798,-2412.0356508125683,-14381.312366769409,-1106.4564636586047
12589.694484403684,0.14680040167927977,0.15701561577798417,0.04165344683036706,0.019467953995308398,111.52829047520987,1.8733972137951735,-14190.906720771505,-1184.7779329819184
12590.242166728574,0.14693817057765188,0.15703133544021192,0.04165464928108863,0.01945456703036229,111.70442626832832,2414.4790688127246,-13510.966482914415,-1222.117485642166
12591.582605211013,0.1471000283065373,0.1570209087574161,0.04166082878347422,0.0194323713661232,111.89373702484882,4733.510838872768,-12316.992170133226,-1212.8018282393432
12592.352160522725,0.1472322114118816,0.15709036150341144,0.04166904291038526,0.019416163139958583,112.09967656394161,6847.84413079231,-10596.829972496633,-1151.470642187376
12593.897129546142,0.14739822544212017,0.15716883354178693,0.04168197786092944,0.019400316502730507,112.32610516705476,8624.516949613175,-8359.940340042856,-1033.7394900845136
12595.560249976883,0.14755175846265645,0.15730463324937383,0.04170003319896273,0.01938663223961203,112.57699676661255,9909.114311170411,-5651.81035350852,-857.3832063491487
12598.447759792423,0.1477495951730104,0.1574784289919845,0.041725261243067406,0.01937640558575262,112.85566315428761,10534.373153856786,-2573.5490109942866,-624.321924719897
12601.342534371532,0.14788821715044786,0.15773292496579322,0.041755454299095524,0.019373573151912928,113.16326678858367,10344.428117976784,697.7837057727199,-343.27186115851276
12604.02597453136,0.14793082085678147,0.15804409044011758,0.041783318024711906,0.019379955019060424,113.49673222677416,9239.969966179138,3901.6342843884004,-32.16218216673836
12605.4005418308,0.14780927548351114,0.15833939788302928,0.04179709626301885,0.019388631221385202,113.84714914228795,7235.27614208726,6720.968562825632,281.8681206157863
12605.780844209743,0.14758179566765697,0.1585545080036164,0.04179610058699769,0.01938703695475023,114.20060851669527,4493.068531797912,8854.253942883592,567.1359052878531
12606.681571091358,0.14747173015493703,0.15867155175742384,0.04179839422132524,0.01939436061662227,114.54220231543265,1298.7213336733137,10103.307228832895,795.9182281851982
12608.641056609793,0.1473658616244445,0.15882600453263993,0.041797797233532615,0.019410145912985524,114.86073106100697,-2021.2345474596423,10419.359440493728,951.4982625366466
12610.327456041412,0.14720948073355541,0.15893965233073767,0.04179011885365389,0.019431584117850693,115.15088478515187,-5182.357359555173,9882.971244882074,1029.6108056847163
12612.046813297156,0.14709303652688177,0.15903694649826786,0.041777076447254986,0.019449859032298622,115.41238569065531,-7983.800098443132,8647.983427752899,1035.3411748638525
12613.872229552,0.14696944154114228,0.15912650886988394,0.04175834272170102,0.019465751376401642,115.64790113832892,-10308.289806810335,6889.231023841607,978.7605435631023
12615.262589854266,0.14687270077428377,0.15918664899809576,0.04173865403862981,0.01947599976314858,115.86126265345472,-12102.310830622871,4771.443739064693,871.5654496450031
12616.100549420806,0.14681341989546928,0.15922084240875223,0.041722969492863124,0.019480444615867554,116.05642681252347,-13354.27954598517,2436.948146294631,725.1856391791121
12616.266325023831,0.1468059287109015,0.15923666202374567,0.04172793801396512,0.01947997067855767,116.23701838958698,-14077.697656799382,3.9571699081440093,549.9628249342807
12615.988611460984,0.14683686943261187,0.15925872248412615,0.04174817876284106,0.019481656727750395,116.406201757103,-14300.081473770888,-2430.576108468386,354.98774725940433
12615.878690008838,0.14684802392621718,0.15929168747623015,0.041760254714956466,0.019484707146327874,116.56670141684907,-14056.334694308649,-4786.8730140585685,148.27994066020247
12614.668707588158,0.14694908186581151,0.15936234698130688,0.04178996012801685,0.019497448727253664,116.72087014827773,-13385.119961409539,-6998.230476347388,-63.094338180278214
12613.32417736838,0.14704493050667047,0.15946143108193106,0.041812665527639875,0.019511588497405183,116.87078373239652,-12327.122018412922,-9007.664211507992,-272.806242146311
12612.390013093727,0.14709185217514492,0.15954861038664395,0.04183743293475341,0.01953268651099614,117.01833747085853,-10924.438073414403,-10765.322992096137,-475.0324290498867
12612.320620425286,0.147132742900622,0.15952272836844106,0.04184266990872103,0.0195386702931525,117.16532728462111,-9220.701602334588,-12226.277013314118,-664.25622160393
12612.812487828836,0.1471944879612864,0.15943808408400653,0.04184328308332205,0.01953961011025304,117.3135296292864,-7261.98404109421,-13348.952051350787,-835.1163018995787
12613.418687733523,0.14727398647991422,0.15935900485994664,0.04183531185021955,0.019521788516230647,117.46477242313703,-5098.254616289767,-14094.216335338628,-982.3113683825901
12614.247289875371,0.14736457831012081,0.1592807134629722,0.04183094825804443,0.019505830592024643,117.62102032068552,-2785.078386667399,-14424.92305955582,-1100.5103092091895
12615.005438774644,0.1474941690839982,0.15923815722262946,0.04182866346864239,0.019484640775919812,117.78445756347945,-385.8743052740579,-14306.041603814263,-1184.2896492931652
12616.35317215459,0.14763158791083017,0.15917339179436624,0.041829178703487124,0.019476322149866533,117.95758752519725,2025.2208049787116,-13705.850998753547,-1228.1113451031795
12617.43435595252,0.14776911883125146,0.15916533445355827,0.04183486889837903,0.019453046834026554,118.14331366466081,4359.839138044986,-12598.590642627736,-1226.355477975824
12618.50235735699,0.14791389642417718,0.15920555201874986,0.041843888739245584,0.019433547894866142,118.34500781328455,6511.517109255082,-10969.31675644167,-1173.5795497179165
12620.022798117012,0.14808138218316877,0.15927813188517836,0.041859213729803495,0.01941314457131855,118.56648852096788,8352.432861941506,-8822.312408687769,-1065.1518712118243
12621.9941148849,0.1482586305966837,0.15939171846297215,0.04188173299813173,0.019394404556988175,118.81179171862341,9732.715806797549,-6194.441390155936,-898.3019192892515
12624.906824844715,0.14846512507654883,0.15955202817810604,0.041912514703308805,0.019380056308055706,119.08451085142632,10486.799219391942,-3173.893098209524,-673.9582454336983
12627.574881610893,0.14860020475040955,0.15979379309722916,0.041947012482979135,0.019374831802269614,119.386445167121,10453.876927811214,78.72956261949685,-399.3318222928078
12629.87155761018,0.1486331839230332,0.16009231752483188,0.04197613974651367,0.019379625026599064,119.71555216758308,9519.097774025124,3318.5450786030588,-90.54721762474873
12631.498542018035,0.14854091942779432,0.160394831236793,0.04198827877005692,0.01938616953147599,120.0640686467743,7670.5499200154145,6234.9200835611355,226.66676660538545
12631.793435257583,0.14831751412086822,0.16061621672218682,0.04199067301939548,0.01938870174628948,120.41870215357181,5042.467367859967,8515.749333653863,520.7442438436219
12631.473170631543,0.1481850761920478,0.1606654202578895,0.04198472927635484,0.019372565139388332,120.76414500741664,1902.8468654166961,9937.308780860674,762.3342692657569
12633.1768954511,0.14807731526390502,0.16080820073956903,0.041984976386802764,0.019383966845095642,121.0880545330692,-1421.421936768199,10422.596860636233,932.2842253824208
12635.161053455822,0.1479603679523882,0.160944881655937,0.041980769561805006,0.019397962953921134,121.3839210516877,-4632.834046917845,10032.662702798661,1024.283488713511
12637.14802634026,0.14784071641108426,0.16106268958662784,0.0419720061600337,0.019411528763381276,121.6506636260305,-7514.079414877477,8913.179430901866,1042.1561872763143
12638.868244859179,0.1477279839114164,0.16115023934304099,0.04195734359926297,0.01942506465612369,121.8905871807411,-9934.131277253395,7238.74630209252,995.5075644823181
12640.452821403122,0.14761863597656288,0.1612201704334875,0.04193146058851759,0.019439848647601513,122.10745101658736,-11830.145978166614,5177.555731358345,896.0715906784513
12641.357122040201,0.14755422389049114,0.16125631582490724,0.04191199531333318,0.019446126951637128,122.30527431732799,-13184.939023316196,2876.251820909753,755.5037264480206
12641.580541860194,0.14754430750182182,0.16127641967679943,0.0419080564120751,0.01944659338541367,122.4877874893799,-14008.910186504463,456.9580424234292,584.3989806143069
12641.242775726114,0.14758085369731946,0.16129543178013328,0.04192060856945291,0.019447232037403353,122.65825865561553,-14327.937815197769,-1980.3027290530765,392.08377906951887
12640.878812696885,0.14761625116402585,0.1613269348415322,0.04194294997383764,0.019452161889565743,122.81949774583377,-14176.052959737177,-4353.514917459657,186.71034907328234
12639.971871792375,0.1476939518325932,0.16137578285170406,0.04196657038728318,0.019461456689327222,122.97392468246379,-13591.364268978221,-6594.503302519618,-24.534382027565314
12639.060711535883,0.14775685900118526,0.1614523666477697,0.0419887608232039,0.01947436315015666,123.12366064424059,-12614.066809169874,-8645.406996210733,-235.22193504609848
12637.992205606928,0.14782336084562223,0.1615369726793124,0.04201884162448308,0.019498443219935293,123.27062067519726,-11285.688824618956,-10455.854440448606,-439.52217259486946
12637.766898091888,0.1478522637392851,0.16153959723949932,0.04202955980309426,0.019509953509816245,123.41660058042353,-9649.096973282405,-11980.747528598524,-631.9410774630085
12637.84916329111,0.147935087396105,0.16148238987928995,0.04202823130690477,0.01950801055335244,123.56335776969634,-7749.2179945020425,-13178.564389377398,-807.1327132971638
12638.430055315164,0.14802263818074882,0.1613978080269811,0.042019828848990665,0.019490830058760285,123.71268600690345,-5634.352044304898,-14010.289744351005,-959.8429571806571
12639.10193633963,0.14813283269518338,0.16132733826028126,0.04201682999044272,0.01948123742845774,123.86649622483878,-3357.8252920101486,-14438.879199995048,-1084.8496109957184
12640.005402569319,0.1482574182031364,0.16126400532831325,0.04201389629990508,0.019461366268761958,124.02689655700894,-980.076093801617,-14429.202485802607,-1176.8298140577479
12641.00153733724,0.1483850652832111,0.16122108737691446,0.04201426152836479,0.019441218467271756,124.19628994512715,1428.6445604253104,-13948.916967597675,-1230.2927862895551
12642.401914681288,0.1485322048640398,0.16117981970106576,0.04201801517118064,0.019422033790530892,124.37746501437367,3784.952843656816,-12970.561296776039,-1239.6737315930925
12644.039622836934,0.14870674791706684,0.16117479800380677,0.04202671970129398,0.019400332392736853,124.57367325865805,5988.51873763785,-11475.66566305586,-1199.4977420466346
12646.057776575737,0.14890026057495517,0.16120048185422534,0.042040212013951375,0.01938003173974372,124.78864445097504,7918.412254549688,-9462.061254372353,-1104.8599603760276
12648.652387581853,0.1491194601001701,0.16126653905463895,0.04206401632845572,0.019357466382262142,125.02643388128837,9431.306813196496,-6955.7031002802105,-952.3439406790984
12651.06587846715,0.1493014629747102,0.1614121314803836,0.04209064863407817,0.019342623266906916,125.29090804602416,10365.122273419982,-4028.0447580471123,-741.654756632392
12653.892094456089,0.1494632345845565,0.16163157958968255,0.042122424840628774,0.019335158213765555,125.58460145718608,10554.684332017083,-817.2677680568063,-478.03046289427886
12656.743894355375,0.1495526472995953,0.16192395097763895,0.042162296969631495,0.019338198431780803,125.90680986721874,9866.901451439528,2455.2938726013385,-174.95096644979628
12659.3466459705,0.14953419024553136,0.1622562851153968,0.04217387064695948,0.01934308747370804,126.25145516517206,8255.412364257621,5492.643179369291,144.2322206663022
12660.313026150376,0.1493522555368546,0.1625212015852011,0.04217516570441059,0.01934407962013775,126.60645076325565,5812.513853244075,7973.853219871636,448.6876969620972
12659.438439608943,0.14920139008578043,0.16255187840352867,0.04216724862001841,0.019327488886642798,126.95635498337427,2775.5684468040376,9642.37730890801,707.4176059377389
12660.886774714847,0.14909561359240542,0.16268502182267341,0.042168196949359554,0.019335925494347837,127.28741497917956,-534.3563934780653,10379.412042924376,897.9591727450614
12662.724801285629,0.14895858764127604,0.16282025000337008,0.042164727135657505,0.019352104297211813,127.5913637029397,-3804.167581719712,10213.512652728601,1010.7126695727977
12664.591721014083,0.14884068882439033,0.16293417862348467,0.0421553186137743,0.01936928084215562,127.86581330204027,-6792.759445745384,9274.436180447616,1047.3294593754645
12666.172603226527,0.14873848826690153,0.16301754053774112,0.042143039794353625,0.019382165190786695,128.11240411163448,-9347.647388999732,7734.070781810703,1016.4168254196879
12667.307352555701,0.14865957747571096,0.1630683622676293,0.04212834511638108,0.019391713355280463,128.33469767345835,-11390.660641098408,5764.695551564599,929.4821832828916
12667.968617082317,0.1486089948861097,0.1630915968245724,0.0421150472815751,0.01939679180841581,128.53676023859316,-12895.033704168276,3519.162579587753,798.3804133282616
12667.800922113092,0.14862902792271213,0.16309739628594885,0.042110424048500766,0.019397577979106417,128.72245844105677,-13865.666092618798,1125.59125182971,634.0819215999337
12667.295396763839,0.14867999145609898,0.16310975356689583,0.04212508874471367,0.019397632182564635,128.89520840241107,-14325.450691382533,-1311.0567383921111,446.2627017213982
12666.517588483826,0.14875523583765068,0.163146475869304,0.04214647974114772,0.019401342126202724,129.05794870066453,-14306.835191576944,-3705.0214967307325,243.36027255025476
12665.806822424473,0.1488177880258003,0.1631830132550422,0.04216697129734837,0.01940837399515821,129.2132001564401,-13846.998732315564,-5985.47728985691,32.78720991171997
12664.930199031105,0.14888202944210732,0.16325440171623998,0.04219712431133144,0.019424192954507685,129.3631553386108,-12985.438220296552,-8092.774499182445,-178.9063693926267
12664.036006457785,0.14893271243438863,0.16333754286605406,0.0422223473734519,0.019442630334931366,129.50976980980963,-11762.97917137653,-9975.400524676686,-385.7967483788071
12663.58034690317,0.14896373212995698,0.16336855395530803,0.042231476607413894,0.01945159862125219,129.6548528499369,-10221.57360335836,-11587.616680663954,-582.3313517486287
12663.61679300651,0.1490319173130127,0.1633179597780715,0.04223704162459494,0.019458925681759186,129.80015073039598,-8404.827729636447,-12887.597656102023,-763.2207154212597
12664.491902485262,0.1491010407002932,0.1632017564162869,0.042227322495694906,0.01944122994720796,129.94742276022464,-6359.134338889035,-13836.231701718083,-923.2705380106834
12665.393207273191,0.14917847024152772,0.1631053678529965,0.04221922602536192,0.019419275997595783,130.09851906159204,-4135.250686683457,-14396.428979798939,-1057.2883188416592
12666.182951487117,0.14929570245535162,0.16304262126279095,0.04221518941522612,0.019399303402014293,130.25545649145053,-1790.2121785262073,-14532.791726794216,-1160.055299929518
12667.347472659068,0.14942621553192742,0.162975991619973,0.04221415474425718,0.019372629186713952,130.42051474317273,610.2594062275014,-14212.137312094868,-1226.1967012190962
12668.544322785503,0.14957194077629682,0.162943137655782,0.04221778698826411,0.019345146243176053,130.59633272743227,2988.619834309071,-13405.117341460696,-1250.1954943440267
