Episode: 5245
Fuel: 144.50459144527554/150.0
fuel consumed: 5.495408554724463Distance: 0.1252800611432182
Total Reward: -0.9297579589379774
Number of Steps: 6
12000.0332025128,0.15779632958833584,0.13459877234822074,0.041052283126371505,0.01486646245296042,3.4169685658067297,-13616.02031030058,-3851.2864497814085,88.80519542036042
12118.412177525028,0.1464771763298492,0.14484677786878286,0.041046818418447935,0.014831027284625589,5.148314871186627,5249.499383855807,-11259.57965564961,-1082.1119880147746
12020.767114407918,0.14139545648045246,0.153302067399724,0.041068780430937105,0.014759096124118272,8.322109525131884,-4821.380147568464,9524.708800813725,926.4191175622062
11968.410899825127,0.15569064566451032,0.1504776938531596,0.041092843262015996,0.014736219757035878,10.291415125985028,-9422.728009918936,-11056.145030025922,-632.1508273736739
12056.444206686157,0.15095711640018392,0.14432110007541382,0.041116035486143246,0.01468237464743909,12.433851147338764,10103.566540622101,-1330.8785280408638,-406.90519822437415
12175.76691864686,0.15829355364066838,0.1442293120837806,0.04113251858597542,0.014613652633980938,15.4684561421766,-12809.127408187014,3104.2160044836724,630.9469553883368
