Episode: 4115
Fuel: 145.56548263388368/150.0
fuel consumed: 4.434517366116324Distance: 0.13878704315871832
Total Reward: -1.0882926643955328
Number of Steps: 5
12013.171869672198,0.16755980179343982,0.1264387747825479,0.04105179584326666,0.014867000451208128,3.3827947380942716,-13814.86577989923,-3404.2150201353593,131.52367217590066
12014.583693814631,0.16806417041866015,0.12624275739492483,0.04104668597329525,0.01482957141066156,5.1663171331108835,5228.7708061696485,-10705.656240838078,-1035.917440071713
11981.29194962781,0.1741758638147739,0.14016758178444402,0.04107279165823037,0.01475118145273936,8.462938382097065,-6398.598183148295,9156.585844909494,942.742371420275
12088.310514630268,0.17000660807818305,0.14706440546007415,0.04109281004956129,0.014733946165184269,10.310619321525845,-9336.14727514336,-11389.740679322555,-662.2183126874958
12177.541719604054,0.1654568323514167,0.14076365909840285,0.04111715495615657,0.014680584880808655,12.478512824052846,10023.647899714335,-868.3365173852324,-366.4115135369543
