Episode: 5334
Fuel: 145.73780618312173/150.0
fuel consumed: 4.262193816878266Distance: 0.14167859130951926
Total Reward: -0.9166066208042718
Number of Steps: 6
12000.0332025128,0.15779632958833584,0.13459877234822074,0.041052283126371505,0.01486646245296042,3.4169685658067297,-13616.02031030058,-3851.2864497814085,88.80519542036042
11915.975901398657,0.16658570278018928,0.13628673299901484,0.04104785718512836,0.014826976025390697,5.211406411148326,5649.538730856214,-10351.494978162458,-1019.2860268280352
11852.070898166627,0.15471617465595952,0.13134137775391044,0.041073077726863756,0.014750523662084859,8.464037727126982,-6375.249053091477,9101.773780647736,937.5378596984015
11957.367904654946,0.15048882493364904,0.1381376690342725,0.04109254667799673,0.01473194909294568,10.382543994894801,-8246.846023174325,-11679.056593347821,-718.228801563782
12047.072380098816,0.14644553173791774,0.13159988698121175,0.04112014062017643,0.014679233468427769,12.668577914292388,9935.314770208919,1027.8594434085082,-207.54982223128465
12168.482499350403,0.1537235205809996,0.13312373067303687,0.04113483349494404,0.014611379196015361,15.567593261038862,-13323.500928360876,1861.3655193701427,543.5190819782455
