Episode: 5188
Fuel: 145.9627385212509/150.0
fuel consumed: 4.0372614787490875Distance: 0.1614403370734295
Total Reward: -0.9095653024481786
Number of Steps: 6
12000.0332025128,0.15779632958833584,0.13459877234822074,0.041052283126371505,0.01486646245296042,3.4169685658067297,-13616.02031030058,-3851.2864497814085,88.80519542036042
12001.35802295169,0.15830641688283445,0.13441853468541365,0.04104769365633701,0.01482801879255746,5.2018347013285515,5633.303481116854,-10561.782785231664,-1036.1086707189233
11901.667751981311,0.15276950365533534,0.14258143054208458,0.04107259506857143,0.01475144605128801,8.454919883621706,-6226.963564392012,9065.439021439983,930.1672085194206
12008.858964838328,0.14860307505739828,0.1494239606451551,0.0410925228005808,0.014732638724263954,10.37476800447162,-8438.730120694732,-11755.974064672768,-718.885681949071
12102.194023030064,0.14792294658927116,0.14041289358670356,0.041119044705518415,0.014680326915621123,12.59573423309369,10060.231671730022,306.73595623207444,-270.66556705963905
12181.45777433161,0.155666656847103,0.12862917633166593,0.041133422973886995,0.014613167072483222,15.510498252063483,-13121.831734201432,2602.436579249662,598.7381855027583
