Episode: 4685
Fuel: 147.11238085037587/150.0
fuel consumed: 2.887619149624129Distance: 0.19299702852470796
Total Reward: -1.0396784903620189
Number of Steps: 6
12000.0332025128,0.15779632958833584,0.13459877234822074,0.041052283126371505,0.01486646245296042,3.4169685658067297,-13616.02031030058,-3851.2864497814085,88.80519542036042
12079.40135573135,0.15115452073997768,0.1284361118075355,0.0410478181347941,0.014828334923257094,5.207725394501784,5737.036681813199,-10604.799075920146,-1042.7353356998597
11978.690270982992,0.14563984766181878,0.13660709739011484,0.04107062750045756,0.014756109499499128,8.39321400375988,-5651.195922400729,9428.577911898106,943.0506311301517
11976.326769881478,0.14553403876871293,0.13597599065636476,0.0410920848475945,0.014735577974257674,10.347835343563856,-8644.132422235905,-11383.014550257987,-682.0508067543735
12066.17493289859,0.14120501948551178,0.12955403351043243,0.0411179917601144,0.014682607065731714,12.582997593019494,10160.317841541206,180.69951661257554,-284.04136561211493
12186.45419612014,0.14859329474284796,0.13046813512423616,0.04113256235354199,0.01461560636160449,15.504840151452907,-13012.856407580344,2657.2959282605593,600.1279006046537
