Episode: 4071
Fuel: 143.87053731507285/150.0
fuel consumed: 6.129462684927148Distance: 0.1668010918033168
Total Reward: -0.7640242094558072
Number of Steps: 5
11988.86086401684,0.14477883192043528,0.14547834494123937,0.04105287257715745,0.014865730803616705,3.4622057996410023,-13343.402992162797,-4432.454979026249,32.85148056249391
11904.289684324469,0.15348757522435444,0.14753316397722732,0.04104916340479886,0.014825184570438686,5.253165041607075,6127.002919770753,-10186.736853795388,-1019.9247225668066
12006.309596762429,0.1578461873512507,0.1418355478516088,0.04107379109102426,0.014750025931383498,8.495745550743557,-6720.7918844399255,8973.56659746591,937.2055286812612
12069.1425457662,0.14658990200558714,0.14346813313365767,0.041092190411325016,0.014732655051843874,10.390152171686251,-8249.777861245466,-11873.671872704497,-734.1471128429176
12174.750372516492,0.1531096714305223,0.1295625308988134,0.04111949712565126,0.014680815612438976,12.661096631609388,9984.661093613271,957.7787308481261,-214.80867563569475
