Episode: 9940
Fuel: -0.11906262868507156/7.82544500534568
fuel consumed: 7.944507634030751Distance: 0.12740931791768487
Total Reward: -5.819452415821549
Number of Steps: 5
11762.701395029017,0.15644270964521217,0.11366514952560122,0.03990949668305033,0.013507416070536826,3.419755407137637,-13303.437212486242,-3801.4657312234026,56.060474788601255
11786.785394350743,0.1535510407232043,0.12565634484517507,0.039906570517550886,0.013464710689150994,5.308310370843138,6457.831112103183,-9503.764827114881,-934.087893466332
11910.461608543801,0.16169251549919003,0.12258740719456689,0.03992942027533961,0.01339175102165417,8.550920962002241,-7390.5939885761445,8807.518124930093,902.9056563750926
12081.19501885747,0.16665581231562832,0.1372655706987681,0.039944735832260256,0.013377083509991197,10.370315005037678,-8530.700114780853,-11775.619524122081,-713.7828745357531
12178.313062843104,0.16600631536329277,0.12824342254676707,0.04153971621111902,0.015493690856643927,12.666671723734487,9829.978172453906,998.8478989827239,-222.05804718757912
