Episode: 7213
Fuel: -0.5095756039705748/9.522124384373448
fuel consumed: 10.031699988344023Distance: 0.13143130839585396
Total Reward: -6.978663780978568
Number of Steps: 7
11762.484483413162,0.1564245929770119,0.1136659129733785,0.04105277602893826,0.014865682371085891,3.4198651337715926,-13302.208014539237,-3804.0142245963348,83.32094670815479
11778.704238216442,0.15469988509496369,0.12160977779217094,0.04105065137036708,0.014821215859666685,5.325127365007978,6566.705000314925,-9321.732607441274,-961.8115776426679
11902.920193658907,0.16288692695402288,0.11869353676181466,0.03985746832598273,0.0164862965235565,8.56420568611853,-7552.513887042772,8763.189261562553,949.3492279949814
12072.503436397332,0.16766696504684642,0.1334253801834613,0.04127273720723943,0.014844632855065019,10.377189810066591,-8419.606623728589,-11789.028985674957,-724.552948665554
11999.946021767255,0.17641090897018194,0.13872225889935622,0.042868373934602806,0.016983856202333062,12.75273979190869,9336.363719493684,1768.0828947166408,-165.897964139496
12006.500394240853,0.17439460624047218,0.14305595005182828,0.04115144064803004,0.01658504581459807,15.678985741202087,-13718.749520205727,377.83570807025865,487.1080205363628
12187.77500073118,0.15778200943373683,0.14473173276862383,0.04114546699689149,0.016563786979189983,17.325879660714243,616.1560514567474,-13416.01129919205,-1126.6443123710599
