Episode: 5002
Fuel: -0.25408764024672337/7.278079378559241
fuel consumed: 7.532167018805964Distance: 0.10847381824546537
Total Reward: -4.096813073969653
Number of Steps: 5
11996.787407068721,0.15456167339134513,0.13731824217604371,0.03991722875192431,0.013517556962174024,3.4282087501462684,-13549.850810851973,-3995.646070654811,47.41573944635141
11989.038460283857,0.1562830849309828,0.13307531406928788,0.03991278997821407,0.013478975936470126,5.228066013230163,5877.686076398568,-10353.373667947964,-986.6654845716739
12115.093415566404,0.16423664757957165,0.12932824646140634,0.038851411536698646,0.015326071195171289,8.425674448134352,-6131.941242188524,9517.164414088407,929.0883066196499
12182.935235721334,0.17489572437309794,0.13567166123921126,0.04000317762816537,0.013548836759303656,10.253714577458641,-10021.079841508224,-10901.045176754507,-601.6782320189368
12174.475240437097,0.16295278876247518,0.1475013958913016,0.04186936605006822,0.01550782997358926,12.322509601230989,10008.30640455203,-2470.4931206970787,-518.3234865230951
