Episode: 6245
Fuel: -1.853011691306392/9.83004705418234
fuel consumed: 11.683058745488733Distance: 0.1554536028132077
Total Reward: -6.9285011554873535
Number of Steps: 6
11881.771257762299,0.1587582662208023,0.12275058256044594,0.03991323492522539,0.013512682787878743,3.412534477922354,-13493.999056934723,-3751.1139900345265,65.35812349636348
11969.53827920938,0.15100871732080298,0.12068278720778236,0.03741645519068282,0.012782705262146013,5.261502042555278,6150.8633908250395,-10037.275429826333,-909.7902361283959
12034.203760012058,0.14820686628808183,0.1104711123527054,0.03630437767714822,0.01457504274542614,8.386353055699127,-5771.324631709384,9786.556614495918,880.1713505788354
11906.43076335559,0.14812061515814373,0.0999502695635454,0.037390814727503184,0.01274313573412303,10.336929933162017,-8504.125223640029,-10955.663357049636,-603.485629058206
11894.998962985983,0.13870820488560062,0.10833091022828828,0.03898728845762861,0.014718769924902382,12.71822481775829,9875.142247917223,1518.3341332432574,-172.60819195308247
12179.963112169457,0.15180803748732538,0.1286642147136604,0.04262558681202826,0.015203403846352569,15.57807846117946,-13383.35153086109,1725.5727563244193,555.189173072959
