Episode: 6357
Fuel: 5.545687328668407/6.4265395882709
fuel consumed: 0.8808522596024932Distance: 0.12863175360098866
Total Reward: -4.819048735458466
Number of Steps: 5
12013.171869672198,0.16755980179343982,0.1264387747825479,0.04105179584326666,0.014867000451208128,3.3827947380942716,-13814.86577989923,-3404.2150201353593,131.52367217590066
12092.734288301928,0.16071620972065961,0.12049074799911501,0.04104681573380444,0.01482987397064897,5.172270569242143,5331.140818497802,-10751.849253521925,-1042.7648664480282
12052.387423964032,0.15244376884828595,0.11782682856786948,0.04008738935905999,0.01675060229994337,8.31253835550701,-4931.894659212754,9984.66459118954,967.5690516226944
12256.378585114695,0.14225310883200565,0.13136136919348626,0.04101420337500968,0.01489863492338343,10.249300150297557,-9933.399083498633,-10709.407034558768,-583.5986734895587
12172.330109577622,0.1486750357257453,0.138016467989604,0.04103419085220647,0.014845753784798516,12.327432056291832,10192.125845776029,-2463.7948781621185,-505.78235157564774
