Episode: 7122
Fuel: 2.534201375640862/5.838507318945058
fuel consumed: 3.304305943304196Distance: 0.06262519384744314
Total Reward: -4.210491858647722
Number of Steps: 5
11870.243678239016,0.14903005489653925,0.13088178536953712,0.039913645550315915,0.01351214434830574,3.4471821694268185,-13286.14297454804,-4192.475383415786,24.417968973936492
11889.419200558928,0.14700613350302744,0.1387801708944933,0.04237778544682385,0.014247756015951513,5.273969044892469,6305.603405604187,-10002.057818608058,-1029.4692989433868
12013.4004392879,0.15506447430790654,0.1354141581050227,0.041234865190677476,0.01603190578468669,8.490702043639915,-6712.280296887396,9058.436786305758,964.1553060800054
12079.194957623677,0.16524213277023728,0.14241106388223526,0.041255363759451665,0.016015134434375435,10.338588646097651,-8946.197423153222,-11557.610988297583,-668.3868108059871
12169.06085564588,0.16089448135788856,0.13599094721603192,0.04128224854852773,0.01596152869915868,12.550663058565512,10029.356646276634,-143.89843683023477,-332.70038816904434
