Episode: 4107
Fuel: 2.5928609766280033/5.362061439330262
fuel consumed: 2.7692004627022584Distance: 0.13514227422088285
Total Reward: -4.09516555855346
Number of Steps: 5
11870.243678239016,0.14903005489653925,0.13088178536953712,0.039913645550315915,0.01351214434830574,3.4471821694268185,-13286.14297454804,-4192.475383415786,24.417968973936492
11856.315237653213,0.152137269623291,0.12266513745124229,0.042379276949861856,0.014244820477256606,5.33835649117456,6736.459052181153,-9295.667666956406,-981.7691246850047
11981.6822364654,0.16041473818213886,0.11983238810402332,0.04115668247117773,0.01589908170736407,8.54715785352951,-7410.3925208471655,8899.410189313936,970.0656525444709
12172.634538161808,0.14751469819782737,0.13074026124311133,0.041174468366566394,0.015883655196085738,10.396636168762853,-8166.096178231635,-11916.974808752435,-723.3440973358195
12182.340557358795,0.15169813785214628,0.12887069556735295,0.04120299559426816,0.015831546260964495,12.669713041278424,9992.421977529297,1046.2141458344483,-230.62600224703257
