Episode: 6635
Fuel: 146.67168015721165/150.0
fuel consumed: 3.3283198427883463Distance: 0.16087667942853215
Total Reward: 0.002448499679424758
Number of Steps: 6
11996.561788237017,0.15454190601827955,0.13731870693568635,0.04105243691208411,0.014866281279361446,3.428316995734181,-13548.62356199546,-3998.191132777314,74.70673327021404
11997.856300191943,0.15505334297564152,0.13714364804897483,0.041048021230943386,0.014827540217910254,5.212886214112777,5760.4623087316895,-10517.561486852786,-1036.2509942777585
12123.284685863518,0.162958768391104,0.13325833080534238,0.04107107909101821,0.01475575889979383,8.409853430016772,-5937.685640920794,9541.565097037255,960.8248192281186
12210.57557549351,0.1554413049642192,0.13812858964600422,0.04109201678340207,0.014737430344890185,10.28715089868722,-9582.904522536524,-11147.636043891402,-634.9129015462289
12214.414086409492,0.1560999369550573,0.1384848405489918,0.04111406980015883,0.014684671810348863,12.4007247680956,10180.4015871683,-1684.9885877638992,-438.38074570245914
12176.918085867255,0.15354578294279803,0.13049932719222598,0.041129648069653926,0.014617677408941099,15.400422003735546,-12456.108449487157,3931.158046947671,688.8455183287057
