Episode: 6832
Fuel: 147.02602990282128/150.0
fuel consumed: 2.9739700971787215Distance: 0.19955792292645763
Total Reward: -0.0012616295979503457
Number of Steps: 6
11873.421027558934,0.1522536279088936,0.12817176573554295,0.041052758907287844,0.014865799439047481,3.4357662372812228,-13354.753159156964,-4048.9550705866045,64.74002663832677
11874.951557393315,0.15281511669406347,0.1280127597283549,0.04104994760281941,0.01482323369877109,5.295334207015221,6408.676422131052,-9700.804236141672,-988.3121910154762
11978.431888836529,0.1574306574076644,0.1224721570714038,0.04107389778956663,0.014750493886216394,8.501138982229632,-6901.361360658586,9111.501110930643,953.9035527067625
11976.591704657872,0.15738651556295172,0.12187934477021498,0.041091973926027044,0.014733535881547544,10.380234802139274,-8211.004488626724,-11571.5706131276,-710.3968490230571
12050.567664042848,0.14292364331921661,0.12269783406642303,0.0411195486428874,0.014680799844102704,12.68905225983552,9968.655467058645,1237.3562867524129,-191.30129312255377
12183.28193210552,0.14968827697523654,0.1285893456932561,0.041133908877263405,0.014613646826980018,15.56064338088539,-13292.261104138608,1951.0718673466852,550.055405426045
