Episode: 7274
Fuel: 147.64475374053973/150.0
fuel consumed: 2.355246259460273Distance: 0.14920880675213133
Total Reward: -7.895851884798827e-05
Number of Steps: 6
11870.022843427481,0.1490107413516365,0.13088187365230575,0.04105290755495465,0.014865614605357895,3.4472917672434518,-13284.936430297308,-4194.933766856764,50.6455808736289
11871.519360148566,0.14957300580657706,0.1307284930275623,0.041050300657741394,0.014822793503556676,5.306069870764012,6525.860913808506,-9650.524364009412,-987.658163950366
11974.787875803857,0.15424497855362082,0.12523399608348446,0.041074142391793966,0.014750081510027055,8.50935730230514,-6959.193203159001,9032.171406233558,949.0823927278201
12059.32843668668,0.14630288279852255,0.12929712923907796,0.04109179568127116,0.014733188606204229,10.398315551500826,-8056.300810516501,-11799.365841235078,-733.7224453538719
12063.57818245639,0.14695418042191596,0.12986913670425257,0.04111981789260573,0.014680859793004802,12.70319456831453,9875.529189191455,1367.3770830235287,-177.84897094884832
12185.600952979225,0.15420158162142777,0.13163105899220104,0.04113431410675375,0.01461325583203957,15.578065165473848,-13399.919905536859,1729.4978222838654,534.9356909965817
