Episode: 6313
Fuel: 145.60897109692837/150.0
fuel consumed: 4.3910289030716285Distance: 0.18046599108703876
Total Reward: 0.00034086722258584837
Number of Steps: 7
11996.561788237017,0.15454190601827955,0.13731870693568635,0.04105243691208411,0.014866281279361446,3.428316995734181,-13548.62356199546,-3998.191132777314,74.70673327021404
12075.854083673727,0.14796800618350905,0.1310866873469662,0.04104814399618876,0.01482785990687567,5.218764482129754,5864.6615017466565,-10559.467378398498,-1042.8001752359055
12097.745996847189,0.15100648854746349,0.13423834154949704,0.04107019083428423,0.014757720241338384,8.38108580397846,-5598.214219595127,9603.347694788017,955.8769197841386
12053.939763841487,0.14352146040686276,0.12932599649480178,0.04109171082441329,0.014737432339389938,10.32666598659757,-8898.735232381076,-11217.920182040574,-660.8975336079816
12057.83147329785,0.1441956393347732,0.12978335507234354,0.041117083575237495,0.014683946471284733,12.551736035389746,10153.00176641966,-135.9182857218612,-309.94021416523526
12192.54922213045,0.15164414535946905,0.13475622272073087,0.041132013810231426,0.014616547284490328,15.50006983867661,-12998.420560530083,2718.889853491751,604.803331788309
12174.899542720023,0.15104366480623982,0.13017398351549186,0.04112761068638743,0.014598557027013494,17.193101839736467,-1182.3461416801852,-13541.048399463403,-1081.3603956607963
