Episode: 6612
Fuel: 0.8848737909723923/4.252766662859315
fuel consumed: 3.367892871886923Distance: 0.13006328621955468
Total Reward: -1.1169610213688557
Number of Steps: 5
12000.0332025128,0.15779632958833584,0.13459877234822074,0.041052283126371505,0.01486646245296042,3.4169685658067297,-13616.02031030058,-3851.2864497814085,88.80519542036042
12088.440907564547,0.14998491437610903,0.13253849941373175,0.04104754810752011,0.014829018784690961,5.192605747571706,5617.000243818407,-10770.299197173423,-1052.7832957936812
12192.975776145866,0.15406659713798557,0.1264603247324593,0.0400391466424097,0.016746065498587474,8.313291179444278,-4950.757155238544,10003.85099507699,968.7273811351415
12263.882723452196,0.14311891129090004,0.13008677025521587,0.04096902815477998,0.014891397602264525,10.245308791036454,-9979.582819852558,-10673.703603938011,-578.461857473722
12179.73149451229,0.14956670115810022,0.1367216335483475,0.04098888979264138,0.014838544062164023,12.324435978805386,10185.636766784306,-2494.538369750317,-507.7416034590689
