Episode: 11145
Fuel: -0.684552529175221/7.493901189676301
fuel consumed: 8.178453718851522Distance: 0.14556162615708917
Total Reward: -1.1373415587473945
Number of Steps: 5
11993.543036382536,0.15128751550561684,0.14003861256298433,0.04105258639903172,0.014866099013040476,3.4396406704062135,-13480.70659831293,-4144.024727971428,60.680848600399536
12063.891751248724,0.14604418973129582,0.12966373753329363,0.04104875925177355,0.014826723880750662,5.2446472867923495,6103.5132620695895,-10346.911158411947,-1032.412514745352
12211.439327699027,0.15781658958860462,0.12814465202198497,0.04107020961452481,0.014758587121369923,8.385569338009578,-5744.409733554598,9753.010426104354,972.5273624026366
12258.43473030353,0.14294355263560846,0.1288351019486295,0.04109131664309722,0.014739637685054771,10.289337833644506,-9476.297025768432,-11072.421285464905,-631.8104433705323
12180.945711771008,0.15559589772753626,0.13028858379797947,0.04111456070201548,0.014686326589356702,12.454390733745914,10174.4903538569,-1128.6388873026629,-392.4067251300198
