Episode: 3050
Fuel: 145.90131289926444/6.1480306511033405
fuel consumed: -139.7532822481611Distance: 0.09760325183345282
Total Reward: -1.8422478274651652
Number of Steps: 5
12000.258979120767,0.1578159113735149,0.13459804452372212,0.03991709091938465,0.01351773391933342,3.4168606162897484,-13617.258251959825,-3848.6980786765025,60.999626903385064
12088.67366301884,0.1500044675825818,0.13253837462380466,0.03991206213350077,0.013481084737775815,5.192373019476499,5616.721904439907,-10774.93194956941,-1013.3368962994873
12193.2103359052,0.15413256900449937,0.12640207945675713,0.04095918746609386,0.011431421955163877,8.312632682624395,-4949.527404783553,10007.31324762929,934.6332387792085
12264.115467587271,0.143141966239242,0.13008496845637266,0.040074655447973576,0.013244741454139647,10.245023145589002,-9982.223941277718,-10671.219121053293,-591.9213579016493
12180.193205264924,0.14956114688431216,0.13671676665675955,0.041925568776497314,0.015153759809975749,12.323923653623206,10185.26025151191,-2499.109840319113,-519.2751800598053
