Episode: 11413
Fuel: 2.1382096827209693/8.033537260432997
fuel consumed: 5.8953275777120275Distance: 0.08104985919620757
Total Reward: -1.6898961914204205
Number of Steps: 5
11993.768515199577,0.15130746835851824,0.14003841087557903,0.039917362441271004,0.013517378853302599,3.4395321321851595,-13481.923167953584,-4141.522950935464,33.90339722643776
12064.120888815261,0.14606325387533275,0.12966381795720702,0.03991321829653686,0.01347887500014954,5.244412987406647,6103.311678731427,-10351.622959748554,-992.626383016618
12211.906738996591,0.15782236183107817,0.12815671200422302,0.03881436191596281,0.015319211384241926,8.385412413246176,-5742.874793723419,9757.516650348494,935.0443211333378
12259.134959163532,0.14296354957204563,0.12884076665502295,0.03988470840574957,0.013512994220421765,10.288954197370673,-9480.513014193311,-11070.623514237159,-627.990619233561
12181.855680716712,0.15558708092236623,0.13028871939976377,0.04164709353489762,0.015495402150983746,12.45345400239732,10174.906433444861,-1137.4339144849378,-410.8814889336965
