Episode: 2372
Fuel: 144.46548306260001/150.0
fuel consumed: 5.534516937399985Distance: 0.12026141781598791
Total Reward: -1.9628024437648828
Number of Steps: 6
11881.77089334682,0.1587404030427555,0.12277493588278962,0.04219170592309536,0.016219921307650438,3.412685661782544,-13492.360326172773,-3755.653853421251,121.02243579981022
11883.360805092912,0.15929893249391866,0.12260473634189158,0.0421888463216285,0.016176996198619873,5.2725357865430595,6160.780752295778,-9806.524848631472,-1028.8783450118372
12053.538776078482,0.17456213456900083,0.12374631033204937,0.04221631671893158,0.01610072327872654,8.515914333058387,-7122.402693616087,9119.0032102001,1001.3373057959085
12051.719200722791,0.1745109831946486,0.12318759480134256,0.04223593865071998,0.01608476879713787,10.331158568691695,-8926.952886347412,-11355.707034747658,-673.4375044392449
12142.488408461424,0.17021065471544394,0.11683858961374437,0.04226520708986558,0.016028795940548,12.662587811113688,9796.949094473597,955.7958097549829,-233.75039525771692
12185.35923721741,0.16738701379625387,0.13409042554137704,0.04228141838894977,0.015958774807882742,15.566406935330747,-13479.18769427909,1897.2331841393475,591.8668915254343
