Episode: 2515
Fuel: 146.80072731327948/150.0
fuel consumed: 3.1992726867205192Distance: 0.14038968785418138
Total Reward: -0.8199417808795209
Number of Steps: 5
12000.0332025128,0.15779632958833584,0.13459877234822074,0.041052283126371505,0.01486646245296042,3.4169685658067297,-13616.02031030058,-3851.2864497814085,88.80519542036042
12001.35802295169,0.15830641688283445,0.13441853468541365,0.04104769365633701,0.01482801879255746,5.2018347013285515,5633.303481116854,-10561.782785231664,-1036.1086707189233
12092.75881336348,0.1725321599539669,0.143523588214462,0.04107273496869155,0.014752012413919994,8.467688745931675,-6482.747493441704,9183.476259804633,947.4526261698787
12090.456977383914,0.1724475639305285,0.14295078337102732,0.04109257019428945,0.014735092565723884,10.305461276724857,-9382.892472561658,-11327.308300972636,-655.6703703371282
12179.915523622574,0.16788260383481826,0.13667454254233657,0.04111718120985093,0.014681465704169009,12.492069929392313,9998.55082419935,-730.0886429756057,-354.30049236881354
