Episode: 2433
Fuel: 147.24646344296787/150.0
fuel consumed: 2.7535365570321346Distance: 0.13052363201122774
Total Reward: -1.0006649251256416
Number of Steps: 6
12000.0332025128,0.15779632958833584,0.13459877234822074,0.041052283126371505,0.01486646245296042,3.4169685658067297,-13616.02031030058,-3851.2864497814085,88.80519542036042
12001.35802295169,0.15830641688283445,0.13441853468541365,0.04104769365633701,0.01482801879255746,5.2018347013285515,5633.303481116854,-10561.782785231664,-1036.1086707189233
12002.194971264655,0.15758579614695822,0.1355288067954916,0.041071551503222684,0.014754122102834975,8.422332422805512,-5990.4802020359175,9362.966694049524,947.6765938868195
12046.232410693123,0.14286111519617462,0.13565218776912846,0.041091991110395444,0.01473475086479192,10.357499728174036,-8567.739160875764,-11511.380871050198,-694.888340946826
12050.245148659236,0.14352260716207216,0.1361374504462792,0.04111823989373797,0.014681824340890277,12.58718667790354,10094.425638540988,221.70175369714877,-278.7084887171807
12170.630152870555,0.15086903546132743,0.13710037898870958,0.04113337192313229,0.014613880330355768,15.532906841351737,-13114.405741046308,2297.3994028202405,573.3968995273142
