Episode: 2032
Fuel: 148.57337259079588
Distance: 0.02284266101478965
Total Reward: -1.2297317794801392
Number of Steps: 6
11873.421027558934,0.1522536279088936,0.12817176573554295,0.041052758907287844,0.014865799439047481,3.4357662372812228,-13354.753159156964,-4048.9550705866045,64.74002663832677
11929.036430956332,0.14762390775501494,0.1267074869328733,0.041049783608090765,0.014823942074273642,5.288461867072066,6403.260804935,-9839.470826862293,-999.5634334453637
11929.50056420603,0.1468553243745842,0.12776256528571867,0.041073405438589804,0.014751115958987515,8.485933892527711,-6657.089380852922,9073.286100608824,943.5375927769984
11927.524510249705,0.14681021174245712,0.1271446742630914,0.04109186053839705,0.01473290120410186,10.409304178778735,-7822.8305459574685,-11731.897090662575,-735.0657198409019
11931.96069323368,0.14746248928330016,0.12779477205647624,0.04124082756804945,0.014859218458027118,12.794129733627045,9534.643171081296,2214.456396425485,-100.89654582058937
12175.123606610734,0.16240065769174186,0.132326074990998,0.041255721273211574,0.014790780416557748,15.63078253545646,-13674.653220259042,1037.8217538006124,491.09304849274804
