Episode: 3892
5495284.027558934,0.19902052342204993,5.000056414007087,20.185643069912167,19.906056275955397,156.76320544388986
5528941.569304714,0.19377155424781603,4.998118696033446,19.28943362030959,19.854289899719614,-94.97917086185055
5529177.42608233,0.1938319515045623,4.997868710284233,19.777171218667014,19.753245532361312,88.23896820975739
5527345.372806409,0.19342182998585586,4.999078531878907,19.67227212292981,19.72375978322896,-162.14143715143365
5531884.210609404,0.19436745791148033,5.00023516117195,19.791038137360765,19.644618390035895,-22.44154164483241
5527599.930901989,0.19349198326402914,4.999301498495316,20.117167613148922,19.550731347195583,140.09836323086577
5528201.705270199,0.19360925033431362,4.997396946401596,19.99504232744204,19.517336030811137,-117.37084722719243
5530425.564198498,0.1940859947855008,4.9968535199262645,20.44453441243375,19.422959884647906,60.640750652793905
5527219.936758645,0.19341516452454302,4.998745055837379,20.41127985026801,19.369609195604557,-178.58483373726435
5530811.198091211,0.1941411848016044,4.998677530749372,20.415209294640018,19.29046150049057,-55.36611439182729
5528095.502792157,0.1935921417170315,4.997919015890917,20.857503629382308,19.193823322258673,120.93658633318279
5527643.814356254,0.19351122836818996,4.9969829393510965,20.723126284713334,19.172416348706065,-136.9201171586949
5531812.86482363,0.1943343437953502,5.0852598521108225,19.116449805821706,21.04221757814851,28.41959886869943
5527414.133677382,0.19341786314697035,5.086227419829333,-340.7843601085588,20.957756188918204,165.02505483173573
5529510.673333423,0.1938687876752387,5.084522066412015,19.1484666443918,20.895367782753016,-83.78428404279609
5536787.103333157,0.1953691336841168,5.084119947708417,19.687513261780587,20.793947576723635,99.29308778194124
5535342.0979983825,0.19507255795279113,5.084819945709879,19.56683438655961,20.770635684190758,-154.8098021715006
5540063.300126012,0.19604191763048576,5.086230795394147,19.74884812596746,20.692798939946226,-7.23163624799128
5535504.133264383,0.1950856408708276,5.0855541863797695,20.010915246909878,20.597432190493095,147.8202687187804
5536391.835231112,0.19529645397803752,5.083521846429567,19.90166213805115,20.557414408027125,-108.52152135513423
5538178.591876771,0.19558794713354782,5.086731214426399,16.435790162927578,24.399057775392667,72.87910447469959
5535675.010621481,0.19503007893687077,5.088588548648748,16.371156206410763,24.354187157508846,-171.9163454950061
5542858.422309484,0.19652199484807137,5.088939489828978,15.18949140286562,24.272518786191633,-40.33296222204065
5539290.4974812735,0.19580254215488035,5.087935394482385,15.57745130624049,24.180760673886944,130.38384745540463
5539386.881637003,0.19581083149523323,5.086749494366863,15.447161430278427,24.157643704281842,-128.40438721637307
5542645.067482261,0.19649572319661188,5.086631259802183,15.841620278122491,24.07088207806115,43.70946336325373
5538747.537989864,0.19568260221529388,5.088067632826944,-344.1228828982817,23.997612422697156,172.35913114457244
5541520.646552252,0.19624725492982764,5.086795660803937,15.83506806563466,23.928958540985942,-72.27362443180479
5539927.215491034,0.19593738992613802,5.086399561045508,16.30921558996852,23.82942945502183,109.06284522346733
5539572.967664406,0.19572257087576236,5.086598460655996,16.195870015839713,23.808856445182926,-147.54761023187987
5544362.756734047,0.19668183841403697,5.087695861314007,16.443808940808808,23.731834888326492,7.762964133777624
5539476.151108891,0.19569875583135476,5.087424552351404,16.638945531836843,23.637962034866693,155.03557487918505
5540898.582904438,0.19599714685410538,5.085353781943503,16.542550519421013,23.59137137430165,-99.1660299721138
5541562.225397948,0.1961245763274744,5.084916294393915,17.029351617297994,23.489669539636935,84.05333836939164
5539362.802739618,0.1956766560013149,5.086554096770866,16.93575298394717,23.454909295405805,-165.23579840380268
5543898.727492768,0.1965902479826339,5.087587392817022,17.029717133261908,23.373274234862816,-29.171446631603025
5539837.076310307,0.19575530550836256,5.086553703892052,17.38107301313964,23.279870763419943,136.59604528822663
5540091.002755828,0.19583614763423252,5.084959026534757,17.25517969306582,23.252501039566457,-121.87878131989257
5542808.967330661,0.19639270678905485,5.084687160990443,17.679539523211236,23.16330673935249,54.21994398298031
5539365.724730795,0.19566251431569132,5.086504064197724,-342.32684642991103,23.100804362871997,177.7205270687419
5542470.927003518,0.19632040821772118,5.085767191080206,17.658366157524945,23.025441029483773,-62.755671913516586
5540309.67712816,0.1958744870513576,5.085116628182368,18.109918749318606,22.930018683291166,116.11039510362187
5539653.7267575525,0.19574263104490996,5.084775209263299,17.97852081991257,22.910202799698833,-141.71092809760472
5639807.768746689,0.18998051513861747,5.085550499637578,16.416651653645868,22.83335886704044,19.368317889098048
5789106.720219856,0.19893179293340774,5.085766022559041,17.46925107194633,22.746893918975946,157.1686372866322
5790368.527476812,0.1992106701048675,5.083771533193143,17.382678042691865,22.704291995356222,-101.00508471936762
5791339.799022814,0.19940204982175433,5.083329285867398,17.837382043202506,22.610129548844018,77.98752242915721
5788984.1321063675,0.19891134892972842,5.085114475092477,17.76924278530566,22.572580437308265,-172.21464696439057
5792618.331666302,0.19964743335618967,5.085202256766463,17.79868744289758,22.496364233700724,-49.466952808308136
5789752.883526411,0.19907197232648172,5.084272857626476,18.20101749569343,22.405692126504444,121.80976785625921
5789302.1408702545,0.19898355163429818,5.08370256529747,18.07996057764363,22.38833389356849,-140.47190361469947
5793608.473143522,0.19984408195606948,5.084623985324026,18.351208301908983,22.314775186707173,16.06945504373414
5789116.202235032,0.19892990297491672,5.08487297572197,18.506820419225974,22.227439455027472,156.03645435077954
5790353.221733451,0.19919513232582367,5.082880850273551,18.418103076453427,22.185137922350677,-102.56114264003898
5804270.597701481,0.1992863560559542,5.082540326365475,18.560493315669575,22.093259022460476,76.2290963361675
5801908.041636106,0.1987796758742887,5.0843054776608785,18.496278412322564,22.055387711466032,-173.39182245795513
5805489.523364784,0.199501017542128,5.084339934195505,18.517458196609898,21.98003007370703,-52.05439868684821
5802680.7446616255,0.1989583563119475,5.083457515508908,18.92337575489237,21.89127547937222,119.95743584983907
