Episode: 1930
Fuel: 147.5446423778435
Distance: 0.018810673542209923
Total Reward: -2.175080064239139
Number of Steps: 6
11868.257147082833,0.14713229439605852,0.13245170887694357,0.041052991597490485,0.014865506938091171,3.4539558871740526,-13244.25943633101,-4278.987184367081,42.51586055076422
11869.733723866402,0.14769487873591158,0.1323015477351121,0.0410505017392702,0.014822547340514605,5.312102984013219,6592.132826836678,-9622.484207798516,-987.3207106562398
11870.12296696414,0.14687249792525628,0.133346927397813,0.041075383385771255,0.014747364637340641,8.545641513321883,-7194.317738332355,8665.877944876815,925.8664437120891
11868.185130865282,0.1468635083460495,0.13272991905984333,0.04109201203839914,0.014729905627704949,10.460974115074551,-7175.6581129371425,-12067.151584191652,-781.8233254698355
11876.823942300518,0.14974079111671043,0.13214414695837362,0.04112239209970963,0.014677125228701272,12.919641896402359,9019.545113714932,3325.460549959064,8.75649299888655
12178.532677733878,0.16748001074370436,0.13980283417317593,0.04134079282824044,0.014682360914755796,15.71273650548951,-13937.347801028696,-83.22204149505473,403.161348450615
