Episode: 1973
Fuel: 146.7512277521039
Distance: 0.022333824609661386
Total Reward: -0.9739453894752874
Number of Steps: 6
12135.654447533778,0.16360471629722295,0.14133353806088506,0.041051786121317276,0.014867142321989645,3.397928102192834,-13883.797423423433,-3644.0809941946704,113.8497469794181
12136.772327625245,0.16406418005732942,0.14113740086367454,0.0410458074923128,0.014832882248797185,5.108223365016924,4764.622391003259,-11395.586152913442,-1078.8832641577965
12110.544986924793,0.15849112270756158,0.14021251871073281,0.04106788843170195,0.014761991148878368,8.283503841221291,-4524.474959087096,9869.47955007596,946.019571454696
12169.400375217796,0.16886367030258675,0.14445942068966094,0.041092672834292916,0.014739540207610995,10.196240896169556,-10664.56694731637,-10341.666150142348,-536.5744173933974
12173.120210096922,0.16952426423162165,0.1447095057316872,0.04111027498920258,0.014685945478363755,12.23035851577357,9810.160015853733,-3405.7775310659144,-569.2526948704004
12170.304443566934,0.16836429026399752,0.1453199524246084,0.041021378514199396,0.014654043111512116,15.356814707223808,-12168.408357000226,4431.93318405753,721.6100297540211
