Episode: 3605
Fuel: 148.61837088220284
Distance: 0.023596511211036137
Total Reward: -1.432586973578329
Number of Steps: 6
11873.421027558934,0.1522536279088936,0.12817176573554295,0.041052758907287844,0.014865799439047481,3.4357662372812228,-13354.753159156964,-4048.9550705866045,64.74002663832677
11923.61526133945,0.14814207967902082,0.12683781057075372,0.04104979950633257,0.014823872288306976,5.289139672690284,6403.806686426733,-9825.685334909245,-998.4451224245229
11924.06344290146,0.14737003964951745,0.12789367274736876,0.04107356012362173,0.014750803164894955,8.490642336453307,-6702.944856751901,9045.886396088641,942.6365256485072
11922.095902309982,0.14732757114037026,0.12727645248911365,0.0410918811484663,0.01473268106171103,10.412157577538302,-7786.586838667931,-11749.962990415173,-737.627182862532
11926.561857465347,0.1479799182784784,0.1279334701094814,0.041121309173380055,0.014679406636675494,12.803809567678883,9495.396022241786,2301.927633291055,-89.62787376219238
12177.740117268495,0.16337430979267953,0.13274149983726627,0.04113601153572197,0.014611095757113566,15.636291049300727,-13705.379059431405,964.7071097801054,480.7858294338903
