Episode: 3241
Fuel: 148.64656921476478
Distance: 0.019414709875215187
Total Reward: -1.396223659340654
Number of Steps: 6
11873.421027558934,0.1522536279088936,0.12817176573554295,0.041052758907287844,0.014865799439047481,3.4357662372812228,-13354.753159156964,-4048.9550705866045,64.74002663832677
11874.951557393315,0.15281511669406347,0.1280127597283549,0.04104994760281941,0.01482323369877109,5.295334207015221,6408.676422131052,-9700.804236141672,-988.3121910154762
11875.253386332968,0.1520121137435559,0.12907560269517604,0.041074980241315694,0.014748009230239634,8.532717610365602,-7109.285150381256,8792.906247437719,933.8110973607934
11873.36505533173,0.1519931478349577,0.12846479992781631,0.041092071610606795,0.014730665863418898,10.43778340622043,-7457.725530964062,-11904.67039262411,-760.1090371874116
11878.105093508419,0.1526285929679566,0.12919968451012756,0.04112233698138414,0.014677265713107181,12.892986720403394,9106.182910865295,3085.3302607521,-13.581644046476411
12175.77730510642,0.16831289974540628,0.14038549794499292,0.04113785008729911,0.01460798261436735,15.702063886233857,-13916.409714126623,65.15596514560738,412.72863848431285
