Episode: 2861
Fuel: 144.27911317716007/150.0
fuel consumed: 5.72088682283993Distance: 0.1119881511374145
Total Reward: -0.7677230711040497
Number of Steps: 6
12008.562988464375,0.1643057167834879,0.12918265805826742,0.04218716701005372,0.016215830118010803,3.3942487994767814,-13748.72091232247,-3556.3274712271404,146.12958375837596
12019.045734347965,0.16374103351241387,0.13309864145515554,0.04218225867704408,0.016178001008526583,5.163144696315392,5240.213129471024,-10817.672396975993,-1084.3933807699061
11877.57037702988,0.15091238935585582,0.13777183235979312,0.04220897588440133,0.016100294736188372,8.3985188699237,-5655.330828366475,9323.00420701035,971.1157755380149
12006.773174867823,0.15074010654443473,0.14700838108658784,0.042232411729628445,0.01607937802845741,10.336503671223046,-8889.063094222882,-11432.525445048708,-681.1760771208319
12092.865985611928,0.14293710293307613,0.1432171108084819,0.04225827264701478,0.01602491353100188,12.494636983122673,10210.04103063662,-717.6847675142302,-388.68018888534556
12180.263893583051,0.14972465703324653,0.13501009991419186,0.04227541794410725,0.015955773288052803,15.468844820446868,-12795.339200268516,3093.514186725646,671.2488274537106
