Episode: 3671
Fuel: 145.9235416585634/150.0
fuel consumed: 4.076458341436592Distance: 0.15316755276406052
Total Reward: -0.8191316338677928
Number of Steps: 6
11996.561788237017,0.15454190601827955,0.13731870693568635,0.04105243691208411,0.014866281279361446,3.428316995734181,-13548.62356199546,-3998.191132777314,74.70673327021404
11988.809092201342,0.15626347421350784,0.13307629356743267,0.041048315353979584,0.01482683670867089,5.228302255900208,5877.926177750494,-10348.716670656526,-1025.8509141412806
12050.165618940107,0.15313572676529325,0.1229964870083038,0.0410706711300949,0.014756746906169581,8.390889284303801,-5753.593841069416,9650.40697256066,964.3426883699562
12158.93720089341,0.14934679567157289,0.1301515783784948,0.04109192149954673,0.014737575730584351,10.297062041348228,-9349.710508124592,-11096.554267650707,-637.5884195445501
12166.401661678012,0.15329947938794428,0.1278086225555215,0.04111571071553822,0.014684242708224868,12.481259421821509,10187.807865749568,-854.4403225464231,-370.167916653699
12178.586375056537,0.15250444165900434,0.13245973425206517,0.04113089711715418,0.014617008461129134,15.454819595842066,-12761.87972072739,3277.3625216205005,643.9096394429589
