Episode: 2529
Fuel: 145.1420509522825/150.0
fuel consumed: 4.857949047717511Distance: 0.13256378974631605
Total Reward: -0.9038101132323261
Number of Steps: 6
12000.0332025128,0.15779632958833584,0.13459877234822074,0.041052283126371505,0.01486646245296042,3.4169685658067297,-13616.02031030058,-3851.2864497814085,88.80519542036042
12107.944039814458,0.1476462421196521,0.14074384027782055,0.04104704856458849,0.01483036531071536,5.1629010060352165,5373.19543626603,-11097.695167037213,-1072.4710100702412
12169.939814732532,0.1438581094879507,0.13078995144078753,0.04106710110175658,0.014764886274723938,8.251063851085647,-4238.1284360065565,10100.623314585675,956.5794202417728
12167.384827174375,0.14366368759342119,0.13017182068890232,0.04109184684894673,0.014741128079662156,10.227139179313257,-10098.816193338711,-10415.861381406337,-559.3440962144493
12082.341342985104,0.1440855536506511,0.1425644141122064,0.04111076074068119,0.014687678148776613,12.289961773930655,10127.706737758846,-2853.233082002487,-533.1181876995759
12180.256346423861,0.15018913822928054,0.13731317142916688,0.04112777859832243,0.01462007036251851,15.34641616936728,-12015.752992593343,4518.212584067814,724.3705021678909
