Episode: 4561
Fuel: 147.64475374053973/150.0
fuel consumed: 2.355246259460273Distance: 0.17331673496468925
Total Reward: -0.9429677095703228
Number of Steps: 6
12000.0332025128,0.15779632958833584,0.13459877234822074,0.041052283126371505,0.01486646245296042,3.4169685658067297,-13616.02031030058,-3851.2864497814085,88.80519542036042
12079.40135573135,0.15115452073997768,0.1284361118075355,0.0410478181347941,0.014828334923257094,5.207725394501784,5737.036681813199,-10604.799075920146,-1042.7353356998597
12080.315423992672,0.1504839690485665,0.1295248108039322,0.04106971387164069,0.01475871711693124,8.361332799277973,-5406.509689402541,9712.001465470803,959.1512798682628
12057.463182900914,0.14663093714105546,0.12683494567977768,0.04109180503467231,0.01473806000117126,10.304905669131848,-9149.272270402584,-11032.816573035683,-638.2479869213719
12061.355838361254,0.1473140898495908,0.1272753643080417,0.04111663940775702,0.014684115724526122,12.526455793572646,10147.317599685652,-391.83372017635065,-330.86123152179357
12181.507170367704,0.1547213408225928,0.12778661885073828,0.04113120627775819,0.014617236616628492,15.46751193703329,-12891.33723140261,3137.0076306982137,636.1413982366511
