Episode: 3534
Fuel: 146.58044557804578/150.0
fuel consumed: 3.419554421954217Distance: 0.1733104461241367
Total Reward: -1.3182294742587837
Number of Steps: 7
11873.421027558934,0.1522536279088936,0.12817176573554295,0.041052758907287844,0.014865799439047481,3.4357662372812228,-13354.753159156964,-4048.9550705866045,64.74002663832677
11961.076056075772,0.14457124147145575,0.12593956407235732,0.04104969199943039,0.014824349131173663,5.284504814960618,6400.022434747083,-9920.436061098382,-1006.13053988539
12065.252386471979,0.14916970166496826,0.12027514783073938,0.0410715470744737,0.01475544183582287,8.426904813980073,-6161.262952105391,9533.264804298156,966.7574640900677
12153.046636869141,0.14151394245232918,0.12497148379703855,0.04109147970569624,0.01473703901242261,10.337877241323234,-8804.92834978704,-11358.495868841435,-675.2444664215892
12069.913059662085,0.14726318717094142,0.1323249081243258,0.04111727713213492,0.014683740832075128,12.566839356974478,10103.35237260447,16.903851543734753,-295.883961500498
12190.705181452275,0.15463997935587534,0.13313782147567949,0.04113202444507094,0.014616344202782187,15.50554037127983,-13066.450024412386,2658.72715532309,601.8319020477146
12173.28531848307,0.15406380584712612,0.12855532645369155,0.04112749781301541,0.014598303417282845,17.194460619366502,-1161.0348696524993,-13509.31716249267,-1079.3662866043428
