Episode: 4092
Fuel: 147.8653980720295/150.0
fuel consumed: 2.1346019279704933Distance: 0.19577950834695126
Total Reward: -0.8840620316897732
Number of Steps: 7
12000.0332025128,0.15779632958833584,0.13459877234822074,0.041052283126371505,0.01486646245296042,3.4169685658067297,-13616.02031030058,-3851.2864497814085,88.80519542036042
12001.35802295169,0.15830641688283445,0.13441853468541365,0.04104769365633701,0.01482801879255746,5.2018347013285515,5633.303481116854,-10561.782785231664,-1036.1086707189233
12104.898108704712,0.16241824767780716,0.1284420617462461,0.04107059521621607,0.014756718778055794,8.390471888134135,-5749.744128888272,9653.140373374683,964.4520074418086
12080.865754077377,0.1586402622772905,0.12566945459186987,0.04109207211715309,0.014737523608518696,10.287193903364306,-9415.706530426518,-10954.08834605929,-623.9130061005236
12085.02917847179,0.15933512572824893,0.1261130255850351,0.04111695022536291,0.014682978997944554,12.518325039670724,10031.261088170148,-468.8409918833659,-333.76844243959033
12081.411841664485,0.1581616928538057,0.12647932106420978,0.04113214712313413,0.014614897412721334,15.484591626267997,-12921.013946712847,2911.785089888924,618.3928478967201
12176.047843944125,0.15027864223257642,0.12872683531386003,0.04112805996868307,0.014597189224661055,17.182320307852073,-1329.6005172045388,-13537.388569518036,-1076.7670024455879
