Episode: 3791
Fuel: 146.04894756382168/150.0
fuel consumed: 3.9510524361783155Distance: 0.1439994683813434
Total Reward: -0.7519445283913467
Number of Steps: 6
11996.561788237017,0.15454190601827955,0.13731870693568635,0.04105243691208411,0.014866281279361446,3.428316995734181,-13548.62356199546,-3998.191132777314,74.70673327021404
12085.038325148691,0.14675196657691558,0.13517552439003558,0.04104786852997251,0.01482853857324515,5.203677776927739,5746.54807636834,-10726.272871945652,-1053.0128896673768
12189.14671357237,0.15091222630737502,0.12912590295265192,0.041068635441688636,0.014761575478425744,8.320486407394482,-5013.179167277552,9943.785117244399,966.6011446848354
12301.864561810395,0.147595401490836,0.13655802849856744,0.041091656221239,0.014740824717629357,10.235703507863185,-10181.009798572291,-10681.770554412822,-578.8134371151784
12218.007806725562,0.154101830116864,0.14309486325483015,0.041110101539676425,0.014688363408542583,12.271354150832027,10095.752761986427,-3047.8494305986665,-548.2197609392712
12176.835250991153,0.15049051215290135,0.13546121311932718,0.041127154855184124,0.014620893094130063,15.329094781601563,-11908.002853495687,4714.555920308041,737.4087371805826
