Episode: 3523
Fuel: 144.73688653657553/150.0
fuel consumed: 5.2631134634244745Distance: 0.13880372271963226
Total Reward: -1.1538294636408848
Number of Steps: 7
12000.0332025128,0.15779632958833584,0.13459877234822074,0.041052283126371505,0.01486646245296042,3.4169685658067297,-13616.02031030058,-3851.2864497814085,88.80519542036042
12088.440907564547,0.14998491437610903,0.13253849941373175,0.04104754810752011,0.014829018784690961,5.192605747571706,5617.000243818407,-10770.299197173423,-1052.7832957936812
12214.215501998282,0.1578715991812473,0.12842992280855936,0.04106872966716986,0.014761387233428134,8.325436279809535,-5085.547231313359,9963.872553981824,970.3947955055602
12143.0581423006,0.1684720290080644,0.12373706757479529,0.041092057761187455,0.01474088154292361,10.210737674771975,-10351.754576854006,-10332.946135038017,-545.0548561242282
12062.207385808295,0.17507975191291442,0.13023933224132503,0.04111422556270001,0.014684834284202378,12.386256439805855,9830.726620938858,-1773.3164690507147,-435.37207883711335
12041.660152572771,0.17314004039012904,0.12656631052930276,0.04113082272427845,0.014615679910066345,15.42906203443615,-12707.798827042505,3614.3141071502337,670.0623775027456
12173.207168766041,0.167767301089253,0.13750204013340828,0.04112836454065154,0.014601031981296307,17.07762415043019,-2801.547469336663,-13622.98814321956,-1040.7538342382793
