Episode: 3400
Fuel: 146.01468354647488/150.0
fuel consumed: 3.9853164535251153Distance: 0.11449146845824577
Total Reward: -0.728129631459985
Number of Steps: 6
12000.0332025128,0.15779632958833584,0.13459877234822074,0.041052283126371505,0.01486646245296042,3.4169685658067297,-13616.02031030058,-3851.2864497814085,88.80519542036042
11925.209532588133,0.1654276176417059,0.14034614909152457,0.041047564037052335,0.01482770433718715,5.19580470363993,5529.443756018996,-10519.893565121047,-1029.5710129917159
11925.958589175028,0.164656946280479,0.14147766934890965,0.041073535396337985,0.014749554851107224,8.482222161297141,-6548.942188002512,8995.926872701144,933.9558036085886
12009.365608051165,0.15691626185768684,0.14575669083470982,0.04109270328222044,0.014731892034325945,10.368935711030808,-8517.190626425187,-11720.569279779258,-713.671085323061
12094.396045506986,0.1493143678313364,0.14172859606824467,0.041119114572537516,0.014679378530443765,12.58538384804585,10047.904964811576,202.6106400263473,-278.8632480462059
12186.647464243744,0.15683091996788237,0.13415545511550198,0.04113387796851724,0.014611707805961091,15.52115618695856,-13156.779710095152,2464.1985168731603,588.3311876044115
