Episode: 1581
Fuel: 144.76759775122468
Distance: 0.15475373746469706
Total Reward: -4.841559196707625
Number of Steps: 6
11996.561788237017,0.15454190601827955,0.13731870693568635,0.04105243691208411,0.014866281279361446,3.428316995734181,-13548.62356199546,-3998.191132777314,74.70673327021404
12017.354837466015,0.15263363686967601,0.1452789689724739,0.0410474759501016,0.01482892641793773,5.1826085687472885,5521.620677454402,-10851.609953451534,-1056.634479899949
12098.209113039567,0.15282884080294754,0.13728157486369066,0.041069589745920274,0.01475835378970536,8.351542449321215,-5264.765283969527,9679.974616546902,952.317417632938
12209.724651395785,0.14932280650721166,0.14457253014255125,0.0410921665871243,0.014737891730578405,10.272033497307229,-9764.757198110763,-11018.451106147993,-618.8996694675034
12217.956855972805,0.15639529330976976,0.1392379261081134,0.041113303033330995,0.0146851136485193,12.36592842773942,10164.542930658365,-2047.2986948728471,-467.76890659874806
12179.42165998624,0.15355348987834125,0.13133491684006773,0.04112920482713617,0.014618072596903913,15.380569631670292,-12323.785390383604,4159.892480544359,703.8271202787322
