Episode: 2424
Fuel: 141.3581877619531/150.0
fuel consumed: 8.641812238046896Distance: 0.19153097565070623
Total Reward: -1.7416286477219975
Number of Steps: 6
12120.586269022264,0.15356066147725947,0.14923713946691797,0.04105226970269772,0.014866577122647955,3.4321782727736903,-13675.93762853779,-4093.0153674698213,70.70841316127833
12056.875286437607,0.15987706334823162,0.15910537091335794,0.04104639791473992,0.014831647828675663,5.123721852152057,4967.604242587385,-11380.290380691004,-1083.6595059530919
11865.288615188341,0.1505525598391769,0.17494766284815183,0.041072296251244415,0.01474990297412565,8.436028587344852,-5794.042273234183,8787.53401836514,894.4750453598168
11643.76575256336,0.15819704647141095,0.15934850048937918,0.04109370914690611,0.01472821298139452,10.418817382410776,-7739.289299828339,-11849.031457867311,-747.2935549937889
11905.100812923543,0.152819313502538,0.13390658218016974,0.04112359203706578,0.01467477717811999,12.820711512333942,9347.644993717453,2433.4576520541773,-74.3459158080883
12175.737597448075,0.16574614503030957,0.1471629685170764,0.04113913051057986,0.014604961175785247,15.687474719333158,-13818.06580180973,265.7416310193668,426.3018057989578
