Episode: 10193
Fuel: -1.2333617630326899/11.968529763096187
fuel consumed: 13.201891526128877Distance: 0.13415401926519896
Total Reward: -1.9458327117788616
Number of Steps: 7
12013.171869672198,0.16755980179343982,0.1264387747825479,0.04105179584326666,0.014867000451208128,3.3827947380942716,-13814.86577989923,-3404.2150201353593,131.52367217590066
12042.926562098732,0.1649935967447807,0.13859837376052703,0.04104596461556941,0.014831695641871534,5.120843261701102,4845.2003664488275,-11187.935163032562,-1064.191274727834
12080.68545886339,0.1568974266668421,0.12722146142196547,0.04106789469220817,0.014762065214572517,8.277839998004415,-4518.556373809508,10006.35193798446,957.1088678046027
12192.507919778944,0.15389146616233057,0.13477511308358084,0.04026224362049263,0.016583158638852104,10.216403228334569,-10321.491672802373,-10422.439202906387,-497.879709545464
12280.763788968974,0.14242834188356557,0.13489018864471852,0.04027968960400647,0.016532281921940728,12.22747843618666,10211.513059547207,-3577.8621125016184,-627.0583343906694
12223.894163453171,0.137116386887429,0.12327512066627995,0.042162881886367416,0.015808185696413832,15.22815018623856,-11186.53539555488,5792.536737539847,843.8487361341391
12180.109292002706,0.15046579285358344,0.1295313597844296,0.0421668673595485,0.015794978925917996,16.95677537028028,-4478.985551299518,-13338.292179420941,-985.3749027769638
