Episode: 10554
Fuel: 0.11596772018066304/11.491786243509935
fuel consumed: 11.375818523329272Distance: 0.15560629480105695
Total Reward: -1.4984525968408728
Number of Steps: 6
11886.282448535323,0.1619825048025968,0.12004125844671543,0.04105228570067603,0.014866347049806944,3.4010497771863815,-13560.904082486282,-3604.4466495137,107.4655268671832
11913.115601832435,0.15925335797914061,0.13211626489684783,0.04104788064977741,0.014826886797270858,5.2127684868700825,5680.623759594673,-10374.699149527758,-1022.1176497819686
11953.038814574838,0.1522413033389228,0.12009695333959967,0.04107101143094152,0.014755163562297658,8.396216249416202,-5781.425340546911,9580.278097677,959.3823603658501
12124.40868489171,0.1593748186138348,0.1338111663374203,0.04109245001846863,0.014736202664013579,10.28422730285722,-9539.52754192389,-11031.893856840525,-626.6965954660293
12119.425789096218,0.15034571332979052,0.1425192144525765,0.041114612081730506,0.0146829173805468,12.40060292009475,10164.836527639189,-1683.683277679295,-437.7812903769069
12186.945269562979,0.15561850429831514,0.12952238813709166,0.04113004807764946,0.014616070045092654,15.396591962644672,-12468.603621999711,3987.6243012993477,693.8282844807734
