Episode: 9083
Fuel: -0.8186609309048549/8.973672089586309
fuel consumed: 9.792333020491164Distance: 0.18306903618666995
Total Reward: -1.3806665453485059
Number of Steps: 5
12013.171869672198,0.16755980179343982,0.1264387747825479,0.04105179584326666,0.014867000451208128,3.3827947380942716,-13814.86577989923,-3404.2150201353593,131.52367217590066
11998.027009879446,0.17011221306222954,0.11800668202892485,0.04104723966538502,0.0148281143697719,5.197571893209698,5478.225611807793,-10377.715122471156,-1016.3525277714671
11935.24029780232,0.15818462223500065,0.11318871981765809,0.04107086985773367,0.01475584371144384,8.392862214945415,-5786.244006808803,9661.627842073894,966.2249689088412
12105.924261172833,0.1653688405753766,0.12688130643767787,0.041092417540003784,0.014737053535150327,10.267661633544392,-9696.808305977898,-10846.075569586452,-606.7344605330866
12185.50347448044,0.15091548767880625,0.12926443404929824,0.041114199527099105,0.014683840328288221,12.402489731240147,10232.512072979625,-1675.1020401919213,-439.082994816764
