Episode: 10439
Fuel: 3.4826352617916427/12.728841751956818
fuel consumed: 9.246206490165175Distance: 0.14573833809508488
Total Reward: -1.6358681324337074
Number of Steps: 6
11886.282448535323,0.1619825048025968,0.12004125844671543,0.04105228570067603,0.014866347049806944,3.4010497771863815,-13560.904082486282,-3604.4466495137,107.4655268671832
11999.330990979819,0.1509312900394886,0.13037676845434606,0.04104771271816894,0.01482793355464945,5.202940856173671,5661.977777197052,-10587.22027308487,-1039.0523816630264
11940.652474824381,0.13901862434482834,0.12545739316768442,0.041069651161227086,0.014757931509663041,8.349516810466831,-5232.463866051544,9667.357419424765,950.3205781519937
12110.096387456286,0.1467444513865739,0.1387733676688172,0.04109225695930268,0.01473690330993363,10.293376767878836,-9396.352028329135,-11069.024038074047,-633.9642748614697
12127.61131143358,0.16046409546603976,0.12818262475149061,0.0411168877266346,0.014682822111329048,12.506946524885892,10055.586767892373,-584.4046322566943,-344.0023143906854
12187.397072244952,0.16027613685986666,0.14559030445351714,0.041132856982659574,0.014613975367307096,15.51391452544909,-13080.320508407443,2547.875459237962,593.0437903616479
