Episode: 10683
Fuel: 6.229046070531979/7.894110259466935
fuel consumed: 1.6650641889349558Distance: 0.09531004770626485
Total Reward: -1.263829559102828
Number of Steps: 5
11881.54991053619,0.15873950929088046,0.1227514602762983,0.04105244799620528,0.014866165550548054,3.412643152342609,-13492.760133395985,-3753.7042919999767,93.15128616256375
11908.743252795328,0.15587032131457554,0.13479344444363953,0.041048235362307436,0.01482636660884905,5.224834159465119,5815.235397396316,-10321.834752050314,-1021.7700743317756
12033.103731557787,0.16377181192394052,0.13103041622227543,0.04107240245851878,0.014752553497826152,8.451045367351414,-6349.879829491986,9321.827985731092,954.9123321411915
12100.36487618411,0.17421534494802482,0.13762443706122793,0.041092662110449214,0.014735413721237942,10.287238548719914,-9578.091068039055,-11144.006568754081,-634.8093049167694
12177.789153305674,0.15978807880530232,0.1397120602496844,0.041115364594089994,0.014682132684564716,12.41892004845419,10106.089106696973,-1484.7039790015992,-419.6460345782537
