Episode: 9979
Fuel: 0.038677631041991845/11.490010253058808
fuel consumed: 11.451332622016816Distance: 0.16467682972950742
Total Reward: -1.406023100016395
Number of Steps: 6
12013.171869672198,0.16755980179343982,0.1264387747825479,0.04105179584326666,0.014867000451208128,3.3827947380942716,-13814.86577989923,-3404.2150201353593,131.52367217590066
12130.14329464151,0.15660183877344835,0.13705198069787403,0.04104589193853481,0.014832618282649458,5.112552849165562,4820.270524184804,-11389.3471959497,-1080.0234922217737
12069.977486663047,0.14424037214103552,0.1331909297153914,0.041066679587355125,0.014765091322684543,8.227837572586417,-3942.0963028168894,10045.292690325032,943.2608779429576
12128.311470138111,0.1559363407236491,0.1372504045004127,0.04109243236115706,0.014740329482302894,10.198196340265001,-10485.041694911335,-10207.33633420493,-530.7942396929393
12130.063286122548,0.14763982931824804,0.14662964270766915,0.041108841175750366,0.014687635579539815,12.205137853731152,9984.718183446417,-3750.898685635283,-602.8428162821103
12186.516333854126,0.15026540257397172,0.13289487785000054,0.041126160848070296,0.01462050850263775,15.272187300620732,-11515.246171837438,5335.183602530375,777.0290810481895
