Episode: 7773
Fuel: -0.7577542315144683/6.168058247756834
fuel consumed: 6.925812479271302Distance: 0.1570850136413932
Total Reward: -1.1011711166940408
Number of Steps: 5
12003.958072258149,0.1610507865648467,0.1318788067954488,0.041052125025140336,0.014866642636293441,3.405597377841855,-13682.874372363389,-3703.3173125033713,102.97501708168298
11948.711904738042,0.16652260275279343,0.1456906937002444,0.041046701558015646,0.014829649609591286,5.153658509095505,5150.9296122171745,-10895.182786805619,-1049.1940477552162
12097.278234493304,0.17794689585575188,0.14322795918300404,0.04107188466759052,0.014752919619539612,8.430951729406672,-6100.094457397936,9355.065088184885,950.2585284326212
12094.872834392489,0.17783881333021526,0.14265664891195076,0.041092943707408444,0.01473517709354869,10.270267546681955,-9820.157090596142,-11041.697230758755,-619.2483137017998
12173.011081741482,0.1634481611364948,0.1449812185784702,0.041114571526678086,0.014681748727891608,12.370052257995267,10036.542198927926,-1978.563266076442,-458.2770015996359
