Episode: 2771
Fuel: 148.3962099739399
Distance: 0.0626730783197544
Total Reward: -2.923399956829261
Number of Steps: 9
12044.718978899364,0.15972462839430676,0.13683464710644588,0.0410521178782322,0.014866689793714537,3.4105742656747093,-13705.589333677612,-3782.496778352721,97.13965972255419
12045.97395819132,0.16021751598177375,0.13664846126206165,0.04104701522161936,0.014829654786862437,5.170258864771991,5350.796142203857,-10846.46385789084,-1051.1330264861765
12047.007935462983,0.15952654682653336,0.13777329433386634,0.04107041096634197,0.01475639306804294,8.382375685269709,-5574.137192510828,9533.657120226702,949.4189474072623
12085.139468999943,0.15811004839926873,0.13999443783572327,0.041092410012517046,0.014736586603425706,10.290166626541206,-9474.297895051803,-11088.636713619213,-633.2868782176876
12089.24743616333,0.15878759611975046,0.14039573661008198,0.041116179072675736,0.014682528168302492,12.455528510283736,10040.25223209655,-1102.2145904759002,-386.20643196028635
12085.799157889434,0.15758489877538856,0.14080353944332752,0.04113287710488549,0.014613082249745156,15.49175249537427,-12860.414697938208,2801.675359989989,607.5000965873522
12178.45524486006,0.1498968564774375,0.14298875409140355,0.041128806485684156,0.014596039382343705,17.166678161396067,-1565.7185271040678,-13725.532056505404,-1085.3901843688539
12182.99778511224,0.1500153394714999,0.14412110104133077,0.04115184485126128,0.014545844217303587,19.93017044333753,4589.630746236745,8561.760387788272,572.2345012880002
12178.196608364264,0.14920268154529978,0.14364654648614789,0.04144627399375504,0.014987236764124917,22.356918855986144,-13450.124946799591,-5150.342546764235,-23.810853000530937
