Episode: 2358
Fuel: 144.53173751486543
Distance: 0.02457875061407794
Total Reward: -2.7998112929006154
Number of Steps: 5
11863.54640630186,0.1410313012833228,0.13755037448565657,0.04105325421560372,0.01486515392074688,3.4755336532068104,-13111.01629961932,-4549.412854989272,16.289198558527175
11864.957147991465,0.1415942893578461,0.137410457784504,0.041051136733954594,0.014821790904340939,5.33077048160252,6799.526723693156,-9537.087553585838,-986.4579824826701
12020.818310604593,0.14928647341977158,0.12873539427466127,0.04107417812500011,0.014750360944496893,8.512223782200548,-6980.184988558619,9005.73773090732,947.5317745542663
12160.816027858687,0.14330053933748568,0.13759463540906414,0.04109178457406828,0.014733878294795222,10.388784882170915,-8282.511430469987,-11886.11299591292,-734.1752189155419
12185.996385892468,0.1580158011283334,0.12838854415310755,0.04111936125427882,0.014681876257150723,12.675008489500863,9913.301577254477,1089.8400902718804,-201.84947498759638
