Episode: 1484
Fuel: 143.09500185299783
Distance: 0.026900181684168935
Total Reward: -5.470974328107059
Number of Steps: 7
11875.299387721025,0.15236407692598775,0.1282340367819677,0.03773116819659275,0.010920213108307571,3.435259230255026,-13360.703208167859,-4039.877263216412,-13.075298178301644
11987.067697208318,0.14239641087952798,0.1254320143303016,0.03772698057921586,0.010881824018637149,5.279968028519719,6389.299473497378,-10003.020711635096,-895.2021694272133
12157.55586464433,0.15903586416641965,0.128073121541505,0.03774262211068897,0.010817449027733258,8.446412147633081,-6384.691782930475,9467.254083941893,854.086736586965
12139.242320924348,0.15920632963753945,0.12630780033815106,0.03775748534872734,0.010801754735568993,10.308773944953801,-9215.08837887371,-11205.301620852651,-648.0893262850747
12147.31490200155,0.16150800280219613,0.1252957867872348,0.04182828148648689,0.015680389652039637,12.547713277191255,10034.774071638689,-173.54232206663664,-329.87454720095957
12143.586584437922,0.1603462036731008,0.12564237663278538,0.04184417572732541,0.015611953460516378,15.485076992838948,-13016.93387695027,2925.317380959631,652.5561538304199
12168.440666254284,0.16491617222745072,0.13553951109866333,0.04184078728898268,0.01559562926375715,17.139715185325095,-1926.4830297475175,-13600.19399487292,-1080.149901856357
