Episode: 2777
Fuel: 147.603515778193
Distance: 0.02277837025065717
Total Reward: -3.502403312524653
Number of Steps: 8
11873.421027558934,0.1522536279088936,0.12817176573554295,0.041052758907287844,0.014865799439047481,3.4357662372812228,-13354.753159156964,-4048.9550705866045,64.74002663832677
11970.90085706699,0.1436384925082371,0.12570486993545818,0.04104966469514715,0.014824472136294462,5.283307889338953,6399.02554437569,-9945.091105384088,-1008.1299885140653
11971.485765695765,0.14289664589088205,0.12675383650139616,0.041072236509236894,0.014753540944764098,8.449441137577125,-6299.1723621940555,9279.45496780409,949.9353756764026
11969.535550799552,0.14284160374666696,0.12612154552076216,0.04183328743864031,0.013637608613385728,10.387151089937017,-8101.198210466813,-11584.0154138902,-749.6843471416087
11974.910269803806,0.14434405979002243,0.12612659476743926,0.041860722065196525,0.013583876596987463,12.725519139982838,9795.219911862636,1578.1035308356434,-134.25303734585745
12177.954698808428,0.15699948314042977,0.12915469894688303,0.04187357489824656,0.013514928350355705,15.584622131102867,-13463.939663689665,1648.910995801214,502.99377678477816
12178.082518384568,0.157312939658978,0.1287936276646689,0.04186649729967025,0.013493878865699175,17.264081909348437,-212.28090456583323,-13387.777596042826,-1117.4318293662711
12181.926318851809,0.15724223380132277,0.13000400284284058,0.04191895130592284,0.015531925525899593,20.171916768894754,2476.244831196706,9685.471281002396,736.5598675067913
