Episode: 1517
Fuel: 148.79090288149484
Distance: 0.022189414760355755
Total Reward: -0.1251749484921658
Number of Steps: 5
12164.67109034484,0.16483056676482497,0.14275486558899234,0.04105168156807494,0.014867283966496144,3.3939927595810913,-13939.54689783326,-3600.3567968234747,119.11206322933477
12165.746712422473,0.16527981450711823,0.14255610495224563,0.04104546787610457,0.014833881145211957,5.089041227282302,4574.884743835167,-11562.439368179406,-1086.9684902204742
12167.3324147988,0.16467019960631588,0.14371469913912202,0.04106758364778487,0.014762786201790381,8.272176393774169,-4406.371302131886,9907.703128787436,945.6725092381074
12164.509652854598,0.16447379874866455,0.14311616929299115,0.04109253483716029,0.014739846030685339,10.200136217626282,-10584.376338347518,-10344.006916718665,-539.1262729644706
12168.14599444413,0.1651338423112962,0.1433687799977026,0.041110267916863626,0.014686352926525818,12.238595162459138,9872.359979434455,-3336.589443356098,-565.3915887549479
