Episode: 4154
Fuel: 147.31206807046112
Distance: 0.02746200271892121
Total Reward: -1.5459862116204472
Number of Steps: 6
12202.106491142891,0.16640343864179286,0.14457853662182749,0.041051547632219375,0.014867464803938813,3.388984803489709,-14010.69554960663,-3544.2626871622583,125.85201693800835
12177.693723622015,0.1694670576397325,0.1340673843383438,0.041045518612952796,0.014833496939900038,5.100550951762003,4658.173277710932,-11386.613525326526,-1074.980500535435
12178.984943364463,0.16886363648276798,0.13522388448305966,0.04106784956712313,0.014762688242442552,8.284791885653386,-4592.702152877393,9984.212807454534,957.4850947647651
12176.356643194431,0.16867653332004004,0.13463927676816537,0.04109236231943909,0.014740648734905111,10.188461424536374,-10688.870389227528,-10205.493227259474,-524.6137281488715
12180.116156216425,0.16935166069578292,0.1349036522077974,0.04111055970862476,0.014686617307296137,12.257343075144506,9863.583128132173,-3129.0433824733227,-548.0432379935575
12177.194634171929,0.1682139819220781,0.13549761151309733,0.04112817093862135,0.014618238215587828,15.341230043201332,-12144.468716814265,4638.5985349535,738.0217135677757
