Episode: 2771
5666581.978899363,0.21032279373488036,5.00002215122372,20.678924559260267,19.907441279119524,154.825145300711
5667836.95819132,0.2105764811004759,4.998032544007658,20.59663496046875,19.864007764436597,-104.22663078336998
5668870.935462983,0.21078472376812396,4.997709769495436,21.05205059692798,19.763108886274996,79.45958957583264
5707002.468999943,0.21118056262298177,4.999312586222139,21.793568547110727,19.728881746149884,-171.93933210607761
5711110.43616333,0.21195391843458952,4.999788960861314,21.83067927164262,19.65157288401128,-47.8330369115263
5707662.157889435,0.21132590243937935,4.998922993301463,22.22271904091578,19.55835844461274,125.83095776067849
5800318.2448600605,0.20715900023515593,4.997832021691904,24.109788621820886,19.539063613261064,-140.0706453276875
5804860.785112239,0.20802762759334328,4.9983991539986,24.385144353645664,19.466851710639475,18.06265531533217
5800059.608364264,0.20711294140566222,5.047103656002204,-335.9672374528952,19.880313295793176,157.04401752155684
