Episode: 2102
5495505.015852397,0.19903493078532528,4.82588620770492,21.385053986629433,18.703021790119486,156.76056695432348
5497041.469816135,0.1993627143218523,4.8240173640108805,21.29822863346216,18.650832109157886,-96.5626639181744
5600522.602631507,0.19947211417241648,4.823772334173658,19.32749833854007,18.5502291579723,89.18658117154432
5598675.029447401,0.19907341276535867,4.824953524367094,19.228845689161176,18.521901395528186,-163.02213033793922
5603488.620189859,0.19997508419936988,5.071598200639928,17.331850056076064,20.451067874609173,-26.036165247974722
5590138.044412235,0.19729784148954926,5.070539411533194,16.55829607221161,20.35925260978532,138.3331757084174
5681592.878078731,0.19153381480847134,5.068898915944427,18.273048441919958,20.332436531719125,-123.30309405167792
5684438.631062768,0.19214112725189314,5.068655076297686,18.67540559850922,20.24867076907327,47.68089926688118
5802857.261713007,0.19762631414637633,5.070317415578064,-339.57465391787656,20.18370378940332,170.32638397596602
