Episode: 2281
Fuel: 147.11238085037587/150.0
fuel consumed: 2.887619149624129Distance: 0.20540496946180925
Total Reward: -3.1493928833240665
Number of Steps: 7
12000.0332025128,0.15779632958833584,0.13459877234822074,0.041052283126371505,0.01486646245296042,3.4169685658067297,-13616.02031030058,-3851.2864497814085,88.80519542036042
12010.72989798769,0.157142671398823,0.1384995422170848,0.04104741957735937,0.014828720815105284,5.186570172971264,5512.588429569929,-10728.103878305272,-1046.204022092722
12092.102062442726,0.15737595527876316,0.13050887371273281,0.041069869283953876,0.014757993146921491,8.361879805730197,-5417.25014599191,9718.735491350912,960.0182595292307
12089.780185287309,0.1572434457491035,0.12990854801687382,0.041092198295115026,0.014737837341727724,10.273914456428123,-9594.107948653369,-10866.919115721492,-611.4636963125326
12093.811727920169,0.15793276044472787,0.1303118755368995,0.04111587962164855,0.01468342974345761,12.464134931114467,10071.530429540224,-1018.211833580633,-380.2233200678425
12074.983719574744,0.15633068223940574,0.1264814016306749,0.04113145913008842,0.01461541589071652,15.453394642296368,-12724.88191834883,3287.1697521934375,643.597374569246
12170.16260484533,0.14852585016757874,0.12898083483566267,0.04112807206172347,0.014598332243627802,17.158204753789274,-1662.9403639997665,-13554.474173831331,-1068.4214163619617
