Episode: 2102
Fuel: 146.80072731327937/150.0
fuel consumed: 3.199272686720633Distance: 0.14424067156575673
Total Reward: -4.680398344148388
Number of Steps: 9
11873.642015852398,0.15227275603014243,0.12817141430016274,0.039913513049288155,0.013512325075026563,3.4356569437392164,-13355.970483011815,-4046.452735785193,37.9916021750813
11875.178469816135,0.1528345699687637,0.1280120544489448,0.03991032490691944,0.013470738190712596,5.295091530348646,6408.503647052462,-9705.550587885169,-949.0417842967607
11978.659602631507,0.15744789074942336,0.12247157233811924,0.03993188521430089,0.013399959334970266,8.500875855207546,-6900.575070260387,9115.724059939643,914.5735022622915
11976.812029447401,0.15740368271556032,0.12187823570115477,0.039948296695266346,0.013383495134998775,10.379972518062276,-8213.3802677005,-11570.91106183619,-705.8818357682742
11981.625620189858,0.15804784977426947,0.12251902498091888,0.041495597373757534,0.015474188741796251,12.771390125089948,9544.276864491349,1990.4806667044697,-130.44335769700464
11968.275044412234,0.15773976689859215,0.11850993289683867,0.04151166168304023,0.01540445225478754,15.625072771477036,-13436.626219855936,1095.9711523300684,505.9508258051411
12059.729878078731,0.14967615748155094,0.11950836831219754,0.04150541652764783,0.01538003782391146,17.371303774559944,1182.714833946802,-12881.100870375813,-1107.821806198227
12062.575631062768,0.14948180090509322,0.12072035445523789,0.041525857290985624,0.015318603073213734,20.361097894969614,621.920454209522,10233.944189042924,832.5236675127808
12180.994261713007,0.15003167406007722,0.12863380901541036,0.04155684266187604,0.015276522632278616,22.531073751300198,-12473.046397366896,-7463.290071542244,-239.68185003299277
