Episode: 2023
Fuel: 141.65206637201595
Distance: 0.1730572385644396
Total Reward: -1.6782795888403337
Number of Steps: 7
12399.529495746037,0.17454066079098768,0.15401304982843178,0.04105085943175778,0.014868384832234804,3.3637979006877394,-14372.078462455838,-3254.2991093804426,160.50159112403963
12354.335085603374,0.1787274190063317,0.13707126346928086,0.041043822102443145,0.014838959853937222,4.997646633561056,3575.5286143142835,-12203.149566173177,-1109.956284596376
12168.988575602147,0.17193263017537888,0.15305014075879647,0.041065928873779585,0.014766749328242231,8.195524739825725,-3538.5906777482846,9955.00791589806,923.8897750091811
12175.923733624093,0.17342882945531063,0.15307145043981088,0.04109296310133715,0.014740745957154187,10.146497384443448,-11261.483537084914,-9885.370965955519,-481.3504488813107
12179.327287886936,0.17406200437157898,0.15323972934279395,0.041106402650911686,0.01468832205790117,12.094657673641288,9447.996256380255,-4797.008473518219,-673.2087351928183
12209.88140336314,0.1755601141715169,0.15915496870593285,0.04112808278501436,0.014616131211504183,15.310210463866108,-11796.853527005773,4930.1069050281685,751.8127243016181
12177.837562871042,0.1646676551241727,0.1455338574734496,0.04112913468596061,0.014603579977215198,16.97367203001684,-4303.244153823525,-13577.689447753573,-993.0833907427506
