Episode: 3489
Fuel: 146.46378138389798
Distance: 0.1584721634593552
Total Reward: -0.8526987001014715
Number of Steps: 5
12051.634573771553,0.16936308665431318,0.12821801278451866,0.04105164325940907,0.014867200088964675,3.3769775013411127,-13892.174853889952,-3337.9836842859763,139.2815640349654
12115.362170799608,0.16382429228167927,0.1269038577636238,0.04104605095115497,0.01483171729674123,5.132196030074656,4954.354148382162,-11091.64554606461,-1059.5177817810993
12189.199850971925,0.16626941107071871,0.12280170502936391,0.041067868821140795,0.014763081918761413,8.285121252222309,-4665.0497847284105,10132.667510361087,971.8460432090408
12186.821075627735,0.16608841949976771,0.1222234162309221,0.0410920393974244,0.014741451825392559,10.18312040002689,-10658.151935947739,-10068.173608330606,-514.1902843581245
12185.93098377415,0.1611712680399169,0.1283865213253098,0.041109969175745956,0.014687641372760987,12.260131913540562,9970.342825625368,-3132.3650735150936,-551.475480724204
